200 20
7 69 2 54 38 4 7 7 1 5 35 26 20 30 39 22 10 39 10 27
72 42 77 64 16 46 60 200 20 34 175 132 59 107 25 23 100 2 41 32
75 33 8 7 11 7 20 45 53 5 22 75 55 29 5 23 10 36 10 112
12 20 49 11 1 61 4 37 74 112 73 46 64 17 22 43 217 43 21 43
95 27 29 30 52 16 144 15 99 43 15 150 45 53 156 1 26 5 26 44
15 12 48 115 5 33 4 65 100 116 14 14 6 162 31 34 64 9 41 26
45 4 46 52 26 74 23 15 199 25 12 3 111 26 86 16 92 1 11 63
54 70 156 72 9 11 16 51 38 172 75 121 54 23 15 50 46 43 11 31
88 56 1 11 153 28 75 158 58 112 52 29 62 22 14 22 128 23 12 6
405 3 5 7 94 174 39 57 25 47 54 25 127 71 28 10 159 114 140 32
6 191 9 6 27 45 42 19 79 2 29 65 13 87 71 52 14 11 226 3
68 3 26 152 36 98 33 16 9 4 48 81 81 41 82 35 31 26 19 32
13 71 31 19 140 12 114 165 92 79 1 69 51 20 19 33 21 1 92 63
7 18 19 66 1 10 49 7 82 41 127 56 10 44 30 18 11 3 38 119
14 187 23 98 62 58 29 73 39 111 9 22 64 55 101 32 123 43 17 8
83 42 57 112 39 31 127 20 17 7 18 70 106 25 33 32 109 21 221 4
91 10 10 4 30 14 35 13 23 74 3 39 88 140 71 78 25 2 159 3
23 12 43 2 38 11 12 3 39 2 36 88 45 5 4 8 8 48 19 69
2 17 109 212 29 79 67 63 306 53 16 169 2 98 41 10 21 4 9 90
27 16 57 67 22 20 16 27 69 79 27 48 13 19 24 65 4 5 13 64
38 6 45 31 91 47 8 17 254 34 61 186 198 20 14 46 23 3 27 20
11 12 6 32 39 23 83 26 68 6 34 12 17 48 44 9 4 51 285 8
13 36 24 29 60 13 65 82 173 11 102 45 13 57 89 22 9 3 2 60
13 49 187 69 29 29 5 19 3 112 34 2 127 124 118 34 140 92 65 12
6 60 25 51 1 64 39 9 182 88 52 114 93 42 58 29 8 118 18 70
39 11 10 38 16 62 100 39 24 7 127 75 168 37 44 173 26 44 15 49
31 2 12 21 3 58 51 39 53 133 6 3 39 16 2 27 132 5 55 9
20 33 19 153 171 30 93 16 19 110 39 177 52 85 28 19 10 51 298 86
37 10 115 67 113 94 23 198 84 25 54 43 5 208 9 20 18 71 43 4
104 11 31 28 86 8 26 14 93 102 3 55 2 10 23 120 3 12 25 110
63 8 50 5 83 12 25 67 22 115 101 41 21 3 15 12 24 128 126 27
61 3 33 59 16 36 3 53 50 22 67 79 20 75 6 74 1 30 38 22
176 54 42 9 3 56 16 58 13 105 13 12 5 146 27 85 13 10 92 4
28 146 92 2 36 21 16 26 12 52 28 2 61 88 8 42 8 12 81 111
70 4 8 90 31 77 45 50 16 72 25 164 5 94 91 10 98 16 54 12
46 39 112 228 78 2 13 113 18 16 21 84 3 47 13 49 5 9 4 164
10 17 42 9 14 25 40 106 21 6 125 14 61 15 43 50 2 109 29 108
38 26 10 209 167 12 67 45 93 66 13 59 26 41 1 107 87 2 49 42
34 12 86 38 29 37 199 72 84 4 5 27 60 13 47 53 56 83 45 8
97 25 318 30 62 44 261 93 35 89 42 1 7 109 23 124 6 109 11 52
14 11 29 42 8 65 11 17 54 48 74 71 7 13 42 98 30 20 13 85
43 39 3 180 198 2 22 108 25 21 8 14 1 130 150 89 183 15 9 8
258 10 38 5 32 92 68 31 128 207 35 36 104 164 36 105 127 2 28 62
6 159 70 243 22 1 130 13 3 69 10 16 34 27 24 186 2 128 51 164
51 4 2 155 33 44 100 28 59 25 18 57 45 109 6 12 23 92 24 38
92 62 86 2 32 69 100 183 80 3 12 51 57 69 2 3 26 34 1 24
210 31 1 34 21 152 18 4 24 11 69 30 19 11 123 8 12 26 10 64
52 4 121 49 89 11 100 15 55 57 10 140 83 57 32 22 49 15 5 29
17 15 128 18 73 178 8 2 15 6 1 18 22 15 185 87 92 24 16 6
42 2 43 82 10 111 19 102 170 63 298 33 49 165 16 34 96 54 17 10
46 7 11 65 108 67 24 37 28 32 35 95 57 32 9 77 7 58 117 11
5 77 62 15 70 2 24 47 14 39 46 2 22 112 114 12 86 75 71 32
8 21 127 172 28 11 21 58 29 56 18 157 22 20 47 126 10 20 130 72
17 152 71 19 52 34 139 10 32 22 20 15 43 33 35 14 7 40 85 73
13 15 32 36 20 26 19 6 46 36 67 406 33 90 80 55 27 19 13 1
175 30 7 3 20 13 9 8 46 26 45 50 59 56 20 37 20 2 87 36
39 9 3 99 37 3 105 16 51 6 73 48 72 78 30 35 69 5 47 90
26 99 10 27 31 118 21 73 25 87 37 46 4 12 34 67 2 12 44 92
248 10 118 51 9 38 23 1 19 75 29 54 72 13 83 131 9 72 66 14
127 33 11 11 13 11 44 77 75 4 1 72 29 38 136 69 17 77 12 1
105 75 16 12 126 2 136 35 137 12 44 2 152 9 109 125 63 7 32 124
152 136 2 54 47 15 84 58 40 143 82 107 80 59 2 23 67 18 120 6
33 50 9 27 24 5 94 131 17 4 110 1 30 27 168 4 40 35 261 31
31 42 15 242 24 34 27 6 104 4 60 5 38 3 34 6 2 145 4 57
104 50 286 37 49 5 44 14 40 86 44 27 36 10 75 43 114 53 9 64
11 19 2 12 25 44 153 11 34 77 17 23 58 35 9 1 55 147 43 65
2 53 10 48 41 53 16 20 143 57 21 9 99 109 42 30 124 51 2 8
64 87 11 15 24 17 41 113 17 58 19 25 152 22 57 16 282 26 25 73
38 15 79 49 14 46 6 3 28 34 78 10 24 20 43 22 11 71 82 3
10 17 15 19 52 53 56 13 73 10 1 41 45 65 220 52 43 29 14 27
47 32 19 25 4 63 109 3 41 50 19 3 77 5 142 4 49 183 97 14
33 35 29 59 70 160 28 114 13 64 14 68 105 73 14 7 36 51 3 35
18 10 16 164 21 15 75 1 20 5 6 97 108 85 34 94 80 3 59 115
3 26 136 1 21 15 59 68 3 69 55 20 52 94 3 47 18 101 79 2
4 98 3 29 251 75 5 163 116 46 8 2 1 4 79 25 71 54 29 38
3 86 84 24 45 15 33 18 19 1 44 78 29 9 52 124 33 69 56 30
15 18 9 146 21 130 25 33 10 29 1 32 133 44 9 28 34 32 88 83
286 34 12 163 19 4 11 101 30 13 143 67 6 14 105 52 36 54 112 21
134 1 60 7 21 20 31 51 90 11 99 84 6 25 101 53 43 37 3 13
64 14 80 5 106 14 32 141 58 125 35 121 2 8 59 44 35 46 38 52
45 158 44 6 52 11 11 3 23 76 50 143 13 30 30 31 46 19 15 7
91 14 25 32 66 15 50 205 6 11 6 35 25 52 11 28 113 14 35 52
35 46 11 165 12 27 110 125 28 42 74 80 17 132 127 95 4 4 59 126
12 45 115 4 5 7 17 150 28 23 2 2 82 5 98 29 10 18 17 45
8 33 2 70 31 40 4 48 53 36 1 11 9 57 272 61 110 62 46 43
32 32 2 102 102 57 17 76 6 125 34 92 35 23 10 7 1 50 14 101
4 14 161 27 103 65 31 10 53 15 27 58 3 100 28 8 155 11 37 4
51 123 71 25 2 14 7 105 24 54 77 7 38 4 11 46 7 23 163 42
124 34 36 57 73 4 72 38 73 10 190 92 50 111 33 15 33 39 29 98
76 1 28 56 13 19 15 72 5 119 26 64 10 43 11 21 19 66 49 24
57 35 42 171 72 17 39 35 45 51 98 378 17 6 58 30 28 69 26 13
20 44 38 8 69 2 64 29 3 44 89 18 10 54 21 22 47 49 18 10
24 73 12 13 176 9 9 137 3 53 116 1 17 143 114 19 12 1 2 126
5 76 81 98 134 71 110 19 26 149 9 89 62 49 28 54 24 11 4 35
3 12 35 17 14 49 67 14 11 161 66 17 5 90 18 56 18 6 110 10
57 8 34 44 40 7 43 51 32 68 6 7 18 78 52 23 18 37 9 7
101 26 202 50 28 29 26 1 49 66 128 2 30 1 55 32 51 76 173 3
53 25 121 57 29 128 53 40 6 124 65 2 250 73 13 13 12 26 91 66
35 55 60 29 35 26 141 10 88 95 9 4 103 37 123 60 59 32 113 9
31 37 17 20 168 47 21 13 7 47 33 8 23 3 56 29 87 47 35 65
1 121 116 79 23 7 40 60 53 46 12 30 26 84 44 71 50 19 33 108
31 9 42 48 11 85 123 76 15 91 18 30 114 10 112 40 137 155 54 77
39 84 14 66 101 14 90 71 100 46 43 30 30 39 2 75 53 3 32 116
88 52 106 18 119 35 57 72 80 202 17 1 53 79 98 10 55 13 27 35
26 7 38 11 150 12 25 26 69 13 203 13 56 7 17 100 1 41 67 42
27 67 28 44 125 15 114 50 20 75 35 47 10 4 29 35 17 56 6 137
57 22 7 74 47 20 29 3 106 60 7 58 20 14 57 22 8 43 21 13
202 60 34 56 30 214 2 6 18 233 178 91 13 53 45 7 7 191 11 76
47 5 81 21 95 86 18 32 11 80 27 235 80 133 25 82 105 25 32 65
2 58 4 35 67 68 47 3 58 18 69 33 29 63 95 50 216 3 30 4
32 9 48 115 29 68 99 106 76 10 4 60 17 37 6 78 18 18 25 59
7 44 16 37 1 1 98 65 16 28 29 17 45 280 217 41 48 49 24 123
6 32 11 30 19 14 27 7 218 22 42 38 150 6 109 81 49 66 86 4
14 120 60 41 34 30 10 43 13 30 88 6 45 121 34 22 58 42 2 27
100 6 12 19 61 58 41 1 50 25 44 9 117 82 68 57 4 85 88 37
69 27 128 54 33 48 121 7 35 140 53 45 6 54 31 3 27 29 130 36
106 47 51 85 202 20 82 102 77 59 3 57 78 41 8 60 17 40 25 50
64 71 72 31 15 98 86 19 17 40 61 6 17 113 12 2 54 2 6 39
11 19 2 3 22 35 5 51 20 75 26 19 16 69 38 98 64 66 83 109
48 12 62 17 6 58 324 35 9 41 6 20 7 23 43 31 9 37 56 73
128 130 68 154 116 46 49 19 29 38 66 110 132 67 6 9 38 74 13 9
307 149 8 47 6 10 95 67 3 69 167 23 20 81 16 36 48 46 104 17
63 81 131 118 27 64 13 67 30 64 24 48 24 57 45 3 58 21 14 69
12 22 10 29 3 12 21 17 20 36 62 10 13 15 31 10 4 36 10 13
76 1 38 35 14 51 12 19 98 79 21 3 4 54 92 98 67 5 80 71
12 22 33 23 81 54 8 1 100 4 7 75 105 7 39 118 78 163 41 131
1 69 85 57 26 17 6 7 23 111 220 65 7 5 22 115 59 9 39 19
141 9 10 63 41 26 112 15 25 57 1 8 25 126 34 89 142 92 46 10
49 22 7 15 175 35 61 35 21 45 60 235 11 75 92 86 39 3 28 38
1 6 57 73 100 108 3 15 19 9 229 39 61 22 22 176 3 77 61 103
22 34 36 14 1 112 141 102 56 24 21 95 7 50 74 2 63 11 56 35
3 50 8 14 30 11 23 175 70 47 145 22 20 3 70 65 8 92 62 19
22 56 36 34 17 111 12 81 115 15 70 2 29 35 43 13 87 40 175 11
67 26 131 140 41 53 10 2 129 34 89 17 177 22 37 46 127 16 4 10
57 43 120 26 8 23 3 39 9 120 17 3 32 51 47 9 3 33 21 6
20 9 119 35 26 35 21 5 1 16 22 3 36 12 31 30 94 15 180 65
5 37 8 52 101 12 244 14 18 44 69 93 2 239 106 44 86 18 185 22
39 26 3 45 9 43 69 19 6 12 63 5 10 30 43 52 2 63 57 57
12 241 6 57 66 14 72 49 16 33 103 1 25 12 145 125 93 16 105 101
155 58 34 4 71 213 16 64 4 49 31 51 121 17 10 91 6 15 23 55
37 42 62 15 65 55 30 18 70 38 103 236 53 49 10 5 3 36 44 6
19 139 1 78 18 15 39 58 30 185 104 144 75 4 29 49 41 17 112 10
2 34 167 8 7 7 4 68 20 13 54 34 4 116 9 184 8 6 49 104
41 120 7 23 83 11 9 12 50 18 10 99 122 1 41 3 7 60 17 41
62 17 56 25 276 16 123 4 25 151 113 2 10 110 7 18 50 41 54 4
76 266 19 45 6 127 17 16 18 39 30 161 40 151 27 148 54 12 42 51
49 58 19 4 31 209 39 20 11 1 35 47 41 15 73 42 9 47 83 23
2 69 34 33 55 29 12 9 12 25 17 40 16 31 15 134 65 11 18 16
114 81 29 3 64 43 3 1 43 50 25 54 12 49 94 20 2 46 64 17
37 69 70 12 47 66 6 114 74 17 45 94 36 10 116 54 41 27 13 35
36 4 7 5 9 65 66 170 4 3 24 44 3 40 42 73 82 95 73 57
13 3 73 24 23 13 4 15 16 199 9 71 9 26 2 1 2 90 19 60
5 1 20 41 1 90 89 18 3 11 34 40 55 113 18 17 66 29 34 112
26 102 31 26 66 135 24 10 22 93 43 50 65 31 125 36 40 4 12 36
15 58 15 20 61 5 74 36 17 21 49 69 1 120 56 59 78 1 53 16
107 32 2 29 145 138 39 68 12 51 99 3 3 165 45 25 12 32 9 50
177 2 3 220 64 8 3 5 47 46 8 229 19 71 20 201 59 45 9 89
124 32 2 22 96 109 27 104 56 37 15 104 14 17 7 46 33 16 5 113
6 22 69 222 7 44 8 1 6 94 27 1 16 40 154 18 92 127 39 35
23 10 112 83 39 49 19 45 47 9 5 83 75 70 22 51 34 15 80 18
23 3 61 60 40 22 90 65 58 1 71 124 56 13 64 1 9 98 146 12
7 9 24 15 24 69 84 32 155 72 4 1 41 12 4 67 27 1 8 32
88 6 121 40 32 3 292 16 36 9 22 55 1 3 117 120 20 87 27 40
56 78 119 99 9 11 58 79 119 28 53 17 25 52 8 55 83 22 5 44
48 44 218 221 15 29 16 90 43 17 14 17 9 6 63 90 5 8 85 59
91 30 21 9 52 65 301 32 54 22 6 108 1 24 34 28 70 9 6 4
47 26 22 57 145 51 89 3 3 36 8 12 103 20 19 35 43 39 28 8
15 42 12 21 3 1 45 34 96 5 29 77 160 57 40 134 112 11 26 32
7 2 5 102 49 35 46 4 57 52 13 73 13 15 30 30 34 65 82 10
55 12 24 4 8 11 182 11 24 85 8 30 3 55 89 66 26 8 23 169
28 27 72 105 1 7 16 14 57 17 65 101 34 28 1 7 46 40 55 39
10 4 1 104 200 24 50 136 45 14 31 6 95 100 10 52 72 89 12 28
85 92 57 27 55 2 37 138 103 61 10 42 79 2 74 53 61 260 173 50
50 5 36 41 52 171 139 42 204 24 57 83 15 9 63 20 40 40 29 41
123 40 14 22 11 31 49 6 24 3 115 100 150 114 9 18 23 4 35 148
12 22 34 21 46 32 44 13 30 22 59 97 43 18 58 33 23 26 12 20
34 88 2 30 1 3 66 106 41 126 35 268 12 66 99 1 36 30 33 112
21 75 10 35 16 51 245 39 93 71 180 7 52 53 10 46 43 94 12 52
47 16 1 23 23 48 11 31 53 7 16 18 16 23 3 26 102 18 59 11
5 101 26 33 7 65 85 73 115 94 69 16 27 89 40 58 16 6 25 40
27 72 49 12 22 16 2 324 68 4 79 8 52 43 65 55 13 67 5 73
18 26 68 40 143 34 6 70 58 12 101 78 69 117 74 208 11 53 21 29
121 73 90 124 41 46 148 9 6 64 41 11 42 20 48 14 13 72 27 45
49 39 84 40 23 61 119 47 31 81 10 8 43 99 22 96 50 9 8 71
49 75 7 42 29 55 58 123 73 13 3 1 41 101 52 45 96 95 86 20
104 5 78 115 16 3 97 71 20 44 28 3 45 56 10 7 44 83 14 42
64 62 9 9 35 42 9 74 35 51 78 41 36 64 16 136 88 164 19 76
69 41 20 130 51 99 68 138 106 28 42 46 36 20 13 17 72 94 35 147
20 7 106 15 28 101 64 28 58 142 12 2 17 154 104 61 5 60 37 6
253 25 43 24 49 33 1 8 67 2 40 11 10 178 6 91 39 19 9 5
50 64 2 32 23 47 25 7 38 32 12 10 19 31 46 65 25 4 19 16
56 37 9 5 27 155 87 59 76 77 18 66 14 20 45 9 5 5 148 13
32 69 30 79 65 1 2 117 91 6 34 55 13 17 29 4 68 52 10 12
143 40 98 38 102 9 58 59 5 66 105 15 16 8 23 65 114 56 34 168
56 281 27 79 21 43 123 54 148 34 30 44 47 17 12 7 91 159 111 22
13 27 15 32 58 74 106 82 133 61 21 5 71 89 27 45 15 18 46 3
42 16 105 46 16 153 11 9 15 57 85 23 31 116 41 96 109 20 178 88
49 18 25 40 22 5 66 39 65 5 30 33 74 5 13 47 97 20 1 13
5 51 116 35 35 82 12 15 13 141 37 5 20 90 82 71 68 170 64 11
170 13 97 5 90 41 88 52 37 81 6 256 6 78 43 16 162 11 84 23
