50 10
63 54 38 76 37 83 69 18 1 33
18 52 36 43 14 53 63 9 37 32
2 11 20 30 45 26 3 18 98 14
58 62 17 22 25 7 94 101 26 83
271 5 20 64 135 195 7 19 29 98
8 113 35 44 70 98 54 90 308 69
18 135 127 86 88 10 94 36 10 33
49 120 46 49 134 132 83 67 89 37
62 38 11 102 12 22 50 75 3 57
6 34 24 36 6 7 21 36 9 8
17 86 58 11 124 36 9 11 150 28
27 71 70 18 19 46 112 71 59 69
88 35 8 49 46 25 39 75 34 74
40 66 16 18 20 13 14 6 38 16
117 94 108 14 37 148 3 18 39 20
28 17 29 120 4 113 21 54 10 152
11 38 6 21 69 3 55 58 2 76
58 117 30 31 99 296 26 72 2 126
127 67 49 25 36 4 22 15 84 1
39 48 117 5 32 43 36 32 38 206
65 2 51 3 13 56 41 62 7 3
66 12 12 25 47 34 129 55 3 72
78 10 33 29 146 90 19 130 23 225
2 32 16 37 92 74 78 42 60 30
25 3 18 7 27 55 10 32 19 30
3 4 88 6 27 43 18 41 10 9
11 17 143 117 47 30 121 24 103 91
6 6 85 7 20 6 73 38 10 68
19 20 25 48 12 38 50 155 9 21
39 76 5 14 35 23 44 40 3 39
19 138 79 9 133 1 43 55 3 2
17 47 84 52 36 28 77 218 20 138
27 19 9 67 20 4 54 11 25 3
6 14 25 34 38 38 110 100 9 72
7 21 3 306 5 5 25 59 19 2
23 7 69 16 32 65 9 92 77 59
32 24 28 22 29 18 45 14 48 22
62 39 3 67 95 195 12 146 88 22
1 61 13 137 16 115 23 31 65 12
45 13 14 71 25 90 1 28 24 80
1 56 66 15 11 59 35 44 97 36
1 55 55 13 6 1 147 21 16 48
61 3 23 163 26 8 50 20 42 67
53 38 49 51 43 75 180 29 4 4
117 100 5 3 17 37 54 213 34 46
22 46 4 68 16 46 58 11 25 39
51 22 14 35 162 73 11 1 16 19
127 55 33 14 182 61 309 83 5 35
166 70 6 5 54 35 6 216 33 22
39 28 54 71 118 88 32 33 25 12
