50 10
58 2 78 18 8 35 2 100 29 44
14 44 62 62 1 41 44 111 61 26
161 47 6 10 85 49 50 37 47 31
77 6 90 24 20 125 12 2 59 52
30 20 48 154 127 2 6 44 140 8
12 6 33 7 28 28 2 50 67 18
32 207 4 3 46 74 55 133 88 9
1 32 51 45 176 8 113 37 6 22
3 117 7 43 23 90 6 113 19 17
57 9 35 79 12 43 12 90 28 1
125 2 42 8 29 28 19 8 74 36
41 19 40 23 34 22 116 106 9 96
67 16 22 46 134 26 10 6 4 29
29 39 4 23 22 3 12 17 147 6
57 62 41 7 198 71 35 61 34 21
156 105 16 55 139 8 18 17 13 54
74 27 39 37 5 13 63 21 40 36
66 48 178 10 21 62 100 39 71 15
20 22 76 2 123 215 41 73 50 56
34 8 26 27 24 33 49 7 41 4
67 28 51 3 260 5 48 24 34 53
20 19 38 101 46 44 4 36 59 58
12 54 39 98 75 82 24 6 16 7
29 42 33 7 18 23 37 2 85 42
65 83 159 1 48 40 55 51 14 42
45 10 79 26 110 29 7 32 105 10
67 59 1 225 28 116 79 2 25 77
29 115 78 78 85 33 46 194 33 14
106 88 15 9 59 17 66 9 188 15
19 6 251 29 12 73 11 33 7 39
49 57 5 11 19 5 60 30 36 54
47 69 32 28 2 56 27 53 6 175
14 43 27 133 32 37 51 69 20 25
29 78 175 89 53 14 20 40 53 60
51 53 81 11 9 1 18 7 39 45
86 27 5 22 16 94 152 43 142 63
7 25 62 45 20 21 1 85 57 52
24 7 4 32 12 59 25 20 45 12
46 51 1 59 8 13 10 14 46 2
38 221 125 75 61 28 3 7 18 20
4 81 41 10 67 29 26 65 55 10
23 39 8 148 27 80 68 16 152 60
27 10 13 59 10 56 70 18 86 25
62 90 20 32 122 25 45 102 80 30
9 18 48 36 123 1 29 29 14 35
154 104 79 28 13 103 126 4 30 16
20 76 22 3 178 29 50 49 4 59
44 35 218 51 31 16 110 54 128 18
14 19 25 42 11 40 68 127 67 45
66 42 19 22 91 29 65 3 93 29
