100 20
173 12 96 99 140 114 6 12 24 12 16 105 57 29 20 18 81 30 77 2
174 128 114 8 56 31 2 21 44 44 18 6 50 74 50 11 27 24 2 90
109 49 34 19 24 22 189 71 122 17 6 24 180 5 19 115 5 106 5 7
34 24 51 114 18 18 20 5 62 41 87 8 20 98 29 137 55 19 68 1
30 42 1 170 98 8 140 1 54 14 117 52 38 28 46 20 13 6 19 16
3 10 39 43 46 18 22 30 216 8 119 20 30 3 37 46 42 25 30 30
13 1 2 224 189 57 90 13 10 48 99 33 28 28 18 37 63 32 14 13
10 13 54 11 67 83 96 15 35 38 36 44 162 9 22 20 39 17 129 20
15 59 60 78 133 32 49 4 13 169 25 44 110 31 37 83 54 77 30 35
15 35 9 68 27 10 1 160 25 24 48 41 3 19 36 251 2 12 98 8
116 46 38 143 46 98 94 6 6 3 5 85 23 90 71 12 15 12 20 9
13 10 52 215 44 138 6 37 2 40 155 7 55 48 29 38 87 75 191 29
17 108 11 164 3 7 27 12 14 116 49 3 118 55 34 67 57 4 3 268
28 26 5 7 23 48 12 43 4 19 104 53 27 49 8 108 7 3 2 34
24 24 14 12 2 39 24 25 61 145 8 95 16 20 6 95 63 44 49 40
58 27 4 1 97 10 19 65 25 3 57 73 52 2 35 90 4 12 24 33
2 16 27 75 23 37 24 14 8 68 30 7 12 99 98 66 8 27 17 1
34 80 12 2 24 70 4 94 22 71 1 15 83 83 6 458 86 102 164 71
60 82 74 20 27 15 51 103 53 108 8 77 19 154 63 111 69 41 32 116
6 28 144 50 115 10 24 23 4 225 16 107 291 143 12 86 1 64 9 15
70 93 26 12 13 3 19 180 315 60 23 40 12 251 27 65 5 20 35 9
1 63 12 167 61 11 62 6 33 60 13 13 3 36 79 179 35 143 4 4
68 111 8 96 46 45 1 57 16 46 58 35 13 13 13 5 9 108 93 19
43 24 1 24 6 61 69 8 102 11 38 24 117 9 23 45 156 19 19 52
13 51 11 14 68 50 16 56 19 21 9 24 47 28 16 50 4 26 68 23
10 67 23 59 16 1 93 68 10 2 29 53 12 72 41 36 33 62 137 10
58 13 68 34 2 35 12 2 57 148 29 17 24 173 321 21 58 49 110 3
69 62 220 207 1 24 12 74 39 47 13 39 7 16 65 35 33 22 300 38
54 5 64 100 99 45 52 52 3 36 118 35 15 38 12 31 9 1 8 86
85 16 80 15 3 67 9 23 45 29 85 50 31 30 33 9 78 15 32 76
4 62 18 163 36 2 86 9 42 33 20 57 26 18 22 3 30 40 62 22
125 302 25 7 11 10 59 118 14 129 107 77 45 18 24 14 26 30 171 18
7 68 7 2 3 1 85 74 8 83 15 33 15 1 43 83 104 51 105 15
60 130 8 115 20 78 50 3 73 1 2 20 36 11 23 22 13 25 32 150
49 8 41 62 62 30 34 20 8 42 20 44 16 4 131 8 28 188 54 5
5 58 34 99 27 13 1 62 22 30 23 27 2 37 6 22 13 4 24 31
35 61 8 18 20 102 24 69 30 127 33 69 56 22 16 38 28 4 14 107
50 11 28 20 15 6 241 91 36 49 13 9 2 21 16 2 6 79 214 91
31 12 8 6 108 72 95 73 11 57 96 32 17 1 15 42 68 55 10 71
58 19 24 46 27 62 84 49 35 38 150 22 8 33 92 26 46 29 12 9
26 37 7 11 10 3 42 15 3 90 45 49 78 55 126 35 146 30 37 50
43 54 21 3 8 38 10 58 27 102 67 46 47 43 3 115 13 41 35 18
4 41 57 44 124 55 59 63 98 41 8 1 69 35 39 16 149 54 96 59
29 11 20 79 3 12 66 28 33 26 23 57 7 237 17 16 15 49 16 78
175 27 8 45 7 87 23 60 124 6 48 38 4 3 18 18 4 115 214 68
65 3 110 89 62 33 55 299 140 57 79 21 72 5 9 26 14 198 6 26
10 6 11 50 25 90 118 68 124 9 27 48 101 97 12 124 1 14 73 8
5 87 22 2 64 94 6 49 8 23 25 71 41 17 118 11 102 15 18 40
24 62 85 91 39 62 30 374 88 129 4 13 88 71 14 8 8 53 146 5
98 31 129 73 68 171 5 54 3 254 17 22 83 80 43 47 177 11 76 24
5 23 64 38 38 38 32 52 23 38 32 12 37 20 12 3 27 2 13 21
35 55 155 60 79 7 164 22 34 168 49 28 4 8 95 92 5 14 29 49
26 66 42 78 34 44 112 10 156 56 31 1 28 22 29 172 84 62 37 83
9 39 63 5 45 115 50 11 140 2 8 45 166 14 93 17 266 70 45 142
94 31 119 17 84 19 3 71 7 148 13 28 98 7 25 56 1 70 2 28
67 106 67 78 118 53 10 40 216 36 16 17 26 42 81 98 158 107 72 26
301 175 19 80 10 88 26 26 43 53 37 1 23 25 43 117 30 46 7 10
181 19 49 1 26 17 15 89 49 74 34 59 91 71 19 11 33 43 14 46
96 30 197 65 159 11 31 12 94 28 63 28 29 25 68 5 42 45 2 22
19 6 62 140 12 46 98 124 7 72 17 1 15 60 34 181 80 14 92 32
184 3 13 20 166 130 67 31 63 8 42 53 87 46 120 56 78 48 24 178
12 31 1 9 4 14 38 37 36 7 6 96 52 15 10 30 13 58 9 9
76 1 8 33 5 12 5 137 24 20 21 121 64 154 35 36 194 75 31 121
14 33 49 132 105 61 38 14 11 24 41 4 154 38 150 5 15 83 11 82
24 48 72 68 87 98 33 4 24 17 102 125 73 11 6 29 5 78 60 67
178 334 50 50 96 16 4 37 38 69 40 11 72 46 52 75 22 9 52 76
15 19 30 51 122 67 45 30 181 36 13 65 6 6 14 45 145 18 82 88
39 119 41 10 21 17 60 7 26 4 113 82 161 86 112 18 33 74 16 90
5 25 22 44 52 52 30 126 100 75 1 26 26 58 30 15 72 3 68 1
26 5 64 63 7 72 17 92 1 46 6 17 34 99 42 26 40 14 68 43
5 38 56 33 64 34 67 35 50 3 16 74 92 100 32 63 17 10 63 48
123 32 4 90 46 9 114 132 4 21 52 31 83 76 56 6 60 147 178 6
37 80 62 4 19 27 2 73 19 28 37 105 15 22 19 22 19 14 40 96
25 29 8 150 38 98 21 33 50 63 6 57 50 1 81 18 50 13 22 43
116 69 36 62 78 10 50 16 24 1 23 13 57 53 3 28 35 56 10 8
23 15 178 18 7 101 54 24 44 139 100 47 39 28 5 12 5 32 66 18
80 54 64 45 53 71 82 2 15 24 20 171 127 115 22 9 32 153 16 5
110 83 23 14 118 20 12 86 28 21 58 16 73 26 27 6 7 82 6 49
63 284 31 38 137 124 5 51 197 115 155 6 50 30 28 123 11 116 19 20
6 25 52 25 32 38 85 30 33 222 35 167 10 23 133 33 39 104 36 1
36 57 4 73 61 63 117 8 2 5 19 11 47 305 65 61 3 14 24 26
41 17 161 35 148 17 19 68 27 1 73 14 185 36 67 23 68 245 100 169
10 136 180 57 16 2 51 23 20 24 17 94 27 41 23 51 5 27 41 6
28 46 4 21 3 26 44 82 17 59 196 78 56 24 70 21 35 30 52 27
33 1 22 69 38 63 25 24 51 23 91 44 198 38 35 72 71 30 57 33
261 80 20 13 33 81 49 131 383 26 55 180 1 59 47 11 141 9 133 29
3 181 132 3 17 37 69 11 4 34 44 167 65 26 62 20 163 84 88 29
80 46 32 30 14 68 149 84 42 21 72 22 2 12 94 72 20 219 113 17
9 102 58 12 22 1 49 105 33 7 76 8 102 31 60 170 88 89 5 152
6 27 9 33 101 64 74 60 295 38 174 81 36 24 176 29 8 52 54 61
2 40 4 59 21 76 4 76 37 74 95 44 63 75 67 67 8 11 4 70
21 25 61 55 11 20 16 95 2 40 265 2 39 15 31 5 12 10 20 60
115 4 7 10 22 60 73 1 6 68 7 12 19 10 6 49 46 70 18 139
24 222 7 33 37 8 26 12 71 41 5 47 10 16 83 41 41 134 103 28
5 40 91 38 14 233 18 36 45 238 35 13 78 31 53 91 185 9 58 2
15 15 13 50 6 67 32 44 8 26 177 57 39 27 146 20 39 11 65 23
151 19 47 90 9 9 95 39 96 11 54 14 56 183 9 73 87 19 27 39
81 22 19 63 106 10 33 14 94 20 69 68 19 27 27 143 82 18 14 76
21 34 104 10 73 33 8 149 40 27 44 29 17 74 8 27 45 6 45 70
52 32 62 4 79 14 9 10 31 119 38 17 84 66 97 9 52 34 64 89
