50 10
33 51 128 148 22 3 94 24 30 76
20 13 41 73 173 56 84 31 42 6
7 33 36 167 36 37 58 6 32 80
204 30 37 120 20 133 6 46 51 46
1 26 28 43 37 5 31 78 16 38
85 28 22 24 28 54 19 34 78 53
11 5 90 12 11 119 68 11 54 28
197 27 159 7 9 11 38 132 62 79
54 18 145 28 14 8 65 15 21 29
99 100 45 21 27 43 33 56 4 4
48 14 127 59 40 21 14 71 29 31
32 33 30 91 4 94 2 12 55 96
101 3 38 53 35 7 21 20 18 15
108 16 148 156 53 58 43 18 32 27
81 4 35 34 167 22 152 36 66 18
41 63 40 100 53 97 1 2 16 68
45 24 56 33 22 70 33 68 103 2
81 52 38 7 27 22 164 8 14 38
30 3 83 48 45 77 32 59 15 26
6 48 33 22 20 26 14 34 85 28
53 377 111 46 39 4 43 126 89 149
213 31 52 4 141 152 135 24 16 39
8 5 116 4 125 95 20 145 68 53
12 216 92 35 71 81 43 83 194 12
73 179 23 43 41 7 53 21 36 11
19 23 2 30 64 11 1 71 92 86
175 8 4 126 74 77 135 10 6 24
3 91 32 117 105 27 51 29 72 15
4 127 31 26 26 58 197 92 76 133
13 96 149 24 25 110 50 29 29 21
3 169 159 7 26 103 42 70 58 55
15 75 35 1 40 219 35 73 35 12
34 46 5 137 42 146 137 116 100 18
35 153 66 7 4 24 10 70 12 64
249 45 37 134 111 80 44 6 9 24
59 22 10 39 12 137 43 107 23 86
1 30 73 15 34 79 126 31 271 79
80 1 45 176 71 85 34 2 48 35
134 70 113 22 54 1 107 32 17 38
58 55 7 77 29 110 1 13 4 21
85 22 25 37 64 20 16 35 31 67
155 77 12 99 33 27 5 2 8 108
75 29 42 46 232 12 5 17 36 13
18 27 67 9 25 1 108 45 76 2
196 31 52 175 90 11 22 102 47 40
20 36 124 26 43 13 20 85 22 17
226 6 19 57 51 23 7 126 18 8
18 5 69 3 119 40 27 142 78 35
95 21 19 78 67 14 4 148 33 234
35 21 37 123 15 19 74 76 8 40
