100 20
14 2 8 95 40 16 55 34 16 131 46 10 7 41 1 89 45 16 181 17
153 3 23 93 2 30 39 53 52 151 42 8 57 6 12 81 69 67 62 64
107 88 26 127 9 33 8 316 42 5 176 85 50 49 12 10 2 8 28 10
18 10 69 27 107 17 90 179 42 222 95 4 78 34 43 26 12 14 54 1
22 103 21 55 19 20 204 63 26 22 1 8 74 14 25 54 62 57 75 11
108 23 2 54 2 59 37 23 92 36 98 54 20 13 31 24 11 6 76 39
8 39 52 8 58 102 116 7 24 60 8 52 85 30 42 7 44 61 66 53
21 25 25 18 4 1 24 109 51 38 23 134 24 17 77 37 5 129 99 34
17 53 46 28 5 13 4 149 78 5 64 49 39 36 40 13 115 31 5 3
125 80 181 15 66 35 33 25 19 36 37 111 16 81 56 71 56 1 152 19
20 1 41 120 37 11 30 10 75 28 61 293 13 42 1 48 45 11 98 9
14 6 2 36 30 30 27 94 60 13 39 6 47 10 28 27 22 1 98 8
45 91 8 5 67 2 16 37 9 10 18 72 23 23 4 48 58 12 60 18
18 61 3 62 84 4 6 10 49 52 22 18 117 21 125 47 71 14 13 77
79 11 26 7 36 20 48 80 83 49 90 9 183 2 9 26 21 117 89 21
84 58 14 15 58 2 11 8 43 1 6 2 21 58 1 49 14 42 75 22
70 6 13 79 58 39 28 4 45 7 185 110 29 23 32 48 6 5 38 70
23 36 40 14 66 2 80 141 20 130 12 23 295 46 26 101 2 44 42 63
212 123 22 66 61 10 55 29 19 21 71 8 23 38 42 100 7 21 25 5
212 32 2 105 106 7 62 14 24 83 130 2 29 192 52 31 80 70 8 26
45 53 17 68 76 20 127 46 50 3 13 24 2 2 23 3 45 27 162 50
133 31 82 12 1 43 31 12 34 120 112 69 68 23 35 12 57 8 25 31
14 106 45 75 3 96 25 14 33 19 5 46 2 24 40 47 200 8 22 49
24 2 189 17 93 4 73 117 49 98 72 47 41 4 13 34 161 11 18 121
1 91 12 68 2 4 3 40 13 37 18 95 47 65 19 193 25 36 1 24
59 48 37 3 64 24 104 32 17 76 21 17 11 62 29 71 24 1 73 53
16 66 44 27 12 108 35 29 21 41 11 21 78 91 91 1 22 30 27 77
4 22 63 6 121 78 35 46 90 68 74 92 285 42 28 16 2 47 173 53
50 5 48 58 8 88 4 82 7 21 30 37 6 77 28 61 122 105 3 20
85 10 234 156 2 42 31 1 132 30 52 56 11 53 10 8 3 54 110 18
51 130 26 343 14 93 107 213 119 13 65 115 169 5 24 67 113 62 7 133
80 23 41 38 83 97 26 7 61 11 92 40 32 18 62 2 15 25 227 100
180 25 53 47 15 50 79 171 54 168 12 29 118 11 84 117 197 12 16 62
33 14 5 9 2 29 13 35 2 43 24 32 15 63 57 40 49 28 2 3
34 114 16 117 5 22 28 50 54 65 8 21 27 29 78 164 43 75 14 25
32 136 58 27 20 55 7 222 9 127 66 19 32 112 33 7 11 93 25 13
102 5 24 10 74 31 69 7 6 12 28 86 49 8 23 31 48 62 74 22
57 50 162 64 18 59 5 66 88 23 109 220 46 253 153 21 4 34 40 10
14 64 5 1 1 11 22 67 6 4 14 26 86 147 35 134 72 17 79 9
3 16 22 102 60 69 8 96 89 47 5 2 9 49 69 270 5 63 15 119
20 53 122 2 84 108 50 17 100 80 39 49 6 33 39 48 8 4 6 53
28 13 75 25 138 12 85 43 83 58 42 66 14 78 97 145 8 60 3 39
1 83 50 100 31 23 54 161 69 63 25 5 12 55 60 49 44 44 24 154
21 13 46 55 41 64 5 180 25 34 129 43 56 103 44 18 21 137 150 25
24 117 32 43 58 19 69 18 142 54 23 50 101 108 5 52 43 91 41 86
11 10 115 40 18 41 46 55 27 2 14 153 43 32 207 177 33 34 8 34
39 33 39 21 8 61 14 18 86 16 10 23 7 59 87 24 152 50 31 133
6 53 16 2 66 6 35 133 37 20 10 4 45 68 18 32 76 17 12 74
2 6 7 90 31 32 17 16 35 56 231 7 49 32 76 5 10 7 17 50
21 66 30 61 50 51 62 28 9 6 80 52 5 42 150 20 4 40 55 13
113 69 19 44 38 16 4 3 42 78 5 140 35 59 2 26 6 111 9 26
17 104 15 54 54 18 126 248 53 76 25 29 31 133 14 94 63 71 80 79
2 73 9 68 48 23 136 26 15 32 2 76 73 110 44 38 51 13 3 60
170 77 9 13 21 29 47 79 36 5 4 113 8 71 12 79 75 4 36 44
39 16 58 168 48 9 44 6 299 198 50 2 51 2 18 81 66 38 58 46
62 142 111 98 34 42 29 67 66 12 25 27 21 9 82 19 21 89 17 99
13 53 21 12 38 133 114 28 41 99 44 139 10 19 63 38 110 53 125 47
40 95 77 6 13 70 20 81 32 40 62 49 11 1 12 15 32 106 9 48
28 2 32 7 9 133 1 25 5 98 17 19 70 157 42 80 170 22 4 1
85 22 36 60 46 28 37 82 1 9 115 36 15 9 99 102 26 17 29 28
24 106 25 27 37 163 24 107 27 12 25 12 200 5 77 173 42 30 20 9
29 7 41 202 142 7 33 121 38 25 4 37 11 23 106 5 7 42 167 70
40 276 408 27 32 38 64 5 14 57 76 83 14 17 73 100 18 22 83 32
28 19 35 221 174 3 69 49 25 9 18 29 158 20 153 30 87 19 18 108
33 22 8 28 104 3 51 27 5 23 17 21 3 17 83 44 4 20 28 137
8 114 153 24 200 59 23 36 35 181 4 16 75 95 118 76 18 253 53 104
34 73 54 2 98 72 58 15 7 14 46 286 17 42 50 24 56 77 89 42
6 51 62 18 40 12 5 20 33 5 9 201 188 69 78 21 52 10 45 45
36 24 23 24 13 75 30 9 11 29 57 121 13 15 19 22 13 175 118 70
23 9 46 85 83 88 64 4 40 39 163 3 6 12 154 19 3 49 16 79
69 45 13 26 45 46 8 89 70 77 21 17 73 21 11 81 55 23 167 12
126 156 77 4 31 19 28 103 39 8 11 3 20 40 5 63 54 62 46 9
26 4 16 14 20 39 194 55 48 55 3 66 47 152 65 32 85 148 15 48
28 20 2 2 98 3 128 4 41 9 19 29 11 48 93 148 125 22 1 40
10 28 74 83 17 20 77 132 28 55 20 84 14 58 16 2 15 2 5 2
18 74 2 60 6 4 6 51 77 30 76 95 17 63 67 5 7 96 7 51
13 15 1 15 10 23 111 20 88 231 21 92 87 38 52 62 112 71 92 85
66 27 2 110 6 2 52 5 15 255 63 12 28 96 1 147 17 79 24 24
32 26 3 6 15 29 58 8 138 46 99 33 209 64 13 297 93 13 3 104
1 6 1 46 13 57 99 34 21 1 18 7 25 3 88 29 72 25 96 88
57 76 5 160 181 64 12 23 103 40 63 107 47 5 24 52 18 78 90 21
6 133 63 27 20 9 24 35 28 104 7 33 138 7 10 26 64 13 9 23
6 7 13 99 23 3 51 35 66 177 10 74 100 3 195 4 32 7 230 49
8 23 35 10 82 43 21 42 21 83 161 47 51 46 201 61 47 55 21 61
206 5 11 75 136 2 48 42 17 23 55 25 25 72 10 85 11 63 3 23
37 12 68 97 43 6 5 4 45 9 76 38 55 21 3 78 62 64 55 10
115 15 23 189 66 54 7 104 58 100 27 177 29 74 3 2 1 14 30 14
27 88 55 157 71 15 9 6 10 186 21 7 51 55 55 26 62 58 28 16
19 29 162 16 6 173 5 16 47 5 9 28 82 14 87 22 231 20 41 7
122 32 5 38 8 67 144 93 70 108 41 13 1 16 108 63 6 30 2 3
12 2 9 108 1 38 14 177 51 21 9 8 18 83 53 33 27 3 32 173
85 16 81 16 90 8 54 24 81 9 107 30 24 36 18 52 91 44 68 47
29 140 24 30 63 10 2 76 16 10 23 53 74 52 46 13 43 85 30 39
45 12 13 8 14 25 1 3 21 34 40 10 10 38 7 40 34 13 7 55
19 52 66 14 19 62 12 20 63 21 53 4 23 226 35 64 20 21 18 52
85 32 44 16 92 80 108 16 52 32 92 22 41 103 122 43 104 48 12 4
276 5 16 14 20 30 26 79 53 97 44 45 11 57 171 27 79 44 183 14
175 122 80 11 30 21 58 11 67 7 20 107 21 28 49 7 156 18 43 69
12 29 15 2 25 5 33 91 5 52 33 76 29 12 86 46 189 92 142 14
58 67 75 69 2 21 20 42 52 14 106 5 35 37 16 30 60 64 114 13
