200 20
79 2 26 68 94 17 13 44 163 28 87 91 13 21 5 103 67 13 106 17
37 72 34 58 154 105 107 39 71 28 40 47 65 103 2 187 33 71 52 14
70 40 88 2 152 16 35 89 102 34 71 132 51 26 52 99 20 31 16 34
77 312 50 9 167 14 102 196 182 41 43 33 6 16 2 24 5 2 59 30
104 18 115 77 57 76 40 52 17 35 36 19 164 101 35 17 29 9 18 65
7 44 67 76 77 6 14 53 31 168 41 32 12 103 12 55 9 27 35 30
4 74 48 51 12 39 60 44 30 38 56 25 35 8 8 86 7 56 8 34
42 76 27 82 294 6 5 97 82 91 148 12 2 110 56 5 80 26 41 16
71 29 34 20 43 20 29 89 77 12 34 117 33 8 15 3 4 72 25 25
17 50 74 31 42 4 9 19 49 40 6 23 28 16 67 63 31 64 68 217
255 126 69 9 37 200 85 53 138 35 174 19 80 56 25 21 79 19 212 36
82 22 75 17 9 16 66 14 34 14 16 52 54 59 44 23 22 93 87 38
35 28 90 8 6 75 22 24 3 4 4 2 41 33 12 115 69 21 45 3
2 226 61 18 70 6 66 21 18 59 21 131 68 68 140 63 74 18 10 4
11 29 170 5 23 7 138 24 15 115 139 39 5 61 197 125 13 23 122 72
79 61 19 53 57 184 62 20 16 53 161 195 172 56 35 77 50 63 1 8
10 72 61 219 94 176 6 43 60 20 78 32 117 52 190 42 5 127 123 19
24 41 81 4 113 9 27 18 14 82 189 182 67 44 58 49 30 11 46 12
19 61 153 51 1 90 45 61 94 44 10 235 207 136 24 16 38 118 23 44
137 59 6 2 90 179 60 73 56 51 8 32 78 5 218 31 23 1 19 16
11 9 53 133 56 11 1 5 18 31 24 16 34 1 27 96 49 6 3 12
85 134 73 8 9 30 16 48 15 3 61 162 51 43 56 22 29 52 11 39
18 69 54 9 17 50 32 17 33 74 1 83 91 13 1 26 1 49 17 20
10 19 22 144 27 110 35 127 19 4 14 13 7 4 10 44 38 147 68 10
62 75 7 15 33 51 54 26 205 4 32 90 13 11 3 120 47 2 15 113
34 255 104 4 31 3 18 39 32 52 15 67 34 17 57 21 25 11 18 44
139 33 3 110 94 9 42 19 129 5 98 28 219 58 75 92 39 21 46 38
26 6 23 13 23 36 56 99 28 1 18 48 65 32 5 21 86 30 28 19
31 2 62 29 88 5 127 5 58 6 53 4 89 117 21 46 21 10 60 40
16 15 58 82 20 8 61 144 19 183 31 12 42 80 96 17 13 16 16 39
16 33 11 33 2 49 35 73 121 78 96 92 8 44 15 24 27 21 2 129
70 4 16 10 95 19 29 31 81 206 175 6 55 27 30 117 143 55 61 35
4 17 86 55 6 15 11 18 39 15 113 47 85 105 5 34 15 47 51 10
15 70 9 157 4 114 50 21 19 38 12 83 3 23 56 194 70 38 51 36
17 71 64 158 34 27 45 11 62 29 56 136 1 16 29 287 70 209 99 118
54 80 36 2 26 135 29 50 6 149 286 10 116 70 6 84 320 9 17 5
132 3 9 6 4 9 55 39 17 47 14 2 267 102 14 144 13 38 10 14
4 14 1 19 126 61 10 60 2 13 21 15 50 56 17 8 127 3 57 230
66 3 11 149 59 1 25 42 8 10 57 11 12 160 39 115 19 82 19 72
72 18 93 14 92 71 24 39 22 39 96 21 45 30 63 84 60 38 25 11
94 18 9 116 27 3 31 7 98 142 40 43 97 44 63 51 9 23 93 24
19 8 85 44 74 45 122 10 136 9 69 17 47 6 34 179 68 5 32 61
39 38 130 111 45 66 13 31 84 44 12 12 47 7 1 42 49 24 14 53
21 45 32 148 13 21 9 112 24 172 79 41 69 159 12 29 19 58 23 5
14 300 67 150 24 8 58 57 30 174 17 72 6 40 12 29 56 22 2 112
68 22 65 50 69 127 49 18 21 8 2 33 31 128 133 2 14 42 8 13
90 33 3 60 51 18 26 28 16 23 3 35 99 3 31 133 99 5 67 66
39 12 29 72 72 72 40 26 135 34 41 85 156 28 79 9 21 39 3 17
76 91 35 11 26 9 10 24 57 2 15 14 40 54 29 92 186 63 120 30
220 59 1 53 21 3 66 39 75 29 41 123 27 66 13 35 26 76 10 20
10 51 22 17 137 24 69 4 2 39 79 81 44 6 6 146 77 70 52 12
92 37 212 7 63 16 94 32 58 30 37 26 43 64 36 11 59 44 23 118
26 33 21 74 9 11 13 1 49 158 3 8 105 63 26 29 14 54 59 93
13 7 30 169 17 49 7 20 48 36 52 196 101 33 64 150 43 28 79 2
46 56 185 40 87 5 24 44 58 4 23 13 3 21 14 51 56 51 83 26
28 4 9 56 97 22 29 111 59 19 54 7 88 77 50 11 8 133 77 8
63 173 54 94 17 35 33 60 10 21 89 79 36 21 14 3 5 28 88 14
20 58 23 67 248 35 92 3 42 28 17 126 74 111 75 26 10 107 112 88
77 52 19 12 8 78 4 24 11 76 65 158 15 17 2 35 58 7 55 16
133 41 13 172 55 61 53 17 74 43 80 157 56 29 115 9 9 4 2 13
12 10 62 32 30 91 156 12 5 65 18 17 60 66 45 52 28 66 67 37
38 89 12 1 64 86 38 84 13 184 83 203 46 56 50 44 75 3 16 12
25 61 41 63 56 125 101 6 22 46 36 31 7 48 43 65 162 11 62 44
56 32 25 14 85 33 56 48 65 1 41 87 74 131 63 12 4 22 24 83
9 22 26 141 62 16 27 89 24 87 1 75 95 37 70 7 18 41 1 6
45 64 6 52 19 6 3 34 21 29 39 10 103 53 80 45 124 10 22 5
42 149 10 141 21 45 4 52 68 1 20 75 38 173 5 61 48 241 24 72
44 42 48 66 45 46 21 62 4 10 103 47 197 15 56 69 3 12 267 47
17 38 4 21 3 41 47 127 9 12 3 34 25 94 49 3 72 19 24 3
23 19 25 53 8 38 12 43 49 173 13 174 16 125 54 11 12 267 11 74
43 168 11 366 4 98 8 129 42 63 49 142 39 146 1 158 14 78 124 24
1 35 55 112 216 3 8 67 64 23 184 45 40 35 47 25 9 83 179 10
18 33 23 8 74 29 26 176 26 18 11 39 31 84 176 13 23 67 130 25
7 7 21 15 26 25 39 54 91 23 76 144 9 12 137 11 4 10 24 15
3 28 78 9 35 44 2 12 55 22 24 18 46 127 30 19 56 25 19 8
13 26 24 37 19 8 27 93 63 97 3 40 51 7 42 14 6 74 118 8
15 18 1 17 11 5 81 22 63 16 4 119 4 110 35 39 79 13 105 27
103 12 5 31 46 108 32 9 69 14 77 37 131 29 152 88 10 32 110 86
84 69 32 79 74 40 24 30 17 80 19 211 20 53 10 8 18 34 12 27
8 18 1 55 16 6 84 114 25 46 124 47 117 160 5 63 28 5 19 118
32 60 45 27 3 20 10 16 13 8 2 92 78 16 25 31 49 3 35 10
232 171 85 78 80 21 19 106 6 88 2 9 24 34 16 69 22 13 12 69
57 47 43 23 8 11 91 3 43 27 17 53 26 127 36 4 86 41 35 24
10 39 168 49 2 12 20 70 5 201 43 41 53 13 88 27 260 19 55 19
13 19 11 51 22 8 47 24 31 151 25 54 3 5 24 133 18 152 99 63
17 7 60 34 3 19 63 87 48 284 14 20 4 41 32 14 22 30 30 153
24 5 43 220 12 82 34 55 96 10 6 149 35 30 32 337 82 3 12 10
25 65 85 45 33 32 16 3 17 92 50 17 103 66 25 14 16 222 56 19
28 22 6 37 22 55 268 91 12 27 36 15 13 45 105 7 85 80 65 117
142 21 46 41 70 65 23 14 11 95 5 21 29 110 49 8 1 11 14 64
96 33 39 11 7 29 37 82 19 15 164 20 48 14 51 3 5 43 21 2
5 18 9 48 58 64 1 56 28 50 1 83 20 50 8 19 94 57 13 69
45 67 109 21 52 8 7 10 76 25 18 79 32 9 3 26 35 34 10 13
70 7 8 83 80 85 5 8 44 18 5 4 4 5 29 92 14 101 23 109
39 10 14 210 25 32 21 36 18 59 4 8 62 66 64 6 88 34 27 38
13 141 56 8 154 2 18 57 21 77 12 9 22 31 52 81 179 1 122 135
10 50 31 146 52 60 18 136 61 3 4 59 19 49 31 53 20 16 167 51
1 147 42 37 20 73 24 49 116 393 14 83 11 59 7 119 3 36 76 8
29 73 43 45 6 82 20 29 47 26 26 20 51 16 4 39 43 32 9 37
124 42 20 7 45 7 41 51 14 4 175 30 139 85 43 21 1 85 6 24
39 29 34 3 28 9 75 96 26 3 49 124 84 121 26 8 54 53 19 13
7 156 47 22 33 20 14 46 37 16 9 163 71 6 5 31 110 25 42 76
19 33 95 21 78 35 125 24 77 5 48 55 100 34 20 170 7 3 38 10
79 126 65 50 79 14 33 55 76 32 7 11 19 3 71 77 31 160 26 21
18 35 12 99 4 13 19 119 15 81 15 15 1 4 2 54 6 97 4 23
60 127 71 29 30 88 40 152 71 101 42 10 21 86 96 30 38 25 3 44
27 89 259 105 98 98 7 56 11 17 5 85 20 71 16 79 116 112 54 10
60 111 26 32 1 7 123 186 19 74 15 70 104 28 14 42 93 63 86 21
36 20 54 44 76 14 3 1 32 25 140 29 14 5 147 36 21 10 63 20
72 10 32 21 66 18 119 22 19 11 46 21 216 43 4 106 108 40 32 65
134 11 207 11 119 2 18 184 231 13 100 7 10 88 28 6 55 175 27 181
78 45 36 27 52 92 42 370 65 137 20 9 53 182 63 2 9 99 28 40
129 66 2 61 145 112 42 36 80 33 54 43 124 10 46 26 57 25 5 24
84 26 83 68 43 144 38 29 41 18 13 7 8 17 161 4 33 11 114 29
12 4 132 10 40 40 24 22 129 75 66 65 16 12 1 94 80 203 14 31
3 38 24 123 16 134 130 3 69 29 5 19 39 10 25 64 42 15 6 39
25 46 63 69 79 34 17 81 19 49 64 51 20 6 21 25 18 41 1 27
28 108 54 12 102 24 44 81 325 88 62 180 70 4 94 28 22 63 21 15
34 317 24 31 16 33 31 67 39 81 8 12 20 12 37 28 9 38 39 36
19 28 8 74 98 46 28 69 40 4 88 75 39 5 73 9 48 247 3 3
10 57 11 29 83 10 45 39 5 5 25 65 190 22 11 1 22 101 27 73
4 34 67 11 91 16 55 24 22 19 42 5 1 14 16 7 54 1 20 51
8 92 5 82 79 9 23 42 55 24 12 35 127 9 37 15 48 58 400 2
30 54 29 111 31 62 10 40 112 12 243 20 46 10 8 165 4 47 43 13
101 42 40 7 233 94 15 3 38 67 110 30 15 30 3 40 4 52 59 109
14 10 76 34 5 14 69 7 38 100 16 8 64 4 18 14 67 21 10 104
8 27 161 78 35 71 58 22 62 2 35 125 108 78 113 2 22 40 25 7
30 35 19 96 14 12 14 43 195 79 33 160 47 68 77 2 2 12 47 78
48 30 33 84 46 10 18 77 15 37 142 49 67 12 96 65 39 14 28 45
84 81 40 8 4 1 45 108 1 15 30 45 18 194 53 86 116 69 107 177
3 32 17 12 133 37 118 72 2 172 67 33 19 31 24 114 107 137 9 209
30 14 29 5 19 316 162 33 94 6 52 27 42 13 8 39 7 8 102 1
67 6 6 60 24 8 13 24 76 50 221 8 21 9 93 70 66 71 43 24
19 19 78 1 48 68 107 7 35 18 3 16 20 15 6 5 10 118 121 219
7 30 137 13 38 19 160 7 27 66 51 1 122 50 1 48 19 79 216 124
61 119 25 136 19 14 26 79 14 21 22 9 1 12 44 11 29 101 9 23
110 10 98 5 84 47 4 32 138 142 152 22 51 34 74 58 97 8 10 47
15 38 7 129 88 60 5 13 6 76 40 22 15 34 62 32 27 46 50 121
27 2 1 30 30 19 89 10 69 7 59 50 8 4 153 43 5 69 71 4
30 57 25 39 75 98 16 50 30 186 91 60 38 13 60 69 26 11 86 4
39 1 75 46 66 59 20 14 32 7 96 19 7 18 79 8 56 35 87 1
53 63 12 85 23 42 22 145 7 61 50 34 50 64 47 3 11 36 19 71
48 43 23 58 19 28 6 33 25 27 103 13 29 45 37 25 24 31 12 66
110 9 7 25 165 18 11 29 62 97 27 38 53 1 47 6 41 26 34 110
332 36 198 72 20 5 82 7 29 16 45 45 18 32 25 152 32 4 51 12
100 39 4 70 12 16 5 16 43 23 75 64 41 3 9 47 131 1 42 35
20 43 45 1 5 60 48 34 212 10 102 20 55 109 13 57 66 133 38 56
10 66 28 63 53 19 211 4 123 8 8 16 125 2 40 45 5 22 28 3
29 37 24 25 49 96 120 36 8 18 57 89 65 63 52 75 7 4 100 19
107 64 131 16 26 13 47 41 3 32 17 14 54 247 51 58 4 34 3 15
90 32 7 19 72 61 9 3 111 60 67 15 3 58 5 43 63 2 21 152
106 37 7 54 32 84 10 166 28 1 157 35 66 15 45 139 23 27 17 66
59 12 22 23 187 97 4 12 117 12 72 7 19 24 89 122 79 2 39 7
253 27 135 32 40 14 32 71 42 195 128 77 47 45 29 1 53 61 16 26
53 16 34 12 28 8 26 62 41 77 68 101 139 69 38 50 7 3 33 4
51 1 14 149 145 65 41 82 17 23 31 50 69 32 3 23 73 53 27 42
1 84 86 109 128 46 56 45 19 133 37 39 9 32 39 28 31 7 2 11
24 19 139 97 71 105 7 117 41 78 11 75 8 10 22 2 24 13 43 52
20 33 39 130 2 202 3 24 66 26 31 1 131 26 10 78 147 1 4 30
55 31 28 59 5 2 31 79 1 8 4 38 21 48 30 5 15 53 66 40
6 23 26 86 1 18 2 16 122 11 27 107 1 50 102 22 17 63 6 107
20 62 24 70 1 130 74 28 25 73 13 117 214 34 6 50 71 28 6 19
71 15 92 20 10 27 65 148 39 20 29 56 157 31 2 3 1 35 1 3
4 40 42 49 98 65 10 32 57 30 5 39 17 71 51 82 5 54 48 36
33 13 73 9 33 410 3 56 54 120 8 6 5 7 115 20 35 15 10 47
151 249 15 100 93 81 1 21 134 8 92 49 28 34 74 143 242 77 15 24
120 11 8 3 59 84 134 9 67 64 4 78 203 76 27 32 14 100 5 8
13 59 6 2 41 115 173 23 127 13 176 50 22 36 1 308 8 57 19 31
42 23 1 24 44 55 29 1 3 40 316 57 22 8 39 119 1 79 39 54
79 49 57 6 47 7 3 8 105 8 9 28 38 63 12 18 104 28 82 14
40 275 2 10 31 26 57 128 4 5 19 94 55 75 184 19 24 35 154 44
58 18 36 39 118 57 28 194 27 2 12 68 41 8 96 105 19 146 67 31
115 10 125 30 5 8 8 29 13 22 72 53 21 120 41 81 15 27 111 63
15 53 59 43 11 27 57 21 56 29 100 37 81 93 24 2 18 6 27 11
51 53 9 29 86 142 6 35 7 5 53 153 8 17 4 52 16 18 78 72
43 23 35 57 20 87 34 31 9 137 5 4 264 3 145 17 81 1 22 9
45 63 102 6 12 28 24 63 13 141 49 13 51 192 10 6 33 17 6 49
6 113 57 4 8 30 39 81 158 80 53 2 91 31 57 39 11 10 80 3
11 9 30 21 37 45 142 99 14 24 50 85 41 6 9 33 49 15 39 7
41 53 49 31 199 28 19 14 18 51 22 60 103 146 35 51 73 59 38 11
27 125 20 106 17 102 34 38 87 8 33 21 124 15 140 22 34 9 25 129
17 64 6 96 40 53 13 1 12 83 37 69 91 81 38 8 80 5 3 22
44 75 148 5 8 7 3 96 91 46 14 65 12 7 9 7 53 2 67 5
7 148 40 169 60 99 2 55 51 3 100 92 7 11 165 35 19 153 72 100
342 63 34 15 43 5 26 77 11 130 4 4 17 89 63 115 157 111 15 43
3 15 42 53 28 59 71 14 31 43 6 15 74 6 24 17 21 42 20 256
10 102 55 40 100 7 4 21 132 10 58 13 59 153 30 71 5 19 18 37
18 40 334 169 25 115 37 56 5 1 26 61 9 11 10 4 95 10 56 26
12 23 6 32 39 48 23 33 159 14 3 16 52 80 31 31 40 3 89 35
19 22 112 28 5 18 34 116 88 19 141 292 24 19 26 15 58 143 171 27
42 32 102 150 60 3 19 9 73 52 131 145 17 74 34 80 54 8 88 77
47 15 146 17 22 44 10 51 9 10 3 69 82 87 62 114 73 154 54 14
1 175 71 93 2 8 2 123 85 146 2 10 53 4 14 106 113 89 46 80
8 62 104 36 176 12 23 10 23 34 60 27 30 186 27 12 41 102 26 26
11 54 59 49 51 81 115 18 118 17 4 25 35 133 97 69 6 41 34 16
12 31 53 20 46 63 132 16 83 248 4 53 10 67 28 22 166 107 90 74
44 3 226 37 26 32 21 125 14 64 12 47 94 17 29 352 5 7 33 2
176 63 56 1 17 37 79 36 67 20 34 66 68 142 19 16 80 44 43 60
1 83 39 124 8 5 4 82 81 8 10 70 73 32 29 58 38 39 14 8
13 29 35 1 18 23 86 25 40 4 133 82 33 59 109 49 93 13 51 20
