200 20
85 28 75 9 78 65 81 32 102 20 15 51 22 90 82 121 16 89 18 1
46 63 35 19 15 169 39 169 69 25 58 87 32 13 36 73 57 152 1 31
37 53 52 9 4 42 3 45 73 70 61 73 156 37 35 46 57 106 30 146
48 56 21 72 34 56 86 1 33 35 14 17 1 34 19 25 66 21 1 15
113 26 96 107 2 67 10 114 28 26 57 27 2 33 49 28 32 203 6 78
90 60 12 137 10 7 9 21 125 7 12 64 26 148 26 188 2 30 43 39
13 126 23 49 8 139 181 65 13 20 64 190 3 19 5 40 6 40 78 13
1 41 42 27 1 32 39 30 77 30 18 27 9 32 15 69 38 64 62 87
5 9 23 225 1 21 11 7 136 94 8 50 110 8 12 6 10 41 38 24
103 19 14 10 44 111 39 9 25 31 10 51 21 34 9 2 56 25 5 85
83 63 9 13 37 4 37 166 44 72 85 102 4 11 6 70 5 73 1 36
3 47 56 13 48 47 102 7 35 117 74 21 66 98 23 109 109 50 60 32
4 19 74 40 144 75 16 12 148 214 34 70 47 4 151 9 11 17 7 7
49 65 38 163 38 7 45 2 53 86 21 4 8 54 52 19 19 32 21 204
98 64 47 37 15 85 113 40 40 9 36 80 48 58 57 38 24 14 15 4
10 30 6 7 2 38 84 172 4 33 64 129 80 93 81 112 16 11 71 5
15 144 59 9 3 16 31 8 94 13 3 6 116 136 2 21 94 75 70 33
71 31 79 90 125 30 15 32 51 11 11 28 4 20 78 57 28 22 9 35
230 65 126 81 15 14 57 5 79 81 129 34 23 50 52 73 16 71 39 16
21 73 20 3 42 43 60 103 28 17 98 18 64 59 113 71 73 30 102 35
61 1 10 5 28 41 163 3 7 1 29 7 49 95 6 6 34 21 15 14
9 48 1 11 29 15 47 357 6 83 32 3 15 1 16 78 35 18 7 2
25 165 51 72 89 59 4 2 21 41 58 52 49 56 161 15 68 68 39 77
70 50 13 52 34 119 6 64 11 27 70 38 129 27 17 88 12 19 5 41
35 17 8 94 40 8 66 22 15 81 66 32 78 57 4 8 14 6 36 6
123 100 68 10 15 14 76 17 49 71 46 38 45 154 28 53 131 213 41 24
50 78 218 123 104 23 5 27 98 85 19 100 36 85 108 84 3 43 7 102
5 1 34 3 231 77 35 25 66 34 46 22 55 7 24 17 18 65 83 35
20 141 101 24 14 202 250 135 61 163 3 39 104 26 49 18 68 17 34 32
123 3 43 19 6 12 38 18 27 1 24 33 110 199 3 49 3 121 40 33
66 54 8 39 2 84 16 43 73 64 68 25 46 37 10 23 116 56 29 18
23 27 60 81 61 36 64 16 2 40 97 48 40 51 22 64 17 138 27 40
71 9 73 58 50 22 38 55 27 44 27 4 84 6 37 11 4 1 8 2
86 18 57 125 18 9 46 9 30 19 18 68 10 8 4 51 27 8 70 23
20 24 48 17 3 64 102 59 38 42 20 157 38 51 57 55 36 38 57 20
5 55 146 14 81 46 2 43 18 12 58 16 13 49 22 29 26 15 74 32
8 195 179 3 3 31 120 118 26 41 121 121 1 110 61 1 33 82 25 46
12 2 97 1 27 81 13 124 2 77 56 35 42 24 57 100 55 69 104 27
21 41 24 1 15 22 23 75 5 5 138 16 42 9 3 57 13 21 42 2
77 33 32 33 28 42 46 3 28 3 55 12 41 34 89 17 31 24 5 151
6 47 93 5 6 6 22 17 25 1 41 34 14 15 15 55 148 15 179 27
126 39 25 19 27 56 2 28 41 12 16 42 27 5 99 35 107 3 11 51
17 28 39 104 25 66 180 5 45 8 18 33 13 109 27 93 14 26 33 24
4 77 11 31 64 157 35 32 36 27 50 12 89 2 24 33 52 47 108 1
23 28 61 70 43 47 53 62 3 28 187 31 65 104 26 24 12 126 68 13
161 59 5 31 10 27 12 55 2 15 12 62 1 87 32 39 30 2 22 22
19 53 1 21 45 37 91 28 56 82 137 12 137 47 2 29 102 2 4 37
6 56 65 30 42 45 65 85 217 104 59 32 249 92 121 170 6 128 5 61
26 105 1 59 19 53 114 24 25 37 5 109 107 130 44 51 5 5 18 40
97 88 7 80 84 32 13 72 7 72 65 79 23 42 84 57 54 5 11 3
40 42 6 57 38 21 2 1 48 9 17 18 261 130 2 5 29 17 12 56
2 46 27 3 108 69 1 52 43 51 55 30 34 8 1 63 175 10 18 17
1 25 57 45 123 173 16 95 51 52 54 19 149 12 28 33 23 28 9 9
128 52 49 41 4 82 23 46 55 4 12 44 14 110 59 32 27 137 56 84
94 33 4 123 28 96 9 22 3 5 76 19 11 3 49 51 24 41 35 1
14 41 11 15 15 72 45 62 4 14 29 3 80 77 75 38 41 19 57 53
43 76 21 59 66 4 25 110 85 63 89 62 38 20 16 103 42 13 448 23
8 61 8 5 21 62 23 26 29 15 44 50 5 14 17 2 39 112 123 13
52 34 57 15 73 22 15 56 44 26 281 114 144 129 59 62 36 63 66 84
21 117 32 70 3 6 37 61 23 32 18 134 50 50 94 18 140 94 82 19
113 15 5 179 42 261 8 76 2 25 104 103 101 134 98 46 56 78 39 190
7 58 8 23 56 25 4 31 26 80 13 83 72 20 185 73 77 3 49 114
5 299 192 25 45 34 96 82 60 59 174 3 16 11 57 13 30 155 106 124
146 70 23 4 12 15 58 44 8 58 56 37 3 66 43 147 23 8 28 3
65 44 115 63 4 20 76 4 11 86 70 36 153 79 57 117 10 17 80 28
52 30 104 99 53 88 4 1 43 77 55 38 3 88 48 13 27 29 49 22
19 32 27 3 20 18 79 15 6 69 30 14 86 80 27 2 21 10 164 4
4 52 80 42 61 79 15 24 74 97 45 93 46 53 43 7 35 11 3 42
19 32 70 54 24 13 69 8 11 76 19 12 38 14 66 11 122 106 33 2
143 158 70 5 23 33 29 54 16 20 12 17 23 15 7 3 6 31 1 11
113 15 68 13 68 25 3 9 1 6 94 75 9 27 6 52 23 50 17 16
37 5 19 44 66 6 81 155 278 46 55 35 9 53 48 5 1 7 35 10
10 48 140 12 9 33 8 93 22 37 4 14 10 6 16 46 95 26 102 1
27 134 48 33 3 46 104 25 225 9 27 98 29 59 6 63 66 76 128 61
33 43 124 40 45 55 12 8 33 108 4 181 19 77 7 58 15 76 20 22
32 32 5 79 16 38 9 12 34 31 65 28 13 77 39 103 53 132 51 71
24 14 17 16 8 79 224 1 28 98 7 57 69 23 26 8 37 2 34 142
2 74 152 76 29 118 30 13 33 52 7 1 11 35 7 60 10 82 16 125
2 6 11 55 51 15 9 2 60 118 46 50 7 86 7 139 15 22 57 18
101 84 36 84 22 15 18 20 37 97 172 79 45 7 38 56 155 15 1 56
3 97 4 87 4 30 18 14 183 103 10 80 143 37 106 89 62 32 106 80
17 124 60 55 18 33 39 39 13 13 9 44 53 39 32 65 117 97 26 7
106 90 78 12 30 10 12 121 9 96 46 80 25 38 54 15 57 7 33 144
106 7 8 89 70 118 13 20 135 1 184 3 13 40 24 93 116 40 40 41
139 94 69 14 19 14 18 44 80 221 69 184 8 57 45 30 95 48 2 62
58 123 81 62 48 11 56 64 186 14 68 5 41 104 29 18 26 20 42 25
171 109 6 26 76 31 169 22 121 51 65 62 50 19 54 39 3 79 50 54
6 17 4 111 105 61 20 26 11 67 288 16 63 65 94 75 13 113 70 138
92 21 20 57 74 70 44 3 32 16 25 1 52 23 65 262 41 16 148 76
83 60 2 29 34 30 66 33 59 3 101 155 76 66 18 26 20 177 16 35
10 40 47 38 10 14 19 72 39 45 8 32 8 141 25 209 73 16 3 150
99 36 19 92 152 56 2 28 49 2 30 120 169 25 77 18 3 3 27 19
13 92 54 3 29 135 2 86 10 18 268 93 18 1 59 32 7 53 1 107
221 61 12 16 25 181 13 102 34 61 2 58 191 27 64 49 9 120 45 107
27 45 116 86 104 127 54 49 10 10 8 41 20 2 58 59 141 53 31 24
65 48 3 100 103 10 39 41 30 4 12 4 31 4 70 49 2 114 8 100
78 9 27 107 85 31 88 13 24 30 11 10 95 5 7 92 4 92 27 28
77 66 33 116 10 50 19 7 22 26 4 36 44 45 33 37 21 33 4 33
4 17 20 1 87 137 16 6 11 13 67 171 39 17 44 33 81 96 8 30
97 43 6 28 156 6 6 10 34 18 63 31 13 44 62 119 19 34 47 39
44 5 50 14 75 26 5 41 27 17 20 186 38 9 71 51 6 28 21 89
13 33 98 98 3 19 83 57 4 57 113 1 35 82 32 12 71 80 25 2
5 8 37 111 88 53 11 1 2 33 174 18 75 36 191 4 95 118 86 37
34 144 124 24 54 1 33 118 59 25 23 97 22 52 19 13 20 65 11 100
17 73 61 6 95 130 14 56 102 40 77 85 41 23 41 59 51 8 40 170
57 11 32 5 77 43 12 26 23 18 52 21 4 92 41 90 23 27 24 297
38 138 6 12 26 8 32 55 14 49 7 4 2 14 87 106 38 18 25 27
77 67 70 52 65 163 14 39 52 46 31 49 194 106 146 36 52 62 54 13
1 44 131 109 59 28 25 34 72 88 69 49 82 218 12 14 5 25 124 3
14 79 78 66 57 27 105 167 111 240 41 216 64 71 32 169 72 266 77 4
59 95 314 184 5 60 29 8 4 53 20 6 68 37 30 5 15 42 173 35
67 175 5 44 16 4 1 13 8 19 28 31 11 52 14 11 16 17 77 39
91 18 3 73 72 96 5 67 1 4 36 155 27 122 48 48 244 52 27 20
11 122 37 49 35 139 2 99 34 64 4 65 111 32 5 64 36 172 17 1
45 22 52 1 19 12 127 32 2 139 66 76 17 51 25 6 178 115 19 19
53 72 32 2 18 26 19 2 44 28 52 138 41 8 11 19 32 53 37 114
3 11 6 54 32 32 78 2 23 50 69 51 63 97 77 22 2 26 20 71
32 36 25 45 15 28 5 90 148 1 30 127 38 24 6 47 77 26 18 74
1 15 6 104 122 11 17 70 130 57 34 87 29 49 5 37 59 62 13 17
64 2 16 21 16 185 17 111 78 76 29 16 26 21 86 51 21 32 25 50
29 28 130 171 39 9 25 6 247 23 17 8 29 4 64 24 3 26 149 16
53 30 2 78 148 187 46 19 44 90 30 57 63 16 26 4 21 13 50 43
248 1 54 36 13 19 99 58 17 46 35 37 33 31 21 86 33 58 136 72
57 91 74 2 78 38 19 51 37 18 22 15 72 54 52 101 7 17 108 19
1 69 3 143 29 110 11 12 55 6 141 82 13 36 9 39 84 12 28 2
55 105 140 2 81 16 86 279 61 8 1 47 16 7 86 8 22 62 5 121
13 30 1 18 1 76 39 143 72 2 63 145 187 105 43 15 24 30 61 17
138 19 2 25 64 59 160 116 43 72 151 67 3 14 156 4 161 12 19 11
210 11 21 22 193 3 15 245 35 1 105 2 24 13 267 23 21 14 4 239
32 8 63 11 74 114 16 15 43 30 13 9 24 2 173 26 75 15 8 10
2 21 110 54 34 27 97 76 8 77 148 49 62 5 140 42 32 26 5 17
68 109 9 40 52 55 41 23 71 76 50 35 6 11 24 26 8 69 31 48
28 81 54 51 23 16 51 66 62 8 48 26 86 24 7 59 33 205 46 24
69 114 2 155 21 30 135 40 42 107 61 120 7 82 27 46 139 5 19 35
15 49 42 43 20 24 37 1 125 65 12 105 16 25 11 18 5 37 5 162
52 57 11 8 66 46 67 44 132 24 125 71 34 162 6 55 8 72 83 137
53 3 14 18 26 6 6 17 16 22 41 51 17 12 24 94 19 16 19 29
39 12 79 65 32 8 28 30 56 36 131 3 69 26 416 87 3 165 22 4
1 83 60 8 34 65 9 40 20 41 23 85 27 18 19 3 4 4 78 81
63 56 33 28 68 39 80 31 78 9 18 57 38 16 89 1 9 13 4 79
128 19 21 10 3 46 32 73 25 11 22 55 160 27 54 6 4 55 17 8
83 43 52 140 54 40 21 110 56 1 120 21 41 96 57 22 37 3 97 40
75 109 6 8 57 75 164 8 1 20 24 39 4 1 215 211 50 44 45 49
24 90 39 35 10 20 29 82 7 34 187 3 141 25 17 41 33 114 47 5
58 36 102 10 38 9 71 61 86 6 184 2 127 70 167 1 27 111 45 108
89 27 74 100 46 3 19 157 46 34 16 18 3 39 22 5 20 145 40 6
94 2 135 18 109 4 21 19 15 18 5 9 7 13 50 59 15 40 32 11
151 19 10 39 59 4 22 67 53 24 14 25 79 82 66 52 36 6 43 13
124 53 92 24 50 7 73 49 44 11 206 173 2 82 80 51 2 75 75 41
36 57 37 29 68 25 50 25 41 75 96 24 29 76 1 43 120 115 1 46
154 134 60 44 71 81 106 50 85 90 9 16 36 168 24 122 14 28 24 34
41 4 7 19 134 8 17 20 86 38 94 54 51 3 86 74 36 50 7 23
17 26 82 22 65 40 91 29 14 99 26 60 10 62 43 35 108 5 37 20
71 141 9 12 90 84 131 45 4 90 9 30 45 32 17 10 51 26 107 248
119 27 60 48 83 92 20 88 31 47 56 89 14 2 19 146 51 69 65 5
124 15 26 16 4 85 13 3 115 18 15 11 2 27 65 4 3 90 39 38
9 66 67 76 93 22 22 33 100 43 73 18 3 44 5 6 10 22 2 27
14 22 170 6 38 59 93 57 10 22 1 31 20 4 25 166 33 39 55 39
30 42 70 58 13 1 75 2 47 36 60 11 49 20 72 1 58 4 297 144
163 259 5 52 6 41 28 51 42 5 48 63 278 24 43 3 31 23 14 91
59 41 138 123 24 2 25 125 9 7 3 302 71 11 101 77 277 1 61 62
59 80 53 3 15 82 29 2 98 131 13 3 76 43 21 97 10 84 66 39
53 28 225 69 31 2 3 3 57 27 95 56 36 47 25 135 6 58 47 27
45 95 5 31 29 26 84 26 21 1 42 3 35 45 9 73 5 17 53 11
30 15 46 97 34 9 3 102 2 81 65 5 45 71 51 45 52 11 20 9
19 1 54 66 118 74 3 55 2 33 30 15 33 2 4 121 73 92 111 88
66 2 18 94 118 59 49 161 5 120 121 19 42 7 53 1 38 48 43 134
176 78 186 63 43 99 221 13 19 37 107 16 44 104 5 119 13 6 58 11
2 42 36 11 14 78 18 12 71 12 69 54 8 29 8 8 29 73 1 9
187 56 112 26 29 45 66 116 72 180 24 2 68 4 12 35 25 5 55 16
13 7 24 10 56 28 153 21 17 36 57 110 90 135 4 60 13 5 80 52
11 51 12 51 13 21 26 34 17 28 49 4 5 3 98 13 31 122 4 14
10 120 14 33 8 35 3 9 30 101 74 109 132 20 5 137 31 52 46 28
103 85 5 43 6 24 162 39 33 6 38 37 9 127 75 66 23 2 50 4
115 228 30 150 87 73 43 52 71 165 65 140 64 18 26 50 32 143 75 132
15 46 47 19 29 68 108 50 10 9 364 82 153 34 22 20 51 29 1 48
130 47 19 50 95 17 89 17 27 45 65 287 52 12 43 126 61 48 2 45
7 33 14 21 15 91 96 2 104 134 21 8 7 48 54 18 33 10 3 12
82 27 12 38 8 134 85 104 32 34 62 46 169 14 15 19 5 23 25 43
14 14 29 3 46 18 22 57 91 37 91 68 6 1 27 10 72 32 20 57
99 2 1 23 148 71 9 88 42 120 51 48 54 1 102 17 83 29 72 36
52 12 6 141 59 94 17 3 22 39 12 82 137 10 8 74 5 25 22 20
8 38 44 6 32 8 54 1 23 28 14 31 9 53 62 26 37 149 32 71
15 32 92 146 12 11 229 21 49 40 75 75 110 38 100 23 52 57 62 14
129 152 19 20 68 10 153 24 21 16 41 78 33 182 31 65 44 12 43 149
22 90 18 157 205 16 22 111 3 30 116 90 35 91 61 17 19 25 2 89
111 3 26 162 108 15 26 149 92 13 16 42 125 13 45 98 34 4 28 10
1 10 30 44 3 58 5 108 61 31 23 35 16 48 16 36 18 84 101 24
12 11 26 78 70 10 74 3 36 13 37 33 16 19 11 9 8 62 45 75
4 21 7 75 216 20 62 26 67 27 24 3 26 67 15 3 28 98 5 8
16 28 3 282 57 34 2 40 11 1 15 23 43 169 36 40 90 24 35 106
33 8 11 1 43 8 56 7 87 24 15 2 123 8 58 28 36 24 97 9
13 2 102 45 18 170 145 14 39 34 19 6 10 111 17 27 52 81 22 76
77 42 104 4 23 1 67 70 46 24 22 54 44 21 58 28 28 24 16 11
8 10 30 96 15 102 27 34 53 7 103 25 21 2 36 45 10 55 54 24
111 6 60 130 145 59 57 4 106 110 61 60 4 62 92 29 56 3 103 48
24 97 7 14 38 31 12 41 8 7 24 53 147 1 31 38 28 53 111 2
14 43 13 123 118 121 27 75 217 241 36 14 36 15 2 96 22 103 81 18
125 14 53 39 55 16 44 8 4 9 57 103 6 48 4 134 23 101 12 247
6 14 62 80 177 150 67 56 43 58 23 210 71 3 6 19 39 15 89 13
