50 10
7 67 68 1 44 70 14 17 43 42
3 1 20 59 58 2 8 46 71 15
44 18 5 14 31 18 58 15 59 35
38 13 10 60 33 206 191 32 3 5
78 26 6 22 70 86 4 27 62 10
60 173 35 62 83 11 13 30 260 25
27 52 13 42 104 34 108 5 6 30
54 211 2 28 68 44 128 83 20 73
58 53 36 50 155 31 56 31 217 146
24 46 32 93 13 107 113 28 7 50
19 8 126 49 55 11 13 2 59 23
38 3 34 21 4 29 36 22 46 1
12 65 119 119 11 4 12 25 21 60
1 11 45 95 34 107 43 71 18 8
395 24 122 1 47 17 1 5 77 64
104 4 171 71 3 19 1 22 23 172
17 160 4 57 253 74 4 28 32 30
12 18 48 6 10 9 5 57 133 106
252 16 15 168 62 68 15 54 150 72
1 37 60 71 86 3 1 75 119 21
11 7 25 79 72 24 10 14 254 22
8 15 87 74 4 29 101 13 11 75
29 12 6 84 34 69 43 155 2 120
10 143 5 25 32 26 32 72 18 16
8 28 48 44 4 45 73 33 9 47
233 128 35 16 106 46 137 114 9 22
71 70 72 13 13 15 17 69 4 6
89 62 6 30 37 87 20 34 20 63
5 39 6 62 12 31 60 20 52 34
25 52 54 49 28 96 14 13 118 23
33 41 19 26 116 57 70 3 13 141
86 2 1 77 226 53 5 27 19 55
30 5 29 69 45 45 20 63 9 34
46 30 166 146 14 22 21 12 10 58
22 19 98 32 106 39 66 36 10 168
113 98 159 19 56 33 123 177 32 54
45 30 47 22 29 14 24 31 198 98
16 21 11 59 37 62 16 149 18 19
35 76 266 4 110 5 18 67 31 11
4 30 59 10 48 52 70 79 16 20
29 30 172 10 33 16 175 101 20 202
124 58 63 12 18 38 34 138 33 7
18 14 36 31 52 97 33 1 38 7
209 30 12 25 4 5 30 7 11 9
4 18 4 105 74 27 66 88 139 4
51 8 64 39 27 15 92 6 80 37
136 100 2 31 194 13 63 104 8 63
24 26 4 57 294 28 6 54 50 185
17 50 42 64 3 58 42 2 1 65
84 150 24 31 70 9 39 32 45 9
