100 20
99 54 137 8 25 39 57 7 5 64 77 8 91 32 19 26 125 81 39 33
21 5 59 11 17 46 79 189 169 61 16 10 104 6 32 20 43 30 22 16
2 7 31 119 108 45 99 38 31 185 18 12 15 20 22 101 60 47 6 84
131 38 19 77 65 26 21 79 48 2 4 115 11 3 41 13 133 13 96 25
59 46 78 1 7 9 109 96 30 54 63 46 73 47 43 5 202 19 8 17
16 18 14 28 111 130 9 4 29 52 29 67 40 66 90 62 20 41 46 20
6 46 19 67 1 24 15 9 10 15 130 7 21 46 43 19 129 7 39 72
26 6 28 160 3 43 11 27 4 8 62 93 27 122 10 27 56 32 10 8
25 11 28 17 12 2 29 12 10 57 36 54 120 17 40 26 16 108 76 44
5 58 42 3 57 36 10 3 1 101 50 141 13 44 10 158 45 23 238 33
119 120 40 190 177 21 2 125 6 27 59 75 138 11 6 11 147 2 40 38
35 43 59 12 15 1 92 295 124 32 178 8 6 25 13 3 23 73 74 27
7 40 268 13 130 35 57 20 5 44 10 28 21 6 9 87 27 12 30 2
30 170 37 66 5 57 129 97 23 45 33 22 79 5 49 86 1 2 188 3
205 1 25 27 10 76 49 22 210 12 6 118 2 75 37 251 22 15 10 13
81 5 44 8 13 7 17 108 37 45 25 14 74 36 6 13 135 136 70 103
19 11 16 50 59 7 22 15 14 33 40 316 39 13 3 48 183 19 36 14
7 36 15 68 5 28 1 75 91 18 162 180 15 16 8 42 43 45 29 92
52 5 122 24 102 110 13 91 24 46 27 53 79 64 45 1 13 38 9 36
20 69 58 37 29 30 11 15 11 17 180 21 25 167 197 43 29 89 48 40
42 38 38 98 54 15 9 112 16 4 18 14 212 47 76 66 11 29 15 4
4 56 96 127 53 42 23 61 31 2 53 7 24 52 7 129 78 136 54 48
13 6 3 66 73 1 67 94 89 95 32 32 7 42 1 18 52 1 4 11
93 116 28 37 6 58 60 4 3 3 2 189 45 43 64 39 18 3 2 15
21 64 5 21 8 19 40 20 178 50 76 27 85 39 47 73 101 19 45 17
54 42 7 19 7 42 48 117 1 72 74 94 87 20 3 98 57 108 43 57
34 215 23 5 4 9 14 48 80 224 100 14 12 84 52 17 42 9 50 210
11 12 212 12 54 111 35 14 84 26 55 41 23 38 28 37 100 20 40 23
59 7 18 16 12 96 81 5 30 33 193 8 12 23 98 48 13 7 25 65
15 2 99 57 330 20 3 209 47 4 15 68 1 71 18 6 30 67 33 20
50 64 102 100 139 23 77 34 61 4 136 10 8 107 70 27 80 2 10 91
49 17 56 72 82 64 212 89 8 40 17 115 125 9 43 82 9 16 29 36
30 12 1 17 92 96 3 69 5 12 10 37 11 99 12 67 22 46 8 62
9 3 118 7 78 87 116 90 4 64 30 117 70 19 40 62 23 8 184 57
76 72 22 29 14 37 162 25 22 110 42 103 39 183 11 54 19 3 85 69
8 28 2 17 73 121 6 19 25 151 345 11 69 130 45 15 77 3 17 49
44 36 3 72 130 119 24 37 98 38 36 2 9 15 19 6 180 23 13 38
223 49 21 62 32 88 8 89 92 140 39 6 16 36 46 20 31 12 27 8
18 1 14 37 45 9 36 10 35 17 37 12 38 70 181 5 21 6 5 71
8 14 79 4 55 66 45 44 80 29 62 120 169 51 47 6 1 188 37 20
23 38 293 4 25 123 50 36 32 34 61 26 2 43 33 2 49 121 87 25
34 27 15 75 25 21 11 14 60 142 37 7 123 176 69 2 10 18 23 38
8 42 104 17 57 25 4 3 11 48 37 36 28 80 8 1 46 16 18 63
29 18 130 6 8 10 30 40 16 9 7 12 1 13 2 16 29 2 22 12
37 58 1 18 15 14 34 63 33 12 22 1 72 30 5 9 11 15 95 56
28 27 37 12 109 18 41 33 95 87 150 40 120 16 11 23 45 4 32 92
5 43 70 66 133 41 2 59 4 146 9 42 27 117 29 47 24 131 205 42
2 15 49 142 71 3 7 20 126 10 17 7 72 41 15 34 58 17 148 92
1 122 60 60 15 21 2 301 52 13 62 20 110 50 131 4 91 57 30 46
3 15 48 15 13 32 25 75 53 69 11 32 25 13 26 13 78 108 25 6
25 82 59 11 56 4 17 25 37 93 6 171 44 30 3 37 79 14 25 29
23 35 249 92 28 5 67 77 19 12 27 21 4 24 181 32 2 52 24 3
161 72 45 11 7 17 32 29 155 1 60 81 46 44 26 69 7 87 10 75
20 106 116 51 18 10 11 6 5 9 134 69 3 35 20 17 14 15 154 91
16 8 1 43 61 57 16 4 1 31 56 112 30 20 127 142 59 3 96 25
32 32 23 27 15 73 95 51 63 59 49 3 30 54 56 143 6 5 48 46
56 61 9 88 32 32 143 12 68 9 66 14 14 60 14 30 224 79 117 1
49 136 26 2 2 16 8 50 34 134 14 16 24 1 137 32 24 217 66 10
91 47 124 282 13 8 6 25 44 172 175 1 21 166 27 6 23 146 176 54
23 47 25 54 21 125 21 132 73 61 4 1 4 5 27 44 82 75 106 91
32 17 112 52 60 54 2 59 13 35 13 7 173 85 14 12 11 29 28 41
18 21 9 153 291 24 32 3 257 51 63 145 68 15 13 21 16 138 32 52
4 1 56 151 152 12 14 188 37 29 32 13 29 19 106 131 11 19 13 16
23 38 59 26 22 179 223 81 35 280 9 78 51 160 49 56 4 32 99 51
44 177 8 95 58 9 40 11 22 73 10 3 9 77 130 80 57 42 15 13
9 68 104 46 24 145 8 32 105 26 158 15 44 6 54 210 72 27 22 16
36 79 92 60 45 18 10 39 32 124 103 23 52 64 7 35 108 62 7 79
25 80 8 29 34 83 165 12 15 15 43 4 75 15 24 7 75 31 1 62
66 57 4 15 80 1 22 1 20 325 51 19 49 6 103 16 35 34 14 8
31 56 116 3 7 10 109 12 61 144 5 4 15 167 25 44 34 13 70 37
50 13 52 99 88 41 118 83 37 7 12 44 52 50 57 17 3 10 43 64
50 59 14 74 7 15 26 1 74 22 350 15 9 36 111 43 261 78 30 5
277 60 13 8 15 21 1 116 26 122 21 51 19 58 45 3 5 177 40 273
12 10 3 54 37 10 9 83 113 65 47 56 163 38 12 74 57 15 146 1
104 55 30 198 9 4 102 11 43 132 39 45 5 10 33 10 1 44 21 7
33 46 10 6 8 107 125 164 16 7 92 39 37 3 9 60 164 37 11 9
21 24 33 58 2 20 48 10 41 75 77 29 18 53 22 344 3 24 29 1
76 54 37 42 41 31 165 10 4 162 5 40 27 23 52 49 76 11 10 31
18 118 30 25 25 169 23 13 26 2 14 3 6 13 15 96 21 37 18 11
74 51 44 33 2 55 39 38 50 26 83 35 16 49 72 25 42 47 28 89
8 43 12 9 12 50 51 14 28 51 201 31 16 67 71 46 65 27 18 10
14 190 9 162 26 26 90 95 61 41 28 74 26 16 39 80 19 54 7 46
30 1 18 35 29 97 25 18 5 24 39 12 166 118 26 30 217 23 5 106
90 51 89 14 27 15 75 51 248 64 3 10 59 27 10 23 20 85 145 19
23 30 47 125 55 6 43 17 77 23 112 45 6 30 22 4 22 154 55 10
190 24 220 9 27 40 96 3 72 92 3 41 48 61 42 44 144 14 85 56
60 48 2 44 48 26 135 33 4 16 146 18 3 41 40 2 56 22 38 3
105 11 28 83 54 12 27 45 24 66 8 32 96 12 26 147 37 15 49 126
24 224 4 2 18 17 3 81 2 69 88 21 29 34 89 67 140 24 144 38
75 16 17 9 120 131 39 20 22 41 83 19 76 79 74 42 24 48 39 62
20 19 27 56 19 48 30 21 39 40 50 47 14 47 175 42 65 48 14 12
97 17 39 51 47 36 17 17 53 121 14 16 31 34 6 88 14 17 17 57
90 22 153 8 298 95 32 51 45 64 170 64 23 56 44 71 21 2 63 14
11 72 15 64 37 85 1 25 66 135 12 7 7 2 83 18 4 76 16 121
144 25 64 14 46 26 133 6 64 55 93 2 87 2 11 30 37 63 38 21
14 53 86 8 12 34 2 2 30 75 12 68 12 55 3 3 3 10 10 35
3 123 127 61 121 47 61 29 2 14 57 6 23 25 14 39 2 12 31 202
4 11 6 3 62 3 14 1 25 114 43 12 12 161 187 64 185 19 20 22
6 25 73 43 22 127 37 14 60 206 39 184 9 23 108 21 31 16 137 81
10 88 44 93 29 96 39 96 46 62 76 17 49 19 48 84 19 14 13 141
