100 20
43 2 23 48 68 11 147 4 31 6 25 33 75 139 12 63 131 5 11 146
33 59 84 7 29 104 96 8 68 198 6 50 15 50 55 1 146 24 5 34
64 80 68 91 17 3 50 116 74 84 60 17 142 80 18 5 22 112 15 22
17 114 55 80 61 7 33 40 34 164 12 8 31 24 19 36 2 71 2 235
95 6 51 1 6 21 45 9 3 14 80 41 233 35 9 31 113 64 47 3
27 9 68 21 56 28 83 16 114 18 56 27 83 51 22 152 169 50 14 5
6 2 43 17 57 45 7 22 5 115 250 53 34 49 50 105 44 2 146 80
42 8 65 27 13 8 92 64 62 85 22 42 52 9 76 32 43 18 25 121
4 89 33 15 123 58 17 28 6 41 7 31 7 119 86 11 91 2 6 23
38 29 56 44 1 14 60 28 5 5 48 30 20 56 59 104 5 16 8 8
59 17 4 5 39 69 83 31 29 46 4 12 4 37 41 17 21 85 48 10
86 4 83 1 15 9 210 102 20 139 7 71 32 1 49 54 28 120 93 91
26 5 291 31 130 5 20 40 2 17 49 76 35 143 29 153 89 50 53 23
29 35 113 19 4 45 26 4 49 79 34 87 41 3 10 22 10 26 77 39
123 27 59 15 20 1 59 4 13 2 43 73 56 177 97 78 8 19 31 24
42 21 93 4 59 4 4 43 11 56 97 51 71 16 4 29 27 4 26 22
69 19 26 67 155 53 145 183 229 60 55 20 58 2 100 155 62 20 75 71
153 13 22 31 84 75 108 124 21 71 43 16 2 9 13 70 27 77 31 50
27 9 39 47 3 58 27 27 11 39 57 8 47 17 73 2 64 69 135 236
172 13 54 11 12 90 57 6 145 2 39 10 138 20 1 4 6 123 2 25
60 12 72 89 26 66 6 6 89 52 74 6 4 18 32 17 18 101 38 119
30 35 26 17 28 37 8 20 48 29 98 4 23 29 3 169 9 68 6 22
33 15 22 11 39 34 50 8 7 1 58 4 9 20 57 99 37 56 11 29
121 37 55 106 28 15 32 8 66 9 15 37 38 33 12 10 33 14 99 75
49 152 14 2 15 2 149 104 8 43 43 78 28 44 94 70 2 58 65 106
180 2 22 87 17 27 19 91 24 36 20 13 119 24 46 79 66 82 6 9
32 41 22 16 117 36 31 10 6 52 64 88 24 6 75 36 56 12 35 113
65 63 24 73 72 13 2 105 46 90 60 44 30 32 9 74 86 9 58 46
34 31 16 77 34 16 14 66 39 11 1 31 12 14 156 30 12 17 25 48
116 36 112 16 14 22 63 10 26 17 14 12 48 115 48 7 23 28 101 2
69 9 10 8 3 26 8 199 34 24 44 218 4 12 6 72 14 51 50 18
61 6 59 97 134 5 62 70 27 31 7 57 8 40 23 16 8 63 196 61
61 57 18 137 36 78 7 4 54 13 18 85 13 41 27 9 12 6 43 4
17 5 56 140 6 18 193 46 131 27 30 31 53 172 49 29 69 16 2 9
23 65 59 11 42 57 47 221 72 59 75 146 118 24 32 15 37 78 51 5
68 17 45 12 6 106 68 88 66 7 36 56 27 78 161 12 17 20 169 33
88 209 29 26 13 16 22 59 17 17 5 75 4 40 26 21 177 2 75 23
81 15 3 158 32 179 38 36 22 40 45 35 3 74 10 21 12 11 12 82
3 138 1 37 150 11 119 79 264 15 72 88 30 62 16 94 97 27 67 89
49 25 18 51 15 13 61 24 34 36 148 11 21 57 34 37 29 38 31 25
80 54 25 42 48 8 4 31 54 60 257 5 18 32 4 25 11 107 36 136
42 15 8 170 25 3 47 36 7 32 17 32 25 60 67 65 27 112 17 1
57 33 131 60 51 51 20 11 33 36 47 44 6 1 8 73 65 10 294 50
76 22 48 43 151 27 34 46 67 143 37 133 118 80 36 8 19 34 6 14
5 7 46 20 78 2 58 60 26 11 5 12 4 2 99 63 103 11 104 92
27 2 22 74 61 116 121 100 56 131 28 79 30 110 16 2 48 90 27 11
84 40 17 88 6 333 89 11 27 1 19 53 42 55 66 35 6 7 27 47
25 45 40 77 20 48 37 19 68 40 25 82 113 133 76 44 4 119 41 26
62 11 6 50 32 28 68 58 13 50 72 49 8 6 1 15 27 12 153 27
63 12 16 29 13 12 88 21 50 62 11 13 58 28 41 181 46 30 106 42
2 46 57 5 22 36 34 51 20 10 30 1 64 38 9 60 55 82 89 107
34 82 67 13 55 23 84 85 8 84 94 27 86 13 20 76 22 27 31 9
44 158 62 17 85 6 117 56 59 27 70 27 30 12 55 2 22 16 13 10
30 7 75 12 65 13 132 101 27 8 73 1 4 12 3 81 41 70 139 126
176 43 4 3 7 9 29 9 12 23 56 27 60 18 47 14 34 13 48 33
201 134 8 45 65 74 2 20 21 5 50 73 133 66 122 23 11 77 23 50
12 27 19 2 32 81 4 92 75 12 4 3 11 178 26 57 77 41 115 14
1 24 53 23 13 19 23 68 22 203 22 22 11 4 2 39 110 74 11 15
29 206 31 188 97 1 28 41 19 177 32 195 43 6 34 14 129 14 47 183
144 82 37 22 5 72 31 103 90 55 8 29 32 37 74 13 36 29 22 2
174 116 87 51 69 112 51 22 65 162 28 25 47 25 31 193 13 55 13 33
56 1 7 73 64 2 7 4 18 18 26 9 81 23 40 8 1 23 101 103
21 4 12 14 28 116 161 43 5 35 4 5 106 19 26 42 87 3 24 10
2 41 115 57 2 42 22 33 26 4 31 105 50 31 90 43 72 48 88 39
2 18 5 2 13 92 33 16 12 7 18 9 44 23 46 176 76 66 46 10
85 148 15 18 21 113 82 82 81 4 30 84 85 11 30 90 24 34 75 52
41 44 72 94 89 35 8 57 11 15 32 92 29 129 3 12 51 31 53 6
55 2 118 77 18 31 85 29 144 19 56 29 54 18 20 188 51 47 12 43
48 172 159 17 74 36 90 34 47 5 13 55 25 30 6 7 15 2 5 36
46 44 10 13 13 70 54 43 262 1 3 9 78 57 204 39 50 44 123 6
2 12 13 16 174 153 19 88 3 6 53 73 36 78 4 25 48 16 48 36
29 13 52 18 14 47 35 138 106 10 29 32 2 33 52 4 92 159 115 23
32 71 23 6 15 103 59 13 8 235 61 78 83 6 45 25 145 17 8 17
97 11 69 42 12 15 22 7 35 24 82 50 3 32 54 86 81 48 2 114
25 83 35 15 87 5 6 4 52 56 93 24 19 19 6 91 96 14 32 1
96 47 60 12 174 28 30 11 52 26 136 5 79 46 46 31 21 19 21 35
24 4 1 9 26 24 8 38 62 34 6 8 77 27 17 33 2 46 62 15
36 30 2 19 12 11 118 67 19 55 7 96 4 46 3 15 12 42 16 5
15 35 53 44 54 9 41 85 49 10 7 31 13 111 19 37 18 29 69 57
13 62 24 32 26 1 47 125 6 45 11 52 155 51 13 28 17 63 19 20
7 14 44 50 11 1 93 89 21 5 6 53 11 16 48 77 65 17 114 15
16 13 16 149 15 17 60 32 36 26 64 34 2 2 68 97 85 57 34 73
72 31 28 66 119 1 40 122 26 23 6 312 54 9 7 3 10 78 36 27
7 16 11 123 13 40 99 6 60 39 105 11 50 108 79 28 30 17 25 12
25 71 78 108 23 3 70 85 15 68 53 168 15 5 93 18 16 127 76 41
79 234 34 10 7 123 31 29 46 34 81 105 54 41 28 123 54 59 19 14
1 2 40 65 7 27 16 15 39 148 118 26 71 69 120 7 16 40 59 96
41 109 50 4 19 47 26 30 21 26 15 6 108 102 79 1 18 53 57 74
54 8 25 13 1 3 75 98 14 29 143 29 15 37 35 107 115 62 13 31
48 13 186 49 16 27 14 25 24 31 5 94 2 107 40 22 141 57 29 53
1 3 28 51 14 13 10 156 80 89 311 36 3 42 79 79 124 13 32 40
229 231 88 71 12 41 22 62 4 57 1 116 47 66 31 88 105 51 15 179
19 31 19 199 12 120 13 7 12 150 11 35 49 13 130 5 21 79 24 56
2 8 115 108 14 14 3 17 71 37 129 8 61 6 13 99 65 153 45 22
7 3 4 10 15 98 21 9 105 207 30 12 170 27 2 15 209 11 115 28
4 47 21 38 52 29 84 18 97 81 41 9 162 7 1 37 32 158 58 16
55 37 65 80 80 7 41 59 81 6 16 48 3 37 81 183 140 29 23 60
28 47 162 10 87 50 128 48 26 58 46 1 29 4 66 64 7 30 5 4
1 13 31 195 166 7 4 44 6 162 8 100 61 71 54 11 59 35 18 31
11 6 39 8 36 63 70 162 10 109 1 13 4 79 19 38 13 56 60 53
