50 10
50 47 26 47 31 2 83 77 23 26
17 25 10 88 18 8 8 2 94 65
96 39 73 48 13 14 1 20 99 151
10 28 55 145 15 89 25 14 170 64
22 8 126 60 78 88 57 92 162 29
13 12 69 49 71 98 25 16 11 5
20 5 10 3 52 16 54 138 33 96
1 67 80 120 7 12 9 5 33 92
28 50 39 170 109 46 16 161 94 29
23 31 49 33 30 36 11 8 20 65
35 45 92 8 11 5 48 64 75 42
33 106 56 95 41 90 43 41 68 4
27 244 4 53 131 23 54 12 85 3
7 9 43 3 49 5 48 15 2 45
1 78 45 128 4 177 4 22 52 30
14 53 9 12 16 106 54 96 189 48
15 24 39 8 81 38 43 6 11 6
48 27 10 47 54 133 111 41 216 27
24 31 18 99 32 4 17 4 30 49
7 16 32 140 15 37 39 15 37 60
94 11 14 7 1 78 1 43 9 3
23 11 84 16 67 6 276 72 29 39
17 17 6 1 44 34 98 13 23 39
86 49 55 63 57 3 8 55 36 118
141 18 16 2 25 12 75 27 31 17
10 196 17 206 118 88 30 1 3 72
8 128 15 9 40 136 27 21 6 12
10 123 78 102 42 26 6 30 9 194
54 12 13 37 30 138 116 11 119 4
48 104 129 118 135 231 118 9 45 38
368 16 14 158 11 21 155 29 34 17
140 2 35 42 103 9 73 38 27 21
128 17 2 32 115 104 4 98 3 186
3 36 20 152 6 1 32 82 52 3
25 71 18 89 24 35 32 5 42 38
56 35 148 37 148 24 16 1 67 21
9 196 28 30 7 6 19 12 7 2
16 9 110 378 77 38 120 10 22 21
19 48 153 23 50 9 27 21 86 55
16 56 22 100 67 18 72 56 3 128
15 93 12 70 38 76 85 9 117 70
57 42 6 83 145 39 259 85 28 2
62 43 13 10 27 7 13 6 47 5
23 47 53 3 6 14 43 14 228 150
33 51 59 45 40 75 8 156 19 128
22 20 19 6 122 39 40 110 12 31
182 31 75 54 7 108 59 212 259 142
36 51 2 19 4 31 22 266 100 18
101 36 26 37 108 35 82 65 94 81
8 54 16 128 50 37 3 1 66 61
