200 20
57 19 12 26 95 63 53 65 35 141 18 262 67 58 52 48 21 27 82 160
45 5 16 33 67 51 56 29 30 11 8 46 84 42 117 19 42 19 68 13
84 75 31 15 47 72 90 65 52 58 7 36 217 209 56 63 47 144 29 7
9 17 13 6 5 31 7 8 1 55 40 42 21 3 31 17 34 26 95 61
45 85 9 7 26 10 22 43 25 20 12 35 28 23 1 67 11 37 38 30
14 65 100 67 3 30 48 15 2 100 3 9 12 21 60 43 116 152 15 35
31 46 82 92 68 161 133 13 32 169 98 70 13 2 89 32 73 29 8 39
128 12 68 109 184 30 21 15 33 66 21 23 71 76 86 21 20 16 21 55
84 22 159 29 6 54 3 36 3 23 78 100 27 37 106 139 93 9 4 9
81 83 20 81 101 113 6 99 47 11 31 13 15 92 27 43 143 14 69 42
40 312 31 176 35 17 238 21 66 118 66 105 2 6 24 2 88 21 7 18
112 7 129 12 5 3 121 35 45 125 3 113 74 140 54 48 24 12 96 36
235 27 21 111 8 3 10 12 140 7 8 10 55 42 29 44 13 12 53 42
26 114 36 56 5 12 41 3 16 202 12 73 7 13 7 26 65 41 31 31
53 40 18 16 1 20 7 36 92 16 11 14 42 48 19 6 13 9 25 63
49 2 16 13 17 78 3 27 126 48 67 55 90 8 65 212 127 40 76 16
32 41 23 10 28 13 58 147 21 60 28 63 55 31 7 1 72 66 25 42
23 11 32 1 20 9 14 37 63 127 28 55 234 116 43 67 82 54 229 12
16 40 47 110 10 111 88 12 19 4 169 21 50 31 72 47 69 23 7 6
105 91 18 9 57 45 177 24 66 34 18 80 100 17 32 82 134 93 114 39
38 36 61 279 77 20 37 29 7 74 40 171 76 32 53 13 1 20 119 26
112 20 24 5 1 37 63 59 61 166 77 77 3 89 24 29 27 63 49 15
105 4 145 135 18 51 55 32 81 38 9 72 14 35 15 92 134 23 2 120
1 57 72 49 34 237 56 10 25 67 4 16 25 47 158 9 51 33 9 19
56 9 81 55 37 16 8 81 32 17 5 59 64 27 104 65 3 26 8 61
62 48 186 45 1 164 48 6 4 10 29 6 66 22 109 39 23 7 14 34
69 21 20 27 9 12 9 117 196 18 15 13 7 19 45 4 386 174 110 122
1 4 6 27 50 50 103 22 32 12 51 24 6 39 72 52 16 22 23 6
18 217 118 122 91 64 9 58 26 17 95 56 64 2 38 4 52 31 62 25
8 119 28 46 51 21 20 228 18 15 27 84 10 17 89 108 12 65 73 39
58 6 48 74 28 81 241 24 22 74 26 44 19 62 177 66 60 10 3 68
53 163 142 120 3 172 63 12 34 190 10 29 89 15 2 44 12 87 18 192
41 55 27 40 37 80 6 34 16 61 45 9 12 77 6 39 25 25 32 65
20 23 59 34 38 34 143 24 84 18 43 11 103 3 36 5 34 8 1 74
68 31 29 83 82 86 14 2 123 16 12 53 32 14 102 52 14 24 12 9
36 22 9 52 10 24 45 61 65 22 55 21 29 8 5 48 50 27 49 1
11 80 15 190 119 55 7 16 48 10 69 2 86 12 104 53 65 25 4 20
33 56 61 64 36 32 10 18 59 6 45 63 55 48 30 20 14 61 29 96
47 12 67 119 4 46 5 19 133 22 82 63 204 145 72 33 5 35 12 166
1 26 40 5 17 6 3 2 79 53 36 44 49 89 44 92 14 5 5 25
23 43 8 12 10 37 80 71 6 21 7 28 63 66 59 33 34 38 76 8
15 9 41 1 55 44 46 27 84 61 8 15 52 32 172 127 131 14 98 35
17 13 79 2 42 26 11 35 158 19 65 25 10 93 107 10 7 89 8 18
37 71 31 72 5 31 26 50 30 2 10 43 17 64 3 67 111 27 33 17
127 5 26 20 39 34 75 10 20 126 4 3 59 41 23 30 56 50 4 14
49 2 8 73 19 80 128 3 53 5 14 15 115 31 36 30 18 26 81 17
44 61 20 50 6 88 1 213 36 56 102 22 51 32 46 75 58 5 42 96
9 66 14 95 39 43 5 54 124 18 21 197 2 42 8 18 41 70 42 37
36 8 137 78 13 25 35 40 109 78 224 9 3 26 148 6 101 25 10 140
28 62 46 45 68 59 54 204 36 10 75 38 9 11 93 25 126 33 88 31
71 87 14 41 58 138 206 55 17 38 7 69 24 10 62 58 266 107 36 70
2 4 94 8 55 19 1 53 9 16 39 8 42 21 36 154 10 79 22 13
12 7 28 18 93 32 50 84 13 55 54 69 34 37 98 8 6 17 20 10
68 22 83 86 20 98 83 66 163 50 44 51 20 38 42 17 34 11 15 16
25 31 28 10 14 93 17 77 25 25 54 2 69 35 122 8 190 23 49 4
20 4 22 35 22 18 35 55 47 20 34 53 57 61 67 33 25 139 23 23
20 33 5 23 49 20 171 2 11 15 32 123 30 61 43 30 51 56 58 54
20 27 48 16 8 1 37 61 14 52 107 80 17 97 51 115 23 89 1 57
33 16 89 102 44 48 53 3 11 57 274 74 13 8 11 43 7 21 22 128
64 3 79 65 25 18 36 24 11 48 74 69 24 13 120 16 43 20 18 13
26 42 13 41 17 127 102 5 74 1 78 126 101 44 14 58 18 14 14 94
37 14 21 5 193 7 82 53 23 13 27 6 33 32 291 4 56 97 34 36
68 57 2 20 113 40 74 5 38 136 86 116 107 75 27 12 12 2 45 39
41 23 35 1 26 103 47 62 9 39 54 6 23 98 231 48 12 54 31 78
17 43 11 12 12 122 25 16 76 83 29 117 4 24 28 2 8 18 15 214
104 46 127 56 26 1 12 87 42 5 30 164 24 14 24 218 22 181 86 33
3 114 110 10 10 262 85 62 95 1 49 33 239 53 189 6 7 62 2 20
24 15 36 20 27 66 113 57 106 24 40 22 9 101 93 64 8 63 152 20
9 5 80 6 16 1 15 81 34 16 12 44 55 28 55 64 11 8 54 51
9 25 61 76 44 34 14 40 46 29 22 13 142 114 84 89 13 18 36 13
49 41 78 36 31 39 29 327 84 9 49 25 3 3 19 32 3 38 30 103
36 37 1 38 3 3 4 91 18 39 20 6 5 26 60 32 13 105 11 130
187 31 6 37 152 106 38 6 23 2 129 42 10 122 13 1 81 56 9 29
98 16 9 349 24 34 16 19 14 133 86 62 31 9 94 22 78 10 28 3
15 32 16 83 37 172 44 35 112 25 34 11 7 12 11 26 107 33 33 28
44 28 88 112 81 28 10 6 42 40 71 30 71 207 11 3 12 21 69 110
106 41 69 104 11 36 21 15 46 15 8 19 6 118 37 115 193 91 72 6
85 153 3 20 5 211 92 8 27 68 215 26 28 28 11 130 54 5 10 94
98 41 31 17 72 45 15 192 24 19 17 10 61 6 19 2 29 61 32 96
86 7 3 82 10 100 17 115 163 52 15 56 62 38 48 179 33 84 6 19
16 118 83 69 8 26 7 171 122 265 81 116 41 45 41 12 41 58 32 9
21 17 133 14 33 20 101 22 13 35 15 86 93 153 72 32 4 7 40 43
7 22 85 106 105 7 52 56 107 4 45 217 6 80 76 38 61 73 31 11
6 6 28 7 12 93 20 25 17 97 21 10 28 47 9 84 1 1 8 15
44 14 73 80 16 54 51 67 107 258 88 47 60 88 67 74 26 89 91 42
1 45 3 86 61 2 12 9 31 20 20 57 3 10 21 54 22 3 11 19
88 70 275 10 74 146 11 165 23 26 24 1 14 24 93 129 3 34 20 37
102 4 10 48 12 16 71 63 21 99 13 10 32 7 83 13 43 30 25 32
275 37 154 93 24 10 140 65 8 15 107 186 43 112 109 2 9 71 19 20
13 24 21 94 8 81 44 79 5 145 16 20 131 46 23 11 33 30 66 321
136 325 67 64 221 129 20 7 104 3 21 8 84 147 30 8 5 18 34 57
291 18 15 96 81 20 18 98 4 100 29 14 59 69 14 32 27 7 11 22
33 28 32 36 1 54 22 5 26 42 11 137 3 18 5 57 6 41 56 116
229 24 9 17 4 19 6 2 2 17 8 9 11 14 3 1 1 139 67 20
271 35 40 2 49 64 52 7 18 58 41 71 108 30 67 2 56 44 29 46
69 147 35 8 84 3 6 331 17 16 58 12 24 20 7 22 13 219 9 56
35 16 6 105 72 60 5 31 32 22 10 79 63 20 5 25 41 103 14 40
18 2 59 36 13 102 56 346 30 131 2 22 60 19 13 42 25 17 88 90
39 79 96 33 31 1 3 61 58 62 13 56 3 29 153 70 128 224 30 9
39 54 5 144 37 1 66 14 75 44 223 39 9 93 79 10 242 21 66 39
15 84 2 90 4 158 40 14 9 79 72 14 35 118 24 7 63 24 31 8
101 8 82 46 2 1 11 24 43 162 23 59 96 45 12 27 7 9 130 3
30 35 17 1 37 69 69 28 55 66 20 47 48 13 51 47 9 158 6 22
8 67 3 6 35 37 23 84 79 3 65 111 4 16 23 35 71 33 24 7
22 62 44 78 11 7 94 113 88 23 7 171 2 20 4 17 116 6 39 5
74 84 128 5 57 67 16 89 68 116 38 60 42 14 213 1 158 36 52 57
37 24 12 6 87 16 44 10 153 41 43 1 49 40 5 88 285 5 6 29
69 67 1 13 1 19 14 109 65 36 52 16 22 71 62 1 77 54 13 27
5 14 33 3 106 41 77 80 17 28 46 35 76 9 255 59 114 27 91 3
10 26 54 14 88 216 122 20 63 29 68 165 74 12 16 77 44 12 8 37
80 14 23 74 90 44 27 30 8 4 79 134 51 8 6 9 26 2 4 105
33 26 68 63 11 11 9 25 6 1 22 5 4 19 21 190 29 6 6 8
99 88 23 12 176 74 62 8 56 38 54 10 61 85 62 31 4 40 78 187
268 28 15 51 35 6 39 29 14 53 151 16 6 30 115 112 40 43 111 84
82 75 19 40 31 197 63 2 21 13 42 31 43 135 9 27 118 138 40 21
54 3 74 38 17 104 26 31 28 86 118 33 33 16 42 92 12 47 227 188
21 8 148 19 8 24 56 55 13 26 108 7 48 15 41 11 12 23 30 92
122 69 41 182 44 88 16 28 4 98 62 20 34 24 40 12 10 10 24 85
4 60 35 6 78 42 20 68 61 35 15 111 12 178 8 46 8 36 86 57
46 14 5 13 37 61 20 20 36 67 7 166 3 117 205 132 88 40 26 30
72 52 1 2 16 112 4 25 23 2 38 34 18 35 33 66 20 30 102 44
44 4 2 61 24 23 65 140 87 23 49 18 32 117 13 67 11 2 6 43
25 24 3 71 3 62 28 78 49 23 14 17 107 66 86 22 115 6 77 70
22 12 4 20 9 2 213 6 46 64 4 4 31 6 69 181 46 46 76 14
163 30 124 37 1 12 110 18 8 61 70 1 69 168 24 14 45 140 146 11
42 53 63 57 51 176 100 105 30 47 2 65 33 212 58 13 162 102 40 130
45 95 65 50 27 39 31 62 22 11 5 11 61 54 32 145 96 11 93 32
75 23 29 3 42 35 150 95 150 75 17 8 7 39 5 50 53 48 69 54
27 54 9 14 19 3 50 16 44 70 111 48 53 86 50 26 17 178 6 41
7 21 11 1 60 75 8 162 16 4 9 33 47 48 7 198 32 7 20 22
8 122 9 34 104 70 22 6 64 5 13 86 20 15 34 18 35 78 117 4
60 62 40 29 23 59 32 62 2 41 2 37 50 55 57 19 35 63 92 20
59 24 4 41 11 34 141 60 8 78 33 6 9 1 266 10 25 103 144 34
89 62 23 151 17 93 7 10 48 9 74 323 74 7 18 21 17 59 76 67
56 83 18 7 202 29 64 78 145 28 151 20 7 268 38 37 206 95 14 23
5 44 89 49 279 2 157 33 87 112 24 42 27 14 40 106 64 68 33 36
18 100 74 20 45 287 3 28 137 10 21 75 13 111 46 62 7 25 53 45
44 18 116 124 28 62 32 47 16 40 66 23 34 21 57 4 158 23 154 10
77 7 15 16 78 60 10 44 72 18 52 20 57 3 29 31 87 29 3 234
15 2 27 19 17 30 135 67 45 16 129 40 70 7 93 5 9 10 120 20
40 16 33 4 9 34 96 20 140 28 76 115 3 28 71 148 11 5 14 72
63 1 64 2 62 47 45 43 66 18 6 13 8 78 75 42 29 64 29 15
188 30 44 41 56 81 11 84 85 6 17 33 6 36 80 3 53 56 18 2
152 169 39 36 62 30 65 4 8 29 36 37 23 47 38 23 18 94 24 68
16 7 31 24 23 63 210 100 24 20 105 42 43 91 58 41 40 70 11 35
3 26 6 11 33 40 1 73 1 22 19 11 31 19 40 32 36 124 39 162
8 52 97 203 25 9 130 125 48 1 25 5 9 58 66 9 133 4 204 82
35 15 15 76 9 40 79 45 16 98 17 58 155 19 7 150 29 18 16 1
44 18 3 125 13 20 13 23 104 31 34 86 70 56 89 34 92 7 29 11
83 15 28 39 39 95 161 16 29 13 37 83 104 6 85 54 4 5 122 116
293 6 150 51 114 78 113 30 6 14 9 11 26 2 6 149 59 22 6 68
126 50 14 5 35 4 46 5 20 1 110 19 60 15 82 36 7 5 29 41
227 33 77 35 135 2 89 11 15 32 43 43 19 3 111 20 21 78 67 21
42 59 90 23 11 44 59 15 3 26 33 13 4 24 105 11 58 28 78 159
53 340 148 25 20 101 19 35 76 103 23 7 189 92 6 60 52 62 57 12
58 124 75 24 19 27 58 40 24 83 11 169 81 63 3 70 28 59 104 48
36 38 7 19 1 104 95 1 17 24 130 71 43 53 50 7 38 71 28 106
36 39 26 60 66 24 32 38 86 92 13 107 53 35 19 143 178 32 45 220
70 41 52 62 5 105 49 93 36 76 17 69 59 60 28 6 23 17 3 14
16 15 31 46 13 26 5 13 120 51 4 146 26 82 20 74 10 54 31 99
86 9 5 15 16 28 48 30 41 8 27 36 4 161 25 18 35 131 26 3
36 2 90 69 47 24 12 83 4 6 56 75 63 9 7 18 59 12 43 63
18 28 100 4 101 15 4 52 110 63 144 5 40 79 63 137 48 6 4 74
194 79 12 76 74 74 47 130 18 18 5 134 66 3 17 78 2 46 61 29
17 114 25 76 39 70 12 169 25 140 218 42 50 24 3 40 7 44 43 6
28 54 68 33 135 68 26 59 90 32 24 20 4 218 9 84 23 89 70 12
74 204 19 25 68 11 38 80 24 11 7 39 178 68 15 58 30 47 27 27
62 117 46 5 126 56 4 17 43 118 31 8 52 18 45 8 7 107 40 7
20 66 52 9 90 19 69 46 1 152 56 3 46 135 16 18 7 8 31 70
10 42 22 25 5 41 23 89 38 59 9 60 10 48 6 17 27 14 109 19
27 21 39 21 15 7 138 34 41 16 13 5 5 4 37 4 219 93 14 8
159 12 3 63 81 16 3 22 31 68 19 108 26 53 43 66 25 43 60 21
10 13 66 88 3 97 24 59 68 25 23 30 57 131 8 27 60 28 11 100
233 38 7 45 43 142 5 165 37 185 5 32 33 16 52 58 45 47 17 14
18 63 2 20 50 34 16 176 72 133 119 217 45 76 56 120 35 87 39 6
170 67 90 7 73 138 4 217 25 31 42 75 14 81 16 13 18 2 53 16
44 214 36 44 6 131 98 16 9 33 10 53 110 5 210 27 2 12 41 26
110 20 88 27 43 67 5 16 109 193 21 19 114 71 57 94 44 17 15 102
17 85 166 41 36 28 67 23 42 9 20 3 2 105 17 57 76 47 65 7
202 92 42 25 37 3 94 44 82 23 41 19 38 84 5 38 62 65 17 8
65 130 148 54 47 9 11 15 50 31 4 2 5 8 8 2 117 45 73 2
19 5 60 6 74 66 55 33 149 18 29 53 46 6 130 3 58 12 26 29
27 1 141 3 55 32 49 40 30 10 2 136 31 70 6 4 8 23 15 27
63 61 43 101 51 82 19 26 78 7 112 17 62 114 52 7 140 19 80 110
60 1 27 3 2 64 69 69 22 25 2 17 8 82 21 74 11 22 88 48
72 17 20 54 7 72 28 28 68 31 75 77 83 89 12 21 68 330 23 93
16 8 115 234 20 5 54 5 36 74 14 118 3 50 8 13 42 52 4 171
54 41 74 104 88 33 1 22 79 39 64 46 23 46 96 4 12 337 3 93
17 95 156 16 116 90 7 50 126 28 74 32 32 97 2 99 48 317 35 26
115 6 1 38 19 14 45 128 92 16 25 3 49 14 77 10 40 110 126 19
108 16 33 2 142 5 12 25 52 77 30 233 75 108 8 14 147 1 39 8
154 44 37 53 31 110 22 61 39 150 217 15 8 6 7 17 102 37 15 3
4 47 125 178 89 135 48 52 53 103 16 30 2 22 18 13 14 97 37 1
63 115 23 5 23 13 39 40 64 120 11 15 2 23 34 78 41 81 30 35
3 3 63 10 137 7 152 90 15 38 5 59 128 10 69 6 6 7 1 17
104 13 5 54 15 24 173 6 21 15 74 3 67 68 2 35 18 37 5 107
24 20 47 54 4 63 67 137 239 1 398 6 43 24 27 64 57 20 89 98
130 3 10 27 19 16 145 15 25 6 186 22 13 13 24 27 24 57 50 45
64 86 25 95 61 124 34 139 4 155 82 74 64 80 46 37 91 30 2 6
28 12 14 17 60 77 84 24 39 2 56 79 12 56 22 78 15 51 1 86
