100 20
3 17 36 51 24 5 103 102 8 47 34 19 65 48 4 55 35 20 112 15
68 29 7 45 5 18 37 3 20 50 52 33 14 24 33 37 74 27 55 12
24 5 62 11 7 61 131 27 6 136 126 22 31 35 148 3 4 3 2 15
18 8 3 48 41 153 9 62 30 14 129 90 3 16 88 16 123 42 2 75
16 35 13 26 34 3 2 12 137 84 1 83 7 19 72 44 13 67 12 50
14 36 5 13 51 6 30 11 27 5 25 33 27 6 72 90 15 5 17 21
14 15 29 32 36 151 114 88 81 4 40 25 171 114 20 109 35 50 79 3
11 36 8 69 164 8 19 5 49 35 55 116 13 14 89 19 91 110 52 5
85 17 6 57 126 56 1 102 61 75 15 36 6 25 35 5 13 31 12 49
29 7 39 6 38 9 59 36 62 66 81 1 15 19 88 55 25 13 150 48
10 25 21 47 23 46 1 13 51 53 2 53 29 16 22 76 129 4 9 30
48 80 50 60 154 6 52 15 76 14 37 42 102 21 54 1 135 15 37 15
118 39 32 82 152 176 3 20 171 46 18 90 86 67 35 15 36 25 164 37
13 33 27 39 22 18 103 166 17 3 8 82 9 120 65 21 117 77 28 85
28 38 26 1 2 3 26 63 199 62 32 5 28 6 136 16 238 13 44 15
69 67 31 24 22 55 55 48 92 60 49 16 141 87 42 4 28 29 16 20
109 89 36 3 15 5 57 26 70 29 88 49 24 20 18 31 3 6 187 20
3 71 144 54 6 2 46 40 2 96 29 182 11 11 36 23 28 23 5 172
31 30 8 31 22 6 91 8 13 6 33 11 6 80 41 35 13 65 16 2
11 5 34 27 27 4 46 12 194 36 29 49 118 17 10 127 40 1 169 11
7 25 30 78 43 19 50 88 11 49 104 21 26 5 61 57 1 39 14 10
23 10 55 51 47 29 95 18 67 94 2 112 4 5 44 3 50 19 49 7
45 17 129 12 9 29 3 3 13 7 73 21 145 23 11 5 71 8 37 4
242 16 19 44 98 26 86 64 21 3 10 48 40 21 16 82 7 11 8 3
79 83 353 6 51 158 70 36 41 244 60 163 10 34 21 22 54 157 6 18
75 158 7 29 53 8 25 104 18 8 83 8 102 7 19 1 6 75 17 56
92 96 89 90 17 62 27 26 156 68 12 22 67 157 30 110 22 76 28 43
2 110 202 8 32 15 56 58 39 85 18 48 64 4 99 11 15 14 15 12
13 26 69 19 126 128 19 19 55 15 18 5 33 12 81 18 62 44 131 180
78 54 34 15 45 13 33 23 72 41 130 17 43 132 12 14 71 32 61 62
18 25 35 41 35 12 158 31 83 29 19 155 5 108 5 117 23 72 22 8
6 43 26 72 193 88 47 84 40 41 225 21 45 1 116 44 17 12 38 25
14 25 35 20 39 43 69 27 18 18 111 38 6 72 59 7 274 1 94 86
34 122 89 71 68 32 71 71 45 47 37 50 180 58 79 151 105 63 12 49
23 21 10 68 25 15 37 54 22 44 16 42 21 22 18 20 29 46 18 13
6 35 97 15 14 12 5 43 21 24 21 14 36 2 5 193 15 73 99 11
18 11 70 126 32 38 132 55 40 48 5 124 6 5 42 161 35 57 33 129
2 8 7 31 71 173 59 15 22 31 7 28 61 17 29 3 68 19 6 31
42 83 95 243 79 19 76 97 33 5 36 146 35 15 45 3 3 61 62 92
17 17 24 1 17 48 74 10 54 22 7 24 55 50 31 1 75 120 152 3
103 17 18 25 55 59 20 21 4 26 9 120 85 6 46 44 39 13 15 56
76 42 4 100 37 93 176 35 5 45 46 104 81 52 116 26 1 10 8 16
34 7 36 67 42 8 2 46 6 13 56 82 41 75 79 57 6 6 27 9
205 12 17 75 26 104 130 12 111 90 21 40 18 10 2 227 14 41 6 49
154 23 37 31 7 64 15 4 91 5 10 66 44 8 46 40 33 69 59 5
1 17 10 72 1 3 35 17 16 17 11 45 17 58 13 71 44 72 9 5
73 6 39 55 36 54 48 14 36 2 22 9 11 49 325 137 8 196 10 4
105 198 67 1 14 32 45 15 32 9 36 21 13 73 52 1 10 26 31 118
49 21 3 12 44 3 5 50 40 21 118 83 103 156 30 17 69 77 68 73
80 24 119 121 23 53 63 1 118 7 260 87 55 14 25 58 9 131 39 12
64 7 259 113 12 119 41 26 59 48 80 3 47 50 70 23 23 19 2 6
30 122 21 8 89 1 25 54 20 18 42 60 45 4 6 25 7 34 1 144
67 139 20 10 40 13 74 37 40 52 10 3 41 1 137 68 4 55 46 32
13 17 100 22 10 47 103 77 108 1 12 52 18 34 19 13 169 46 49 27
70 22 19 78 106 27 60 24 76 153 4 4 25 11 65 24 67 39 4 5
25 12 25 5 48 22 26 16 27 71 46 47 42 175 8 14 40 27 14 80
11 18 30 37 46 139 91 24 17 18 8 25 22 11 89 22 2 61 197 46
36 33 79 4 21 143 26 3 2 1 22 42 135 45 154 32 17 110 20 12
76 116 34 15 27 71 44 210 69 53 49 12 87 96 6 155 7 5 35 139
30 89 19 30 141 7 13 65 25 93 30 2 84 4 84 8 107 10 80 68
36 5 26 55 22 19 118 12 26 78 74 107 144 152 37 118 68 21 11 97
3 30 19 27 30 106 17 3 123 51 27 155 18 66 68 79 46 68 13 86
17 7 18 96 119 21 70 2 6 48 42 77 48 48 9 12 12 8 6 39
3 9 66 20 14 4 119 110 33 22 216 8 28 115 38 20 52 59 7 68
27 5 2 62 28 44 7 14 164 46 2 307 45 80 14 115 8 22 2 83
28 11 20 28 16 1 11 72 21 42 11 9 26 34 1 26 20 1 73 57
12 53 52 40 40 25 9 14 15 26 26 8 42 19 37 74 53 18 13 96
20 35 177 49 1 11 21 61 137 1 26 41 48 80 34 103 71 253 87 4
117 9 95 27 23 42 30 10 63 33 70 31 65 2 169 229 81 7 2 163
27 7 17 44 32 45 5 38 4 35 20 44 24 72 5 39 5 35 36 18
37 19 55 92 112 23 57 112 162 66 55 58 10 32 57 152 9 134 14 34
108 49 6 56 157 18 66 17 111 1 66 42 21 4 24 41 88 49 10 42
29 86 30 2 62 22 3 1 87 32 2 184 31 56 166 116 56 52 89 55
113 61 123 17 6 10 24 99 96 32 91 42 67 207 9 81 34 104 45 1
31 22 10 19 107 8 158 3 20 90 55 94 13 1 40 56 47 17 53 13
18 2 16 55 102 1 74 5 119 22 33 99 43 52 41 1 45 70 58 51
17 18 43 81 125 59 1 35 42 68 1 74 22 12 155 129 90 36 32 58
66 57 3 71 23 24 27 44 79 3 57 78 50 131 12 18 33 20 80 24
45 4 51 115 14 60 2 77 10 12 26 31 9 13 60 307 91 58 4 111
6 66 28 57 22 10 6 127 68 13 6 34 19 57 101 54 33 16 65 29
141 5 27 95 44 19 31 91 41 46 135 16 13 88 1 114 48 23 60 46
64 86 152 51 62 53 103 26 50 51 34 9 25 4 32 40 48 60 88 5
12 52 67 26 106 70 53 84 53 92 178 29 85 56 56 46 32 44 3 9
375 31 16 20 10 6 43 11 32 13 39 101 8 50 2 55 23 22 5 10
50 9 88 138 3 12 67 85 46 1 9 54 163 155 53 43 19 97 6 31
143 27 293 5 38 25 35 92 186 106 71 146 29 44 93 147 137 49 95 1
17 39 102 56 30 61 67 34 109 136 46 83 86 59 53 4 36 33 96 63
41 24 62 32 7 89 3 55 49 10 90 150 11 77 130 51 2 43 17 107
33 56 107 32 80 108 74 32 14 94 135 3 64 29 51 68 20 23 8 38
108 192 43 195 58 2 59 29 195 25 49 26 151 19 44 14 44 95 57 78
7 36 3 25 22 82 56 49 225 76 30 17 75 82 93 49 100 49 53 122
72 46 30 24 72 22 27 61 59 182 69 61 53 71 37 50 91 31 25 66
80 98 78 109 6 58 82 13 9 4 11 7 49 38 43 191 14 49 12 77
16 39 32 75 34 18 11 11 67 28 38 104 8 41 40 54 50 20 87 11
44 61 5 13 96 3 9 129 93 114 17 38 73 86 31 104 67 21 91 21
6 80 14 175 42 8 35 59 168 36 24 52 33 95 19 20 40 17 9 34
99 27 107 46 7 83 232 24 21 7 8 68 83 24 33 40 166 16 31 3
102 86 16 21 28 31 89 98 70 44 105 3 19 20 22 24 52 37 28 60
37 23 24 91 26 27 3 7 121 22 49 41 15 1 68 26 38 78 84 18
33 69 36 7 65 39 37 2 104 163 24 12 60 12 96 25 75 55 50 30
