100 20
20 6 32 8 74 197 99 24 11 65 37 50 12 43 15 139 7 64 4 23
64 14 94 55 70 15 3 103 18 1 52 13 65 47 24 93 22 73 23 86
31 14 78 83 90 92 64 17 30 40 38 25 41 90 49 42 1 24 8 38
49 70 20 16 151 123 29 35 8 27 149 73 2 4 5 5 3 73 17 48
205 24 54 30 17 99 120 55 86 58 23 43 195 15 53 37 22 21 47 20
16 4 118 108 33 5 21 15 54 32 33 40 23 51 166 58 22 9 51 41
20 23 73 5 21 100 5 95 23 144 18 11 25 52 8 4 57 17 224 46
52 17 17 72 7 23 20 39 53 117 17 27 8 26 29 7 17 10 64 56
140 1 3 79 104 70 47 12 36 24 144 19 15 48 16 35 12 8 13 29
107 199 5 225 62 15 69 22 5 37 50 11 51 72 33 28 21 6 18 10
97 8 36 83 89 64 75 78 16 10 68 24 41 37 98 44 45 28 130 41
120 108 61 6 66 2 17 107 12 54 119 2 2 28 60 51 119 144 124 161
153 27 62 22 189 7 17 121 7 7 85 58 60 1 174 3 23 63 1 65
14 172 50 61 101 35 10 50 24 19 1 17 50 64 16 64 42 4 13 28
16 59 6 4 92 7 1 50 92 128 75 30 45 9 53 79 53 29 53 8
76 28 67 15 47 81 16 11 134 81 235 32 43 128 31 24 33 24 32 8
48 2 170 13 13 66 52 16 41 2 64 12 6 17 17 31 135 29 76 5
8 1 23 13 53 26 33 16 119 3 6 1 29 70 24 13 7 7 40 19
70 65 78 54 66 10 33 15 208 18 57 3 4 31 30 16 20 17 47 17
79 65 76 6 48 12 17 28 16 109 73 4 18 24 65 33 32 14 29 111
116 65 54 36 68 77 80 151 14 20 25 20 45 26 11 194 15 7 99 13
150 129 15 50 42 159 20 77 103 133 36 29 84 34 10 197 155 30 4 143
128 152 12 1 70 27 20 43 6 62 60 172 145 73 1 44 31 51 92 3
63 33 91 6 69 1 26 21 37 56 8 95 81 44 26 21 32 12 1 16
73 4 92 31 4 69 4 36 107 77 5 69 91 10 20 8 9 16 46 18
80 4 22 61 36 9 107 3 7 26 17 39 72 2 74 9 177 55 36 51
6 24 35 4 81 53 62 64 44 30 79 60 19 2 30 19 20 138 51 8
52 9 27 67 66 32 58 1 19 13 91 147 22 36 68 128 91 76 4 13
5 72 31 98 63 25 34 4 3 45 41 6 101 136 4 52 52 142 22 8
33 24 4 110 30 107 27 47 86 9 22 40 13 3 74 23 39 4 154 11
68 45 31 45 32 40 30 110 74 69 27 38 17 12 82 21 8 83 3 33
11 46 120 87 22 77 45 7 72 12 35 17 11 3 1 159 47 31 28 14
19 165 198 12 90 40 11 42 22 141 124 47 126 248 64 16 43 6 35 1
33 79 64 35 8 51 76 50 22 105 113 10 78 6 179 2 27 27 94 80
23 41 17 3 13 13 194 5 2 3 49 65 25 25 44 62 6 48 130 21
75 2 66 59 178 10 34 33 29 50 78 76 23 42 57 8 11 35 72 25
4 9 165 18 25 8 177 7 40 66 24 162 2 43 119 91 75 48 137 105
34 169 114 8 8 4 20 89 3 27 5 9 30 39 3 2 16 46 16 18
131 182 56 11 20 3 56 135 61 21 63 149 71 153 30 31 18 14 80 112
168 33 162 224 240 64 7 138 126 28 45 32 7 42 86 79 61 52 92 126
82 42 8 14 57 11 21 97 262 27 30 51 92 45 1 37 25 33 10 43
80 26 31 90 6 70 67 22 39 3 34 6 9 184 18 22 95 72 208 43
18 7 19 35 228 123 181 55 63 31 40 42 77 44 3 100 38 5 46 9
26 77 124 7 115 96 38 4 53 25 31 26 98 20 76 60 129 78 121 38
45 5 35 48 96 2 81 213 57 5 5 71 49 3 160 132 56 14 33 66
9 25 1 53 20 6 45 29 37 91 7 63 143 32 7 5 151 39 9 1
37 178 49 27 16 8 53 108 55 92 16 36 136 27 150 6 6 69 44 45
18 22 185 61 97 42 79 17 24 42 87 19 187 5 199 121 6 208 50 265
10 68 23 59 7 23 149 1 11 24 38 3 7 17 44 22 10 52 50 50
68 97 22 48 129 24 64 7 54 50 35 50 58 45 133 33 10 88 131 55
3 45 48 1 186 7 67 42 169 13 3 2 94 56 59 2 66 206 12 11
99 5 59 48 62 69 95 35 36 36 27 29 234 36 122 20 72 190 48 76
30 14 33 127 12 138 12 18 117 19 136 64 25 2 77 97 66 49 153 59
69 76 56 12 27 160 79 61 107 42 6 27 5 45 8 27 246 65 81 152
136 19 54 45 9 82 42 14 162 10 3 11 245 79 61 59 20 56 110 64
50 64 93 17 40 38 26 33 194 36 111 24 16 26 7 10 114 1 39 4
10 2 203 16 47 52 142 26 10 8 85 8 16 50 18 28 146 68 43 21
3 52 73 85 58 47 84 7 13 45 140 36 125 21 233 56 51 57 45 380
105 12 10 40 30 156 96 76 19 9 148 254 11 55 9 34 101 124 77 101
30 44 37 79 12 24 107 150 89 25 114 1 7 64 29 13 5 5 60 115
7 168 65 12 41 50 34 28 58 67 171 19 75 47 23 69 20 123 27 3
38 21 2 69 4 26 23 20 78 40 27 14 46 72 3 12 17 36 32 93
44 54 30 26 111 95 55 37 24 54 39 14 157 4 25 9 183 2 34 32
8 51 11 91 246 24 12 136 63 81 25 15 114 204 55 44 41 21 25 62
233 123 6 5 11 60 25 24 67 16 55 16 45 1 52 29 18 14 4 141
14 11 72 11 18 16 23 19 2 54 27 24 60 51 82 90 12 8 29 87
18 36 36 33 19 16 9 57 36 169 42 3 82 117 35 130 58 51 95 177
204 47 14 91 99 35 204 4 78 47 17 1 57 22 53 12 75 44 2 57
16 156 74 67 98 147 191 27 20 16 84 60 43 60 20 86 53 5 1 5
5 11 84 50 30 72 177 20 8 41 5 112 13 16 69 10 40 36 2 67
10 88 75 7 7 69 95 134 1 22 17 3 43 29 78 8 61 146 41 28
110 16 8 16 17 95 10 52 26 77 49 36 16 86 2 126 23 51 11 52
43 139 29 31 5 29 157 93 15 63 45 128 2 9 11 32 12 17 62 3
21 11 22 51 17 3 199 60 63 5 11 2 9 40 65 84 25 2 116 95
37 38 107 122 2 241 98 19 98 12 19 5 12 6 64 11 14 47 45 39
45 52 20 42 30 24 5 197 29 14 20 8 118 1 18 18 67 57 51 67
19 19 6 3 147 16 6 2 5 61 17 29 18 66 26 40 32 16 4 42
120 24 59 25 266 154 83 5 51 11 10 52 16 67 6 56 50 149 36 2
87 41 14 15 105 158 7 88 38 10 55 23 152 3 32 86 69 26 3 3
5 6 65 78 200 5 26 4 77 21 69 10 100 38 10 89 9 52 7 41
42 2 41 5 2 37 58 57 7 74 5 13 115 56 58 112 1 84 152 30
10 42 51 123 21 75 10 86 13 5 39 31 108 56 30 16 56 56 161 43
2 83 39 42 86 19 12 74 52 126 2 15 5 105 10 2 32 142 7 32
100 31 170 21 54 18 190 5 43 4 5 129 154 58 26 40 87 22 54 6
74 18 23 67 7 29 8 1 67 28 40 60 24 60 204 20 3 66 19 46
56 7 20 13 8 170 59 20 80 37 10 25 187 101 14 49 45 71 19 2
9 1 6 10 46 10 95 5 27 4 20 169 10 137 98 36 3 36 51 54
32 5 59 9 143 157 15 7 28 100 17 90 4 68 177 64 73 48 37 38
20 29 16 46 67 24 78 128 4 32 64 7 8 13 76 18 10 1 31 24
39 15 25 168 20 76 78 77 3 5 8 65 36 30 8 95 166 5 32 83
41 37 32 70 17 18 87 17 219 60 94 10 8 36 28 28 22 7 126 22
61 94 42 6 24 23 6 17 29 57 11 56 43 133 17 40 97 120 13 19
13 70 4 15 29 62 2 1 87 58 13 19 1 267 124 106 27 121 59 12
14 155 34 19 52 154 7 31 124 63 63 11 18 1 98 149 246 8 94 117
11 65 4 47 50 50 85 91 62 38 97 10 27 78 73 113 66 48 13 97
6 22 13 26 20 4 16 14 9 53 89 94 62 33 178 170 43 69 20 155
2 7 2 124 41 47 32 151 69 34 151 8 185 16 1 92 164 3 38 104
30 96 36 12 86 7 61 77 7 209 115 126 88 41 36 33 4 4 37 153
34 1 22 51 26 55 5 25 20 38 119 68 85 13 63 9 26 68 4 19
81 14 57 25 37 10 52 85 2 40 49 25 47 39 17 47 103 32 39 23
