200 20
11 14 12 6 19 5 5 10 8 18 139 155 130 42 54 26 12 73 63 167
19 59 22 3 16 16 25 49 1 18 30 111 15 16 44 16 67 19 48 76
23 26 69 9 7 53 23 56 48 214 19 32 52 19 48 34 184 3 21 26
39 359 22 14 34 57 82 18 54 65 65 140 151 19 22 7 18 91 2 11
55 23 74 79 70 9 8 33 60 101 30 9 6 71 23 184 99 10 19 43
8 85 34 6 129 30 18 9 160 12 35 164 94 7 13 53 37 133 87 31
25 47 60 59 9 2 24 136 37 9 21 7 135 9 133 99 29 28 17 10
120 20 15 169 9 41 5 49 49 25 41 34 224 20 39 24 61 18 45 216
59 5 78 2 27 34 48 45 30 12 32 60 87 6 7 81 33 22 9 1
14 80 28 16 31 123 13 63 6 58 5 103 66 140 19 42 10 21 10 79
23 50 21 102 4 26 171 37 23 116 9 138 4 17 5 28 107 1 73 175
1 30 68 69 19 91 32 19 22 133 9 125 77 44 82 48 12 1 71 9
29 31 27 8 24 8 56 19 33 22 90 141 65 32 4 35 31 37 90 46
35 14 21 2 38 2 37 39 23 15 26 67 15 120 31 19 6 21 10 24
78 61 10 5 86 2 27 39 11 39 93 3 31 67 12 48 138 41 96 9
100 97 104 5 188 23 21 10 1 17 41 36 132 105 17 32 109 114 41 62
87 8 40 196 163 13 11 54 277 28 116 36 35 30 71 11 57 5 7 61
8 12 240 40 90 117 13 45 66 34 32 119 37 56 26 50 19 54 134 13
35 150 12 19 3 27 31 30 18 21 147 31 53 45 7 2 124 6 67 8
51 15 28 86 115 123 21 60 21 272 178 5 65 120 83 39 52 27 58 35
50 36 23 31 28 5 42 11 26 90 60 21 97 10 148 6 86 4 40 141
6 8 21 9 68 7 57 16 124 22 32 55 54 10 45 11 42 19 15 4
41 36 42 124 27 165 48 119 128 58 84 31 34 5 52 73 49 106 194 127
8 3 27 101 27 19 6 24 43 18 15 6 99 59 8 68 54 86 15 29
78 14 120 1 1 6 27 12 70 16 139 132 35 3 15 52 13 31 23 14
29 6 256 8 41 203 16 35 3 95 187 21 46 76 26 29 99 22 205 11
9 28 52 81 78 72 91 2 47 10 45 100 43 13 11 119 208 17 99 14
133 51 55 69 49 3 29 31 102 10 32 67 10 38 32 32 50 45 2 3
14 7 73 38 55 86 154 214 20 94 69 164 13 12 16 5 102 55 36 85
26 101 74 61 181 10 26 13 10 69 69 59 6 40 3 182 20 21 2 23
129 16 54 28 46 81 268 17 4 213 139 21 2 75 3 6 7 50 23 13
118 37 76 61 9 2 11 106 103 4 1 88 8 5 109 12 12 15 17 7
28 35 23 6 91 27 3 96 133 10 48 11 89 101 15 30 61 75 17 2
23 45 60 11 66 80 8 13 96 56 34 187 8 31 102 101 12 1 21 70
24 7 4 9 142 59 16 1 54 50 108 160 12 56 176 100 2 110 15 2
31 82 35 78 33 46 126 84 54 109 104 27 27 9 64 66 67 19 99 92
25 92 18 115 16 10 29 56 60 141 92 156 15 6 8 34 123 94 4 101
144 11 151 14 9 176 12 75 55 11 182 38 78 56 135 179 1 50 162 16
27 53 1 10 1 14 79 75 10 24 36 76 38 84 13 17 85 82 17 62
90 4 47 170 17 20 12 22 2 98 32 21 18 20 2 43 63 8 59 9
151 30 167 39 30 16 28 1 32 28 5 40 29 19 52 6 26 137 65 167
43 140 29 87 6 5 23 23 15 37 18 155 7 63 2 7 55 22 82 28
23 55 294 42 3 60 13 90 23 60 74 28 48 1 70 156 10 91 21 45
114 49 4 76 58 52 11 4 92 4 2 62 66 19 62 153 37 70 20 12
116 59 52 81 17 41 30 29 184 132 72 50 404 24 40 63 1 37 24 8
68 18 28 68 8 5 36 69 5 10 9 113 84 5 35 68 61 9 12 69
19 52 34 41 99 17 4 7 143 31 35 29 2 63 46 17 4 3 38 89
92 7 61 27 48 63 26 40 10 9 42 37 73 128 50 67 36 34 34 54
35 54 19 47 96 98 70 89 101 47 111 9 21 30 9 53 16 13 12 35
8 115 1 14 15 1 181 17 223 30 63 2 68 60 79 86 42 25 4 37
16 10 21 8 97 24 90 8 56 155 106 27 38 10 77 33 60 17 52 8
63 122 31 191 105 145 21 35 7 10 20 10 15 145 249 3 9 14 13 65
72 45 20 74 13 11 52 1 35 7 9 77 22 3 54 39 5 51 149 32
37 116 17 44 1 2 46 49 41 81 3 107 172 42 95 64 9 24 38 64
342 15 66 20 73 25 34 5 45 16 160 63 24 7 8 4 8 29 49 4
71 21 61 5 8 29 15 22 21 43 14 68 6 18 21 17 206 76 12 15
13 39 37 60 70 14 16 6 82 115 70 3 80 33 23 6 95 5 18 9
16 19 59 2 15 25 1 34 24 2 58 57 35 2 6 110 57 32 66 4
44 6 15 171 45 11 66 30 249 46 61 2 51 3 135 52 121 4 15 17
13 103 5 52 54 48 38 83 23 87 56 58 77 61 98 54 62 37 58 125
11 15 129 81 32 63 1 250 35 35 5 18 58 87 333 38 19 81 4 100
59 7 175 249 8 22 5 37 6 24 52 128 117 24 13 32 46 16 101 31
2 31 120 180 72 60 64 37 88 73 37 30 7 132 25 86 95 91 59 70
1 39 112 92 19 1 37 20 74 157 58 23 119 17 102 44 10 32 6 59
185 3 52 150 83 52 51 33 64 54 9 102 96 44 23 6 10 31 21 43
28 14 7 32 2 51 9 244 36 142 42 2 3 21 28 83 157 11 21 17
21 156 27 64 17 106 19 85 5 106 25 28 69 69 5 56 38 38 12 49
18 16 121 124 32 13 49 16 49 27 161 31 55 22 26 31 5 22 8 19
41 96 76 82 4 137 111 16 8 81 8 27 47 68 45 14 106 166 46 17
111 2 25 61 65 173 20 117 30 171 225 90 13 72 31 17 402 191 109 102
3 23 66 151 24 18 23 9 31 23 125 165 41 49 50 53 19 2 43 49
27 12 16 139 38 31 40 39 12 31 56 23 20 10 57 106 116 122 20 27
6 2 217 36 35 6 5 6 24 59 96 2 1 158 40 31 58 58 17 132
28 48 13 6 39 4 70 78 25 32 3 6 17 76 41 8 4 33 4 31
164 38 108 56 29 13 21 89 167 58 12 15 22 18 17 45 9 60 90 139
44 8 2 69 42 48 2 8 37 102 21 2 6 13 69 22 52 88 2 189
52 10 8 24 33 118 97 67 5 37 3 94 23 8 69 2 67 32 56 71
53 35 2 25 21 80 87 35 16 18 16 54 106 40 24 22 9 4 157 24
12 12 6 41 6 171 130 16 50 37 168 46 38 14 116 110 48 11 6 103
55 14 29 18 79 60 309 40 25 196 81 261 11 22 20 92 8 20 29 6
43 82 12 9 15 13 25 8 192 133 1 233 14 52 1 3 8 63 33 74
19 2 67 17 11 57 6 89 137 13 20 83 36 66 29 94 16 14 3 28
91 24 78 107 5 50 3 36 38 3 7 23 89 4 67 38 63 10 38 20
18 22 36 111 19 72 27 30 96 39 30 20 66 49 131 4 103 17 33 30
46 45 26 21 42 94 127 116 26 22 17 5 68 47 3 59 53 13 29 159
43 16 84 30 323 41 20 16 107 53 22 18 101 192 28 51 14 82 23 53
98 5 72 14 27 2 29 85 1 43 31 64 2 80 252 7 60 72 11 15
36 2 27 24 143 30 12 40 4 24 39 54 228 86 7 105 58 27 7 19
18 123 6 42 185 32 8 135 40 7 26 6 26 32 31 42 40 2 89 51
87 112 8 41 57 11 49 88 11 5 45 132 78 83 130 17 214 24 41 19
30 15 36 8 20 9 8 68 25 41 5 23 67 212 34 24 103 98 35 49
190 17 22 8 31 53 68 51 236 100 20 141 226 51 32 13 71 28 41 83
8 61 71 158 12 62 25 56 8 30 41 5 14 49 176 9 89 41 20 98
30 24 32 9 65 8 2 71 7 40 67 56 22 81 88 54 20 17 147 50
43 70 56 53 70 174 6 77 87 61 60 42 86 2 48 40 19 6 125 78
58 2 8 35 11 17 108 13 9 4 103 60 72 114 102 64 58 5 7 11
5 1 34 10 74 62 32 9 110 23 28 33 54 28 59 29 32 58 99 83
21 85 101 60 11 49 46 19 8 50 130 40 9 22 21 23 62 99 4 14
86 16 2 18 12 19 46 81 59 29 21 17 93 83 23 142 8 2 64 73
70 87 47 24 150 4 141 40 198 1 28 12 5 38 18 101 235 32 47 86
38 82 70 97 31 27 14 70 92 28 11 66 10 12 32 210 111 16 17 34
23 26 64 6 7 32 9 38 132 5 23 27 94 21 46 153 7 30 61 13
43 23 71 18 41 67 62 28 78 59 22 2 69 4 50 23 43 15 22 63
48 120 40 56 58 60 68 35 40 50 32 56 39 102 14 18 5 62 1 3
72 23 7 31 190 42 37 24 27 17 51 60 69 64 183 33 4 14 71 64
24 11 153 6 27 87 184 30 27 87 20 87 58 127 9 7 70 12 8 29
73 112 46 8 5 6 19 39 28 5 82 4 13 203 55 50 64 10 30 55
26 96 48 17 22 125 13 23 35 1 88 18 80 1 110 108 17 111 6 33
52 19 49 66 51 94 26 32 27 7 97 15 42 28 86 35 40 20 123 15
83 50 386 43 49 21 13 40 85 117 4 5 35 8 65 53 2 25 80 101
17 26 1 16 28 35 238 79 26 21 1 24 64 9 424 74 41 102 134 19
8 20 200 1 23 86 23 84 29 3 25 12 58 32 27 71 126 6 13 69
84 18 23 54 13 14 38 56 50 51 21 65 14 33 79 23 143 38 10 25
30 79 33 1 2 21 64 106 60 34 21 10 48 43 135 111 4 64 124 19
7 128 98 24 72 3 28 16 32 20 1 14 30 67 3 68 14 14 53 17
7 60 12 21 13 32 53 145 4 19 14 10 9 21 7 17 35 27 13 9
21 1 40 90 260 23 6 185 35 41 32 10 36 2 33 20 92 64 40 11
19 17 37 35 3 38 7 1 12 142 111 56 79 179 86 20 1 7 27 2
113 74 210 295 172 39 64 14 4 29 102 57 12 129 132 332 43 164 29 16
63 19 48 12 47 62 17 143 1 16 24 17 134 31 6 49 34 33 4 180
287 32 4 2 8 65 22 99 122 35 34 29 119 18 22 11 45 49 8 195
85 31 266 15 14 69 58 40 94 116 28 139 21 78 11 83 107 122 7 107
35 57 2 7 56 50 79 100 17 78 20 47 109 126 20 44 70 5 198 15
19 85 73 177 116 18 61 59 35 1 34 83 22 1 36 51 194 57 52 60
4 261 2 116 107 27 5 94 3 204 77 238 12 60 218 169 227 15 3 55
155 4 44 4 75 3 8 82 22 18 170 117 26 35 20 13 41 36 4 13
56 21 6 21 12 22 26 32 41 39 25 24 80 241 16 12 52 1 10 31
86 8 40 64 48 34 68 17 21 17 242 19 11 66 1 94 33 40 61 66
14 44 79 13 46 23 29 74 125 76 116 85 8 49 8 5 92 32 42 24
119 44 81 60 35 121 222 31 9 40 3 85 9 66 380 5 14 36 3 35
67 78 10 5 53 44 155 61 5 99 180 18 18 30 40 2 1 93 50 4
7 39 33 24 26 35 10 131 10 86 44 27 60 43 67 6 51 13 179 60
60 36 4 7 49 9 41 3 67 8 15 19 1 52 2 265 41 96 33 5
128 23 257 90 105 34 25 12 6 124 12 2 38 28 35 42 12 10 43 15
26 20 22 5 32 30 3 20 25 24 96 10 11 10 209 9 1 39 82 26
44 48 8 127 34 49 82 47 96 132 21 17 234 11 15 48 4 99 107 59
19 1 66 4 49 35 68 66 16 24 37 96 20 128 24 70 34 207 63 4
110 35 52 4 28 16 49 107 146 13 69 52 41 104 6 20 69 25 61 1
33 26 17 2 14 32 4 26 74 3 27 29 46 74 3 36 20 1 17 27
61 4 18 97 12 130 11 47 164 29 87 79 9 46 14 48 126 29 88 29
127 31 37 36 18 171 96 8 59 5 40 56 150 1 93 56 43 1 23 12
51 13 10 158 63 19 16 74 43 131 173 13 3 107 6 25 39 74 82 19
22 21 103 96 9 40 24 24 38 38 12 38 13 69 9 8 63 62 21 14
3 78 13 13 93 18 33 12 121 59 13 12 7 5 248 50 40 35 1 36
14 83 350 97 29 53 32 74 98 45 34 5 11 70 39 66 10 55 28 41
1 126 39 4 48 25 39 19 69 115 101 75 15 57 6 13 91 17 123 26
38 33 53 113 109 93 10 8 41 28 114 11 48 17 39 17 12 67 42 105
127 40 155 73 119 75 58 28 167 16 16 112 14 112 26 57 34 7 42 40
101 1 120 23 124 21 4 12 4 29 56 3 101 62 12 12 52 74 51 60
9 11 13 4 26 34 17 9 30 52 84 236 80 102 19 100 1 42 26 81
32 189 11 46 60 82 2 24 9 50 105 27 57 56 1 50 25 8 4 24
18 10 3 46 19 13 50 21 53 57 13 117 92 47 10 43 33 31 136 6
31 11 71 23 10 8 25 15 24 144 74 69 44 5 15 11 30 140 84 6
12 25 198 230 137 27 25 8 96 105 3 19 13 41 81 17 23 13 25 34
7 5 90 130 23 48 154 24 99 10 10 34 47 67 155 32 69 16 42 207
25 33 32 83 56 99 2 61 5 24 23 183 45 4 48 54 1 78 74 45
27 21 53 11 33 2 61 48 5 63 100 48 36 20 52 9 66 11 50 22
104 22 28 52 31 61 103 71 9 13 52 21 78 33 25 55 119 101 32 119
48 1 53 28 8 62 153 51 64 73 29 9 36 37 37 32 104 28 127 45
161 55 40 137 10 55 100 11 32 47 3 23 1 28 25 19 50 35 21 44
72 16 112 85 32 13 9 54 9 27 17 275 13 3 33 179 42 49 45 21
42 4 24 22 15 8 21 73 10 23 116 21 1 41 6 14 166 7 37 20
133 100 64 1 29 50 33 19 155 250 51 74 28 48 87 168 32 59 1 31
113 28 44 6 3 48 50 29 24 36 8 28 22 39 44 159 3 46 16 12
53 63 11 47 36 199 79 13 121 20 49 7 19 7 39 33 6 33 130 39
36 29 45 12 1 31 21 68 75 138 20 43 39 31 10 47 7 24 307 46
3 78 1 237 6 24 4 10 10 50 71 122 22 93 3 61 26 6 53 9
37 16 46 49 79 13 263 30 1 69 44 110 50 4 86 7 153 3 10 10
15 101 75 19 8 56 6 2 13 16 62 13 26 2 46 9 11 141 23 6
4 82 26 205 71 78 39 110 45 36 74 70 1 36 69 81 193 66 84 82
72 65 31 12 179 64 10 31 12 1 17 15 2 23 93 50 170 78 26 58
56 1 12 14 27 29 133 38 76 21 17 45 90 179 47 24 67 74 45 183
44 61 96 2 21 58 19 1 36 72 3 23 17 168 270 14 19 8 25 28
21 51 63 12 3 85 15 30 89 21 151 122 159 5 7 4 33 55 46 9
2 51 26 4 131 7 36 25 79 1 31 74 24 7 14 37 21 2 288 43
70 91 60 20 54 36 37 19 39 4 3 25 61 2 50 5 41 92 17 80
71 20 26 89 109 36 33 8 29 10 12 174 94 59 19 42 5 19 110 5
36 37 2 12 38 59 18 1 13 49 46 39 78 4 12 170 21 113 36 39
21 8 59 15 53 16 10 57 183 38 44 7 24 42 108 96 62 25 4 31
105 32 77 53 11 70 45 15 129 22 10 128 85 8 19 6 150 17 33 32
35 66 55 28 37 47 54 20 5 31 20 3 4 6 3 37 31 58 57 33
73 23 16 86 5 18 130 221 74 116 88 21 220 24 68 69 70 90 70 42
4 2 18 11 38 9 17 52 5 212 114 19 24 10 27 50 49 6 55 150
29 111 11 18 14 30 7 67 9 20 29 54 28 43 28 7 69 116 14 25
37 53 195 37 34 64 65 45 2 39 25 50 32 37 241 20 20 19 34 147
3 15 71 15 87 92 17 16 98 41 77 6 31 78 28 2 85 53 112 57
13 8 30 85 11 22 57 11 3 1 58 2 172 34 82 49 79 31 22 47
46 40 39 7 78 43 24 24 37 81 21 133 111 25 119 96 9 30 69 70
10 26 40 40 46 10 51 23 112 32 24 102 276 39 50 126 198 9 81 16
76 3 38 43 44 35 12 99 12 42 63 65 11 1 133 30 36 44 39 9
53 25 23 82 14 10 26 1 77 31 10 12 8 99 135 11 1 58 29 75
94 74 4 42 55 28 10 1 4 1 53 41 46 1 129 18 213 14 43 188
32 4 69 35 18 18 80 2 61 12 74 16 114 179 61 14 57 102 76 47
124 3 6 8 13 34 68 19 33 18 13 147 72 30 21 113 47 1 116 41
60 17 70 4 28 14 42 35 148 167 40 83 48 55 30 42 45 49 15 38
44 91 66 142 71 65 47 11 76 15 16 26 8 28 107 31 46 46 14 27
38 46 83 38 64 281 91 32 72 57 11 214 22 12 6 102 19 12 52 3
50 32 7 1 10 3 99 163 67 16 86 47 20 22 5 6 8 24 65 240
21 4 60 68 16 162 72 9 10 8 53 2 9 7 95 35 14 5 41 37
3 106 29 26 134 73 144 74 26 5 26 15 31 23 31 26 36 11 40 71
