100 20
40 12 11 18 60 25 11 33 2 83 14 47 25 97 4 9 23 2 54 19
10 96 36 100 36 22 116 11 46 134 22 125 132 46 99 31 42 100 245 4
7 8 8 36 24 20 4 90 22 69 87 301 59 24 7 54 20 58 50 56
166 6 48 115 151 56 25 4 40 63 152 97 42 22 40 10 39 38 65 62
66 35 7 117 72 32 99 27 66 1 6 58 14 8 95 26 133 7 123 40
48 34 94 7 34 137 104 131 25 3 68 11 140 99 43 33 14 6 12 83
12 35 14 11 33 37 117 10 2 38 20 5 92 38 93 32 83 6 90 16
34 9 118 1 19 21 20 103 4 4 88 134 56 23 109 2 2 91 40 25
42 72 3 41 165 77 40 127 20 47 58 40 72 12 13 36 3 43 108 9
133 2 67 15 11 43 6 9 57 32 43 116 19 120 105 51 65 99 107 82
8 215 115 57 31 26 7 41 33 6 54 49 3 148 6 97 8 101 2 63
44 83 157 85 52 6 114 34 284 19 21 10 58 4 112 57 9 111 12 70
1 105 77 79 12 71 41 31 23 71 9 51 32 12 6 7 4 6 32 9
41 169 130 49 67 35 30 9 8 60 104 200 221 7 100 23 8 1 127 8
20 12 99 56 46 15 67 25 5 36 22 45 20 3 86 77 42 221 120 85
22 20 15 73 60 59 19 121 39 134 38 83 21 1 104 17 29 129 85 16
265 8 35 60 18 16 106 44 22 14 34 64 126 12 129 13 34 65 1 82
66 21 89 295 7 6 13 116 41 55 20 44 30 3 86 3 42 58 84 73
55 25 3 15 19 27 265 123 41 72 79 29 173 22 3 19 34 27 86 6
110 53 32 71 6 43 104 82 22 128 20 76 125 52 62 98 28 12 11 59
59 126 4 41 217 28 2 50 178 5 1 47 31 197 39 40 71 120 8 2
114 9 28 14 42 37 32 42 88 28 49 5 7 131 14 5 78 107 56 75
53 27 15 42 150 8 175 33 35 16 18 127 30 56 106 90 27 23 11 37
51 167 42 26 71 1 33 155 21 16 8 6 100 41 11 89 46 162 31 64
57 44 33 203 86 11 68 33 8 5 5 17 4 120 14 89 10 13 36 24
13 25 125 54 37 111 60 33 5 10 57 46 32 129 35 27 3 89 1 70
1 82 28 12 116 111 183 164 42 12 6 58 26 174 19 3 66 32 177 2
57 157 26 84 21 72 130 14 121 94 50 65 83 67 23 79 57 16 50 12
57 92 87 17 2 29 177 43 15 35 79 31 5 47 19 24 3 19 46 7
157 19 108 33 13 91 25 63 141 141 83 10 117 72 15 51 90 87 49 8
33 2 43 47 28 29 83 44 39 88 72 81 1 63 7 26 24 42 1 82
34 93 46 141 30 100 30 47 57 145 21 37 124 64 38 39 121 21 11 35
77 78 42 50 29 72 38 10 58 5 62 128 38 46 23 31 7 24 8 46
127 15 1 101 118 7 34 2 39 67 1 132 71 45 73 65 21 12 1 13
23 30 47 40 58 160 37 6 30 42 119 8 45 74 85 55 64 299 72 36
11 132 25 90 4 63 72 86 28 3 23 7 74 53 40 1 37 37 25 18
141 35 202 71 156 5 96 20 28 42 96 35 7 8 43 54 40 47 8 58
17 93 151 81 67 137 103 32 159 202 100 166 5 72 26 34 21 235 84 1
6 66 166 144 3 34 25 22 1 4 147 38 28 5 75 3 3 102 16 24
11 53 10 118 59 30 80 1 73 1 26 2 64 39 27 14 62 113 105 16
20 24 62 7 66 49 41 15 70 30 7 43 99 154 78 38 98 31 22 24
2 69 90 1 1 12 9 11 8 15 73 117 17 5 2 81 41 101 66 97
64 56 123 39 93 5 47 33 32 84 7 94 1 85 36 173 83 61 15 30
59 13 31 5 4 12 86 49 53 22 12 29 34 63 44 9 21 40 5 68
139 49 20 13 67 35 24 7 17 23 7 53 21 71 91 5 1 45 2 8
22 13 1 3 105 39 124 40 46 112 156 24 18 107 26 172 202 17 20 30
47 129 7 65 17 6 84 12 7 63 8 67 43 8 18 37 60 27 22 19
41 116 25 234 28 174 20 13 96 26 89 24 53 7 25 53 106 29 26 24
1 42 5 127 145 36 67 32 60 23 15 49 46 5 13 8 73 47 135 41
173 56 138 14 5 24 3 48 1 17 24 10 31 101 8 47 8 9 7 51
56 32 1 6 144 39 32 20 42 119 117 88 48 30 50 5 24 12 12 37
76 48 42 63 6 153 29 73 37 59 61 32 142 141 1 6 8 3 13 2
5 108 67 74 77 46 147 5 58 58 83 3 21 28 29 20 82 117 38 23
39 64 340 70 30 38 14 43 37 15 47 7 6 69 42 7 58 60 15 79
22 67 49 9 31 6 25 6 20 54 36 34 111 28 33 85 37 11 44 51
107 68 131 52 128 24 11 115 6 54 13 101 28 44 2 30 55 81 25 34
17 24 4 5 45 44 75 25 118 213 16 141 11 86 18 11 70 54 3 15
36 1 123 1 85 24 49 7 3 31 2 1 27 57 166 65 22 85 33 143
29 5 23 150 19 29 209 59 62 4 63 105 49 24 7 7 90 73 33 6
82 13 12 4 28 73 145 18 25 27 82 134 14 23 26 200 19 37 61 12
27 31 28 18 57 57 194 1 52 89 20 71 7 129 28 8 116 31 18 228
15 167 34 39 60 42 28 47 94 40 8 70 11 4 10 56 79 142 1 30
10 70 6 27 52 26 19 44 111 54 12 23 3 19 124 20 14 17 60 24
43 14 65 3 7 111 16 114 4 23 24 43 34 34 45 17 42 135 29 28
72 32 63 23 1 16 37 11 18 8 122 35 5 119 81 131 25 62 76 34
60 1 43 29 34 14 39 21 48 44 48 13 6 36 77 36 57 104 17 41
69 82 12 29 47 59 3 38 7 17 68 8 69 77 70 20 17 2 19 49
161 32 4 44 11 101 9 84 4 25 58 206 68 77 67 51 7 61 17 6
4 107 68 116 135 53 46 12 55 18 33 36 8 53 18 27 50 3 102 79
84 40 54 110 22 56 19 15 56 77 25 146 99 17 22 37 23 58 19 87
9 41 96 2 57 151 18 20 33 46 38 26 14 56 14 74 75 161 3 63
10 184 6 110 15 83 91 30 47 9 86 55 15 223 26 3 96 80 6 4
24 22 17 9 233 60 107 97 93 26 41 7 62 23 108 3 4 80 4 2
31 124 65 59 63 1 42 21 204 61 7 28 41 20 22 150 120 86 10 37
27 4 22 103 64 32 85 40 34 22 36 142 22 19 21 60 159 89 55 18
2 8 1 7 17 31 4 7 8 269 14 46 115 85 2 64 27 91 6 135
20 18 8 42 76 25 20 79 117 8 106 102 44 33 62 132 7 22 99 52
103 8 22 28 33 1 25 50 24 4 4 49 55 100 56 115 3 47 104 3
47 42 54 91 6 87 24 99 33 74 179 44 6 55 87 54 40 23 20 28
2 15 48 20 17 16 96 18 20 127 44 24 22 42 144 56 5 23 142 54
43 9 199 1 73 62 28 14 43 71 2 72 13 19 11 90 4 7 108 12
267 104 16 34 3 84 19 16 27 27 58 40 40 5 26 48 89 44 11 54
64 114 23 6 58 19 81 67 133 2 38 16 48 25 21 9 12 114 50 37
23 13 1 97 76 138 6 12 131 34 68 49 3 36 27 96 7 13 127 11
21 10 40 166 57 45 25 145 11 21 304 23 49 3 127 40 40 37 41 38
23 36 9 47 15 13 151 26 8 47 32 34 42 54 7 4 4 60 5 12
32 20 43 12 46 18 123 1 24 63 91 129 19 32 66 21 166 49 70 87
98 82 62 62 79 15 6 10 22 14 18 10 25 20 8 65 47 9 8 57
33 33 12 4 56 61 12 60 18 91 27 58 418 4 100 65 164 101 11 43
9 89 30 14 14 1 28 11 98 5 92 42 69 5 86 14 66 303 45 54
7 53 25 47 27 139 125 5 52 4 37 19 223 320 72 80 63 35 94 6
68 17 58 30 51 28 73 10 1 50 1 50 31 8 5 71 5 8 9 142
11 197 18 79 67 106 16 70 60 38 1 70 30 188 31 51 4 133 15 40
101 127 7 13 23 1 32 46 140 46 30 18 19 13 16 69 192 21 7 7
106 69 75 114 26 141 25 36 12 19 48 24 95 37 379 6 6 20 16 10
5 120 59 18 18 41 91 26 25 6 25 121 79 65 132 30 26 1 41 63
5 87 40 170 57 97 41 20 3 123 56 32 81 23 93 7 11 12 116 66
31 26 26 5 36 51 17 13 6 54 24 95 93 191 2 1 5 9 39 57
85 1 31 8 167 31 84 56 149 6 11 11 52 50 1 105 109 35 51 31
15 97 63 61 18 20 191 61 5 18 7 57 9 4 121 4 41 6 96 148
