200 20
69 180 2 24 22 36 60 16 40 6 12 4 20 8 10 30 19 58 74 5
21 5 209 63 57 9 103 24 102 48 62 2 13 15 68 65 155 16 2 36
38 292 37 33 6 26 12 47 51 108 58 3 27 37 118 105 8 44 10 14
13 94 23 25 316 30 49 11 46 138 98 65 33 2 27 5 7 22 10 73
18 132 42 60 130 165 54 35 1 48 20 38 51 7 16 29 35 132 19 71
45 17 3 20 63 38 69 30 30 37 44 64 31 42 10 67 184 4 1 100
8 19 69 13 57 32 88 26 177 15 37 192 7 147 6 81 9 11 6 32
7 40 28 34 23 52 48 31 113 38 124 22 221 109 19 27 43 22 264 35
215 3 21 44 93 124 92 39 8 3 3 108 1 53 66 158 65 40 92 20
49 11 59 24 5 47 157 76 193 20 55 89 14 42 16 33 17 27 41 146
26 9 79 153 49 10 4 11 56 186 2 33 19 127 76 8 12 33 6 13
178 55 74 59 37 76 99 5 13 9 40 59 30 133 127 107 3 51 14 164
28 33 101 102 38 19 338 6 7 34 3 6 48 46 21 31 72 45 9 14
13 62 56 152 52 41 80 176 38 26 35 16 37 352 21 290 20 61 39 153
8 187 63 12 19 107 16 50 36 8 72 24 83 23 3 31 75 20 10 3
8 175 143 29 13 98 24 28 81 119 48 14 28 27 13 42 17 123 66 86
55 5 5 183 11 92 109 14 77 11 30 47 50 88 80 2 12 31 15 28
83 12 68 56 41 39 28 67 12 12 19 60 34 72 13 49 16 54 2 35
97 67 60 24 76 30 123 1 30 82 39 26 1 92 104 19 28 30 93 35
113 53 56 12 8 10 63 75 18 68 145 12 32 49 66 2 56 14 140 137
46 15 24 7 41 14 58 76 3 46 26 76 136 9 81 84 14 29 18 110
53 30 13 73 2 22 90 9 4 103 50 36 98 1 54 164 43 88 62 160
15 118 65 67 6 12 32 99 73 4 1 297 11 58 32 1 3 64 7 254
297 20 1 22 24 111 59 77 190 24 67 35 48 138 55 90 40 17 2 7
4 26 121 40 2 28 3 19 30 71 30 24 26 45 15 104 44 27 30 17
12 14 165 50 59 28 33 15 5 144 61 52 148 61 96 31 4 19 7 113
1 38 22 31 18 31 9 88 28 41 54 77 6 32 1 83 67 59 21 60
69 166 77 31 50 52 20 160 47 105 6 50 221 7 29 104 61 16 59 25
37 18 37 30 121 12 19 85 200 23 24 69 58 5 2 144 12 47 23 99
13 39 96 270 107 4 14 22 8 79 20 6 168 104 137 21 22 5 172 3
30 20 98 9 65 32 4 32 42 8 61 41 21 18 77 2 14 26 116 88
308 38 25 8 58 72 75 75 71 29 18 94 103 93 36 29 202 20 29 37
79 9 131 74 99 29 66 21 7 68 86 38 44 8 17 46 46 13 43 93
11 98 35 24 25 16 50 41 85 45 2 31 10 77 3 31 73 249 1 68
8 12 19 3 21 164 146 25 20 15 1 10 12 185 94 104 6 26 23 25
28 13 53 6 41 28 37 9 43 8 21 5 44 8 48 155 10 85 25 97
3 79 115 30 19 190 107 44 93 17 247 22 119 14 62 17 14 34 21 52
99 25 135 60 83 23 53 10 38 213 8 190 12 17 9 66 111 20 14 54
13 10 41 30 12 16 25 12 6 111 18 55 56 16 23 2 115 58 26 13
24 89 97 87 116 41 39 55 37 15 157 4 118 7 10 8 26 129 49 65
82 39 12 188 53 74 12 108 22 52 47 75 28 21 65 104 89 65 14 25
10 59 73 71 87 38 29 71 29 30 58 41 71 8 9 44 119 14 45 10
46 28 3 6 20 4 2 55 46 180 60 48 31 45 6 33 9 7 38 50
24 13 58 25 25 76 50 11 17 71 69 57 41 50 2 8 20 140 82 46
45 95 42 18 78 9 11 97 11 13 178 13 84 4 16 28 27 86 10 19
17 120 203 127 14 47 31 58 57 38 127 21 13 6 27 142 30 63 73 23
27 160 61 13 5 28 21 18 19 7 248 38 22 85 84 1 47 6 34 2
83 55 19 19 36 8 76 64 3 5 6 59 66 116 34 9 178 43 46 5
17 37 22 2 57 36 78 6 11 61 129 7 22 18 6 192 254 51 7 22
137 214 263 11 87 50 173 16 80 45 36 1 81 139 47 33 13 11 38 42
23 3 18 135 11 67 1 104 3 57 2 16 14 18 70 19 1 12 91 72
226 21 52 67 44 59 13 17 105 54 41 12 2 1 59 37 9 28 42 37
22 51 16 51 200 15 17 68 140 5 118 49 114 15 41 2 49 155 29 6
50 121 136 15 25 4 9 53 102 23 156 33 40 141 60 53 23 16 13 4
48 126 80 73 55 124 62 111 90 82 6 233 47 12 1 51 45 20 4 17
15 59 28 195 66 58 9 24 61 18 72 40 34 317 31 1 54 18 30 29
83 18 9 39 56 30 9 9 60 181 187 59 56 21 4 48 17 13 91 73
34 79 87 33 8 8 10 41 64 28 1 40 45 30 46 63 91 41 120 20
59 51 17 11 82 194 76 29 43 21 10 77 1 45 23 10 28 80 29 56
71 23 118 37 39 11 62 60 1 110 115 50 45 101 11 23 21 82 24 67
46 9 161 7 8 33 33 53 88 109 6 4 19 44 72 51 13 95 78 60
27 23 20 93 59 73 32 46 8 6 85 2 21 118 14 18 1 126 51 26
26 41 41 16 2 33 20 31 9 13 48 36 131 1 21 31 10 23 69 42
100 143 38 28 1 62 25 29 47 14 17 15 22 46 16 40 54 177 40 61
27 28 22 21 40 29 11 26 6 9 37 59 92 72 42 13 34 148 106 129
152 87 23 8 128 44 26 30 27 64 20 102 91 44 9 41 104 12 27 45
115 45 20 22 53 39 19 6 25 50 49 67 10 153 47 32 7 123 45 47
27 15 12 263 49 177 104 142 51 4 124 2 77 27 4 26 19 48 29 105
23 222 10 32 55 5 182 5 59 55 52 7 35 22 23 125 236 12 44 200
97 39 92 116 18 176 17 6 34 20 265 3 52 5 40 173 19 66 110 10
3 54 12 4 209 74 31 179 17 28 10 20 31 39 75 4 10 6 10 56
4 139 23 48 32 81 18 2 15 139 4 6 21 50 3 41 44 3 12 49
10 1 257 81 80 7 11 20 7 16 94 40 61 133 19 10 67 63 24 7
199 26 105 31 15 2 81 11 18 214 16 1 14 75 51 41 27 82 87 46
64 36 64 4 131 33 27 31 13 6 65 60 19 62 160 12 13 3 71 5
50 24 127 105 7 5 1 19 19 30 44 137 104 24 25 5 42 17 4 5
55 68 102 25 8 171 45 13 21 34 14 157 1 1 153 100 1 174 58 26
23 39 2 144 44 52 21 50 171 10 4 9 49 56 33 51 22 20 14 19
33 55 72 89 19 121 168 9 182 3 11 44 18 133 30 17 2 21 56 2
9 13 20 2 33 5 55 93 44 22 28 117 167 41 29 10 25 86 14 28
157 28 123 85 4 65 28 24 188 2 2 30 120 76 2 31 72 62 73 8
42 4 42 28 35 22 59 69 45 14 47 12 25 86 23 49 59 146 97 104
100 143 151 40 202 49 6 33 65 7 15 68 27 62 56 15 365 10 76 11
37 118 31 43 16 8 28 19 12 215 30 3 6 15 57 73 9 45 29 12
13 116 38 147 62 34 36 24 53 84 36 134 67 11 11 140 45 1 24 80
6 11 13 18 21 149 26 126 40 74 16 50 33 30 1 131 40 115 23 21
7 37 29 25 79 50 8 4 41 12 60 15 114 134 87 11 10 45 15 64
4 3 44 20 59 9 39 4 15 2 78 174 67 14 122 107 57 89 21 104
4 24 23 58 88 13 18 61 11 65 170 77 6 52 62 14 7 35 3 61
21 49 40 128 5 16 118 7 40 108 19 30 22 84 23 10 211 19 59 56
107 159 11 109 67 75 109 153 16 67 10 33 167 15 79 19 16 25 11 29
89 15 22 13 11 115 180 2 34 105 4 18 36 23 21 21 2 34 36 80
10 58 53 1 18 37 39 5 50 33 60 127 98 5 90 47 48 74 29 72
124 71 43 44 58 18 2 13 2 38 21 35 147 42 95 53 1 69 8 7
16 158 2 147 136 21 53 46 39 34 6 18 43 56 71 70 4 23 106 109
103 16 2 25 19 60 63 243 77 21 52 92 35 161 53 22 31 16 95 3
18 64 32 68 35 64 26 40 9 151 25 24 25 46 12 13 116 26 59 32
90 11 94 49 7 148 58 1 50 37 24 1 5 10 16 65 89 91 15 65
29 27 94 26 137 29 12 77 92 13 150 114 76 75 1 90 22 263 24 60
24 105 58 44 54 26 15 179 250 51 3 27 2 6 169 47 12 77 4 67
9 24 142 13 138 178 88 132 73 47 86 13 43 24 43 99 31 6 26 20
5 1 68 13 39 51 153 10 8 8 27 41 51 56 75 189 24 120 21 8
19 43 63 17 57 98 53 11 23 34 39 57 10 98 107 185 104 60 29 206
97 65 54 70 74 6 202 28 83 106 20 82 9 21 15 4 10 76 9 14
12 61 23 3 35 13 40 51 66 64 56 163 52 3 1 107 15 40 53 2
20 9 4 118 6 5 11 31 44 62 42 81 36 13 56 42 12 81 10 44
82 38 271 27 2 20 32 122 74 1 70 120 11 50 23 26 26 26 6 4
143 24 95 67 27 83 50 61 44 84 1 105 17 7 34 24 26 28 9 62
62 49 55 27 49 19 37 11 48 141 22 18 73 24 27 57 28 94 166 67
31 8 37 7 34 31 19 55 11 36 9 61 161 12 89 38 144 64 16 68
78 66 58 100 1 52 82 3 34 56 13 74 60 1 2 11 4 38 20 53
25 5 17 40 15 18 59 122 34 86 34 73 10 16 8 45 1 41 39 51
63 33 62 201 24 21 22 72 2 8 1 13 16 4 30 5 21 58 1 23
2 7 1 5 223 62 37 8 59 39 54 123 41 68 66 62 29 16 48 72
9 40 155 19 65 116 5 48 22 93 56 22 60 152 23 186 140 33 12 115
14 44 7 34 169 132 197 138 58 33 11 84 46 94 114 45 24 8 73 36
18 13 75 1 16 55 43 268 55 6 47 4 97 11 20 7 40 13 38 1
176 53 9 52 64 1 39 39 71 17 52 9 38 49 40 114 39 67 78 103
11 87 12 47 2 27 62 23 11 1 53 13 17 21 36 10 6 28 8 87
32 97 88 19 32 50 132 71 23 20 78 40 2 72 94 31 102 14 16 19
29 12 18 96 31 5 16 98 5 18 151 63 14 48 32 124 50 37 21 22
53 28 33 191 12 116 25 77 118 43 19 50 83 14 43 116 43 10 3 139
37 19 57 12 62 67 9 117 49 10 41 1 19 28 14 170 15 5 60 19
3 33 50 82 30 22 18 30 28 22 68 52 33 22 151 8 48 22 11 62
39 13 39 92 58 60 21 51 136 91 93 42 12 48 24 4 37 9 38 22
21 51 5 11 5 3 123 180 106 1 33 6 38 63 146 17 22 1 16 9
25 166 1 41 15 54 48 18 52 52 30 60 121 35 27 88 32 25 88 56
71 36 121 26 33 17 29 54 1 113 20 79 137 2 10 116 36 125 66 12
49 41 103 44 149 118 53 52 15 22 46 11 53 4 82 53 84 32 25 58
40 22 13 73 18 56 90 35 24 21 98 7 69 131 188 37 98 26 120 10
84 25 5 17 77 109 10 22 31 41 46 37 266 21 118 126 103 14 30 71
67 45 51 7 7 8 97 25 44 18 170 134 55 9 3 46 38 37 8 155
59 50 2 12 3 15 11 100 160 83 129 6 2 71 8 3 63 40 65 13
13 28 4 9 65 63 49 30 62 59 7 4 21 161 12 45 70 27 20 9
100 28 78 69 19 11 30 67 99 23 109 32 12 44 15 6 49 18 3 3
57 56 19 15 15 20 11 36 9 5 90 128 132 55 386 52 9 3 32 27
1 136 89 110 114 118 39 18 8 2 104 7 35 98 5 66 6 130 37 12
9 9 26 6 51 6 48 14 131 122 9 9 21 119 65 77 14 35 9 25
76 43 63 8 180 12 12 8 16 8 30 35 1 80 44 40 26 14 141 173
17 35 46 101 20 251 15 10 3 55 149 19 107 28 20 1 2 14 77 61
4 268 15 91 7 84 18 73 2 12 90 52 164 73 10 52 8 9 14 1
126 80 19 21 42 35 70 69 13 3 60 24 72 4 35 22 8 97 70 6
17 35 5 46 16 66 37 27 50 145 165 119 63 11 11 69 18 111 48 181
9 32 94 60 62 53 11 27 13 18 14 114 3 34 38 65 18 149 108 52
122 219 116 14 218 247 1 15 15 12 13 31 24 107 7 45 31 19 11 53
17 54 20 133 140 46 1 9 96 182 5 62 45 27 61 93 45 37 15 20
10 2 1 24 69 87 18 82 75 11 84 1 5 14 23 32 15 136 9 31
8 7 41 129 88 94 166 24 2 27 119 56 227 91 32 22 14 43 27 12
42 35 131 92 5 1 10 33 15 53 233 90 35 39 6 17 83 4 43 100
10 12 75 17 51 6 12 8 6 20 11 3 30 14 109 21 5 146 26 64
211 99 27 6 110 32 4 39 8 149 47 36 20 51 17 59 4 15 37 20
49 1 6 40 74 18 96 37 83 1 6 41 14 13 35 1 8 16 29 123
46 19 38 37 13 67 15 32 19 52 94 2 11 133 124 68 7 138 37 3
117 26 22 38 81 6 40 8 52 61 68 133 89 58 40 238 18 42 6 38
183 22 23 36 65 72 70 66 66 114 58 99 45 14 1 140 3 20 37 147
14 99 10 87 44 20 128 81 6 2 5 5 3 14 105 55 19 10 21 57
36 9 18 61 1 29 8 20 85 22 123 43 3 6 71 20 8 75 8 122
13 187 56 19 8 4 22 6 5 16 133 3 40 94 4 15 50 6 16 9
1 14 58 2 37 42 60 36 13 14 61 79 98 7 53 8 16 23 66 83
54 47 37 41 53 32 7 40 29 55 6 107 16 28 31 97 5 6 17 3
62 73 22 64 5 77 25 59 51 27 6 13 5 69 14 281 3 55 20 132
31 61 292 38 30 48 27 73 37 22 11 42 35 35 103 81 11 96 34 10
107 14 3 26 65 8 1 8 24 43 20 24 32 42 138 51 82 30 29 6
45 30 25 14 41 17 7 24 90 76 59 10 20 53 31 22 34 42 55 4
50 70 55 73 67 76 67 81 81 8 107 16 41 4 106 72 9 42 14 38
17 8 54 17 164 89 44 28 108 13 70 18 110 84 26 28 35 24 54 122
47 5 44 76 33 9 42 3 49 77 42 1 16 5 97 25 71 96 23 52
34 75 11 68 254 146 12 35 82 26 27 24 144 44 62 19 1 65 134 190
8 82 47 53 214 4 24 3 75 27 15 18 63 18 121 12 35 12 71 53
42 6 91 31 2 21 13 58 11 99 164 32 3 13 5 10 55 140 67 13
20 47 27 27 6 36 29 21 27 78 4 126 23 13 1 24 47 64 4 44
1 149 51 171 1 14 25 13 13 78 41 26 60 58 10 26 85 35 49 86
7 94 120 16 125 10 9 78 77 98 32 22 76 23 15 11 6 14 70 60
50 42 12 77 125 79 14 30 22 44 121 94 43 17 40 73 27 133 20 109
12 7 41 68 213 231 34 1 103 17 3 9 75 9 75 52 85 49 64 53
28 31 50 35 3 12 38 8 6 58 3 20 32 209 126 21 190 18 6 19
31 9 42 132 111 22 72 12 75 87 50 123 174 11 59 47 92 41 38 10
49 19 64 196 95 21 139 4 5 5 39 22 3 58 29 70 20 33 18 13
54 34 30 55 57 37 56 96 16 24 26 13 3 37 8 89 3 57 32 48
16 43 24 82 38 87 13 6 111 55 62 11 75 3 29 100 24 51 66 31
58 2 29 2 109 141 44 74 86 111 27 8 68 33 97 23 76 68 112 6
17 2 66 69 76 17 22 175 34 25 70 12 19 44 61 21 62 2 19 1
51 62 3 49 7 18 11 5 29 21 41 81 21 22 23 18 150 255 5 114
26 2 35 64 56 23 90 16 32 4 134 1 78 35 5 45 66 84 188 34
109 30 14 5 57 292 122 4 69 16 34 78 26 10 51 38 21 87 51 13
17 31 57 73 26 39 81 36 21 189 38 47 11 109 138 35 34 100 36 47
3 22 37 22 54 12 70 24 275 21 151 8 34 1 129 5 110 64 40 13
10 35 22 101 280 51 213 59 20 61 45 20 16 11 84 94 6 32 6 6
9 37 75 196 161 43 2 5 23 3 17 23 4 5 14 30 10 6 226 55
43 17 13 55 4 31 4 2 15 6 43 58 112 178 47 49 31 6 59 57
82 11 28 104 37 76 73 8 59 43 8 13 66 86 229 77 23 13 21 223
1 81 7 12 34 11 33 23 11 9 14 18 2 28 38 70 86 5 77 13
7 14 5 142 22 8 116 61 121 29 3 76 3 15 185 51 19 143 11 12
136 5 60 2 15 23 117 111 24 62 38 33 91 32 28 49 18 31 17 2
89 26 52 56 7 85 23 23 17 10 1 103 57 53 72 10 56 159 93 89
6 46 94 2 122 22 27 42 11 76 3 44 22 2 4 10 13 62 63 5
41 20 157 8 42 59 10 26 27 2 12 15 105 20 32 14 79 84 69 48
62 170 17 7 6 46 55 26 26 27 31 7 65 25 48 76 79 22 32 7
27 18 206 41 18 33 32 24 10 7 10 38 15 74 51 22 92 61 37 10
3 134 5 47 14 54 3 22 11 4 17 12 13 60 7 37 157 60 20 9
