100 20
22 32 45 7 5 22 18 36 42 48 6 15 392 35 52 69 28 39 43 78
10 71 4 57 15 4 87 55 30 38 27 50 6 9 6 95 7 2 26 46
77 53 5 7 5 25 191 31 2 93 42 30 3 25 23 21 86 122 167 276
253 67 269 30 58 63 5 67 413 31 21 4 143 24 128 15 25 117 91 143
20 44 29 8 23 71 43 125 29 67 4 26 49 64 73 94 6 15 11 43
12 17 1 170 17 175 27 63 35 24 31 17 111 8 22 29 128 68 262 112
34 2 5 236 47 148 29 101 53 96 9 9 37 4 91 7 49 2 12 79
34 13 107 19 174 5 41 6 15 143 112 74 158 15 51 1 16 78 35 38
48 54 24 185 75 10 88 30 60 1 130 7 13 19 9 5 63 39 6 112
2 122 174 5 140 1 123 14 16 7 12 41 17 17 82 15 26 26 238 19
51 168 26 29 11 11 162 79 97 38 63 10 129 33 257 12 34 51 18 57
40 17 34 14 31 15 28 69 3 118 63 14 58 128 20 62 42 13 37 42
148 44 4 213 3 71 16 35 57 39 22 9 74 23 119 3 65 10 94 7
15 90 18 76 21 4 24 28 179 3 33 11 35 21 53 100 137 38 64 53
56 58 35 24 50 23 6 2 5 268 54 73 56 41 7 36 17 143 38 12
14 115 24 27 2 60 101 11 77 101 8 10 29 11 156 10 26 176 11 29
57 53 68 11 25 66 24 66 53 59 2 26 7 5 28 58 34 12 275 22
13 86 55 7 35 41 25 60 27 90 6 113 62 8 70 15 73 31 68 31
111 121 21 101 102 22 43 15 18 74 46 28 11 7 23 54 15 61 62 56
13 6 11 7 68 65 125 32 20 189 93 32 61 42 50 15 24 8 41 24
56 6 73 126 77 1 25 5 20 104 53 17 67 9 63 18 27 8 49 14
127 108 46 6 49 79 106 10 60 14 19 73 120 114 10 23 34 243 9 3
6 55 43 163 7 224 54 10 51 10 17 5 78 67 22 63 83 57 109 6
14 121 132 60 80 47 109 161 9 366 47 73 13 10 29 31 5 15 152 71
180 5 15 183 13 7 37 61 32 98 61 38 18 65 55 56 89 39 14 64
52 46 95 13 30 97 46 7 24 9 55 117 71 39 20 15 8 62 51 57
61 81 74 18 10 29 9 91 2 184 27 44 17 46 95 14 40 15 7 8
58 8 13 67 9 34 12 25 93 21 1 37 14 107 41 118 88 66 147 143
16 68 6 104 66 94 32 1 12 62 117 112 77 21 23 9 30 9 85 73
83 17 79 5 8 30 58 13 2 13 30 77 23 6 110 146 46 26 3 11
21 31 10 4 51 8 19 8 16 36 22 23 128 1 78 20 28 2 28 3
42 73 23 31 52 6 46 89 51 37 5 26 77 19 57 73 16 2 123 20
95 31 167 11 224 17 71 35 139 14 61 51 4 74 75 189 5 11 10 46
6 7 1 43 6 141 99 45 21 63 25 28 216 16 35 25 46 6 72 97
150 13 6 17 101 24 7 27 49 49 7 86 15 148 12 7 79 36 23 23
11 85 16 89 78 113 29 7 58 17 18 57 241 13 25 3 39 66 3 71
25 5 143 3 10 30 98 6 45 16 18 78 74 33 63 29 33 2 53 129
11 41 7 11 25 76 14 46 4 37 46 161 37 132 2 8 105 30 66 10
61 78 17 16 7 29 87 45 64 11 54 14 126 19 84 12 20 13 116 16
3 30 42 41 60 23 48 25 17 10 101 84 21 33 25 89 14 108 66 2
4 16 1 39 128 2 52 37 21 9 209 22 30 19 66 4 89 87 42 34
23 174 65 56 95 62 52 38 27 15 2 4 9 21 5 14 35 52 58 154
24 106 13 33 2 102 140 107 188 27 110 82 54 13 26 6 52 55 18 32
10 84 14 32 121 39 54 146 160 67 184 25 58 19 72 45 89 27 9 54
40 4 39 15 73 18 255 203 64 25 109 29 66 137 63 2 41 9 37 30
16 98 79 1 42 51 26 4 25 78 42 86 6 44 57 165 37 129 6 25
26 17 57 63 35 1 35 12 3 5 13 4 12 109 7 79 52 52 30 30
87 17 41 2 30 62 3 15 24 44 45 36 65 121 128 13 22 10 81 36
3 92 13 26 36 4 120 62 59 29 53 112 52 30 104 74 135 79 7 17
44 62 16 119 104 10 177 26 9 9 19 1 22 18 45 18 30 10 32 4
4 2 49 204 5 28 68 14 19 54 11 1 75 65 172 3 37 8 39 10
94 6 5 44 7 73 16 51 33 63 6 44 49 69 32 28 34 100 39 3
61 40 115 1 1 13 13 4 76 4 61 9 119 47 100 85 45 13 138 3
2 63 23 15 34 14 5 77 37 3 140 18 21 22 2 102 101 277 14 17
13 19 6 84 109 17 6 63 147 16 49 150 154 53 50 40 2 55 39 97
68 54 11 5 152 77 142 53 2 14 52 25 12 81 4 33 8 8 9 60
17 34 44 24 5 3 12 17 16 8 20 31 20 27 22 13 71 113 164 187
41 21 52 19 20 104 45 13 63 33 88 18 264 23 68 11 63 185 3 31
12 24 30 31 6 149 12 96 59 5 16 55 38 118 24 1 124 159 2 195
7 60 41 55 31 120 8 25 102 42 108 11 58 22 11 51 55 20 2 59
14 36 35 58 45 1 16 38 113 3 31 46 325 70 28 51 47 174 14 10
48 47 25 136 26 32 39 38 1 31 22 21 4 134 17 13 25 22 2 27
48 172 12 129 2 82 37 138 126 13 6 161 19 26 11 26 6 2 106 171
9 15 21 51 55 20 55 9 8 12 30 208 74 47 10 36 42 66 104 176
33 156 20 223 66 7 1 1 35 12 155 18 98 1 83 126 11 9 3 13
37 100 33 21 17 34 14 69 1 10 27 13 40 63 49 42 122 45 41 107
27 42 48 9 38 61 46 46 21 266 5 1 12 53 137 113 17 137 40 17
130 183 34 9 2 50 11 65 2 25 73 43 74 49 99 19 11 93 31 1
23 10 34 144 116 30 7 23 206 48 31 2 23 32 210 56 10 85 16 17
79 27 18 13 311 3 85 56 24 2 58 173 64 103 7 15 53 4 117 61
5 21 117 251 86 78 113 38 18 21 6 170 11 47 134 19 146 20 21 30
43 43 57 12 77 60 143 30 12 49 1 29 50 23 57 19 4 40 164 52
124 163 38 71 5 126 88 123 2 22 34 17 56 37 11 2 51 10 52 176
11 50 215 110 89 20 42 51 2 50 83 43 29 118 21 62 38 19 44 34
183 35 76 8 68 3 44 4 105 148 215 60 6 231 95 195 4 131 11 1
34 7 2 138 33 115 15 21 48 4 2 1 26 97 5 14 62 20 105 16
62 12 2 27 56 10 39 48 313 45 162 13 74 43 119 87 52 54 111 57
41 39 64 78 13 33 2 57 15 47 158 99 59 46 33 130 154 8 25 60
53 18 33 62 10 22 43 22 57 29 71 48 37 17 210 74 13 69 20 58
71 74 13 43 16 55 69 108 65 36 3 95 169 43 59 84 48 12 1 76
12 53 146 27 46 103 63 4 65 28 21 42 8 61 19 168 62 10 16 45
5 111 19 5 18 18 13 12 45 28 44 107 26 53 210 99 49 31 95 72
45 100 5 17 157 110 30 124 2 44 4 27 24 7 28 37 9 30 74 60
11 47 11 16 88 9 54 19 116 133 1 143 41 19 15 5 6 131 25 31
3 60 20 25 50 101 76 10 132 111 49 58 90 125 21 53 23 60 43 44
3 78 53 30 49 87 22 72 20 21 4 244 29 9 166 62 120 30 224 181
30 5 10 89 11 43 22 37 11 13 12 75 4 160 10 7 10 20 4 173
3 87 39 30 15 31 107 12 13 14 37 4 18 22 98 16 51 57 29 212
51 56 24 56 35 16 26 74 265 2 23 62 27 31 67 67 110 26 69 57
244 30 51 106 15 17 35 89 17 39 61 45 67 28 77 9 4 13 38 79
13 81 52 22 23 26 48 87 130 53 3 64 26 28 42 33 20 225 97 72
35 8 23 5 103 12 60 37 3 99 3 36 9 66 51 20 72 28 75 93
86 98 31 84 3 8 146 10 149 49 7 53 6 100 1 6 8 4 22 21
152 85 53 53 31 25 4 60 95 69 18 37 2 47 220 11 71 13 49 7
20 1 25 39 45 32 16 4 1 6 52 9 26 48 25 32 54 31 89 190
30 13 26 22 3 15 36 57 12 25 27 31 5 20 60 15 2 21 50 22
85 13 66 8 19 21 35 175 61 6 9 3 27 16 74 196 6 81 86 42
197 21 16 75 42 118 219 3 38 17 12 27 6 53 10 79 22 52 73 95
131 4 68 37 27 32 79 210 27 11 192 38 31 11 36 15 17 28 20 15
30 45 19 136 71 88 3 18 54 8 33 40 89 86 29 33 5 5 139 45
