50 10
28 19 52 100 32 5 62 36 2 66
42 21 10 48 51 30 57 61 30 60
47 130 7 44 83 23 5 4 24 159
19 21 11 7 196 7 18 16 34 16
11 23 23 17 11 37 70 25 58 44
7 10 17 31 189 49 21 15 103 28
12 46 72 19 20 13 68 48 58 44
31 4 195 6 25 2 70 1 48 37
152 55 2 34 9 7 62 23 166 30
15 270 14 41 29 124 96 70 80 103
212 136 41 116 128 52 37 34 79 44
2 20 146 39 134 26 12 51 64 48
179 16 30 68 85 73 31 136 24 38
11 1 28 43 24 65 83 21 5 37
22 18 47 105 40 119 26 20 122 31
12 45 108 26 9 22 32 17 54 68
59 75 6 74 80 22 18 43 44 131
28 13 16 1 148 22 28 106 60 51
55 29 82 43 21 7 190 145 75 47
7 34 5 144 24 124 30 18 40 42
12 44 26 46 23 79 120 22 9 39
51 126 7 22 10 4 35 84 21 3
130 259 61 33 131 60 7 239 57 19
199 99 47 1 6 36 30 105 10 32
26 38 42 52 114 33 42 124 51 9
148 42 51 41 65 38 15 1 111 23
52 79 19 45 104 24 1 26 156 4
109 153 80 5 88 15 80 1 43 5
11 10 2 10 1 320 33 2 2 79
32 133 96 60 2 115 13 26 108 148
31 56 31 9 32 125 125 108 119 40
54 109 6 56 38 108 26 31 57 13
68 158 37 34 25 52 66 11 7 12
204 28 44 12 35 220 1 9 187 31
53 104 92 47 25 25 4 44 5 115
48 32 102 2 55 2 30 29 5 105
24 123 27 64 1 159 114 26 10 55
17 77 11 109 2 20 7 30 86 56
104 10 11 16 113 9 43 11 30 22
60 61 35 89 48 20 150 35 62 107
68 135 3 15 9 65 49 95 52 15
41 69 39 10 89 84 5 36 82 46
11 21 5 41 38 39 4 16 3 43
133 179 16 19 17 18 65 100 14 93
12 84 13 4 212 13 19 68 16 5
160 159 61 51 60 68 30 117 133 38
96 8 97 14 45 61 62 64 58 21
3 11 39 15 8 31 75 21 7 40
83 35 6 51 89 51 20 35 26 96
7 26 11 5 48 13 28 53 39 148
