200 20
18 18 12 51 12 13 50 3 33 116 56 10 94 61 23 12 7 13 15 126
51 87 7 202 15 26 43 2 82 146 72 13 3 10 28 6 3 15 18 22
9 41 12 22 7 37 64 63 2 87 10 11 22 61 44 158 22 35 20 149
28 62 29 11 56 35 28 8 31 34 82 53 21 90 27 1 6 20 165 67
85 42 13 30 56 6 88 34 99 3 16 13 58 18 154 1 20 51 11 83
23 10 120 23 4 2 33 64 3 82 105 61 137 18 9 22 4 13 183 1
62 2 55 11 16 47 139 49 78 63 5 9 40 7 1 10 9 32 63 58
145 3 33 29 7 61 5 5 19 130 6 177 23 17 22 55 6 24 36 33
26 284 79 104 18 80 46 48 75 26 36 32 5 7 10 43 43 26 38 6
156 102 94 171 4 2 28 14 16 28 28 11 78 33 38 4 134 184 114 31
91 33 16 10 15 34 59 15 85 25 143 64 25 23 24 90 5 34 15 343
7 114 104 102 82 13 8 2 204 17 54 15 17 36 24 41 199 16 3 3
11 17 21 16 5 21 81 14 77 358 3 11 78 39 1 34 98 20 53 27
80 6 76 29 26 9 62 60 18 3 72 60 165 8 173 50 53 6 15 20
48 8 159 52 58 52 27 18 109 9 38 99 94 11 16 206 8 138 121 53
28 11 40 10 32 63 132 73 42 57 2 51 4 44 134 57 30 158 28 11
10 13 9 90 110 37 40 111 38 18 62 3 32 22 158 41 116 4 63 26
34 111 7 148 19 16 99 31 15 232 100 6 32 14 325 113 9 29 37 62
56 87 21 20 20 44 9 42 132 55 86 13 25 9 216 10 34 28 34 107
46 42 26 10 9 22 138 2 4 117 111 18 13 42 29 47 20 35 84 90
99 64 131 78 8 32 36 18 76 25 124 49 40 29 14 47 65 61 5 25
8 63 16 65 28 15 46 200 48 40 19 122 20 80 30 83 2 12 15 38
62 11 174 41 3 76 143 38 101 162 107 10 31 19 10 39 154 109 51 57
17 171 6 1 32 9 17 88 51 69 31 10 4 15 52 79 2 17 57 44
45 54 11 44 13 2 5 30 56 42 99 19 84 83 7 6 10 71 23 256
110 7 23 41 69 87 4 318 29 7 18 3 46 208 37 14 47 136 71 10
30 5 13 68 124 72 45 121 35 37 4 9 76 38 44 49 33 1 29 47
41 28 202 31 5 30 22 63 48 12 157 49 136 34 36 45 1 82 126 3
58 2 51 46 8 2 21 3 17 98 34 26 30 178 13 7 34 83 2 35
10 36 31 27 45 11 13 70 40 83 49 38 10 5 26 49 235 20 13 39
16 46 105 20 21 23 30 30 22 13 9 19 43 61 72 64 22 76 51 6
9 68 14 14 79 123 27 83 38 17 71 32 88 84 66 12 30 2 8 5
75 1 65 65 50 30 14 84 13 4 195 183 10 33 1 91 28 20 7 3
118 5 53 53 78 46 39 22 142 35 77 139 46 39 10 45 100 12 4 5
11 13 17 33 42 14 46 152 51 48 5 103 85 81 77 35 60 58 288 87
2 6 154 6 128 98 7 22 112 37 15 53 13 15 40 69 33 47 86 91
59 1 27 55 49 106 59 3 119 100 11 20 141 5 8 73 55 7 102 32
112 25 5 33 65 63 126 43 266 10 200 5 45 100 75 22 6 2 51 12
40 9 114 37 118 16 25 8 117 5 43 149 45 32 41 17 23 152 92 92
12 59 7 127 18 16 49 115 19 36 66 23 52 30 146 4 24 144 33 13
30 129 114 5 51 12 72 27 18 96 21 23 126 10 6 33 103 52 4 8
36 8 1 89 93 55 19 20 20 30 50 91 2 130 53 84 20 3 5 8
68 20 26 10 51 6 6 79 48 109 37 18 4 25 109 35 7 6 25 21
16 31 35 54 30 33 105 42 39 86 71 2 18 13 9 14 17 10 20 82
21 4 45 44 47 48 36 108 3 57 1 82 51 149 245 30 146 19 101 45
18 19 12 29 80 11 51 1 1 36 86 14 24 63 105 20 107 80 79 73
20 24 31 25 87 106 92 42 39 14 177 16 182 158 1 1 7 1 16 38
13 14 36 9 189 34 19 6 2 52 5 49 77 1 12 23 31 34 14 18
51 200 10 236 38 54 25 14 41 4 153 68 5 4 89 23 25 20 117 159
4 107 23 55 11 188 10 6 110 43 14 39 5 20 13 151 68 22 42 38
11 5 67 13 137 341 11 174 51 153 29 27 8 43 42 68 70 5 20 75
2 3 24 183 70 8 49 15 52 48 140 15 33 39 8 35 9 7 74 163
84 101 7 43 62 100 81 47 70 126 142 48 70 4 26 159 16 21 305 44
52 3 15 223 97 40 95 14 155 19 9 79 62 35 22 57 64 83 28 36
40 11 14 63 35 85 7 8 28 17 8 37 52 242 41 90 54 8 56 5
38 101 2 28 42 8 65 84 177 52 92 52 40 147 102 56 26 16 10 22
42 26 87 10 44 40 91 29 7 88 104 39 9 60 12 14 15 8 26 18
12 52 49 19 171 71 21 31 15 1 7 41 41 34 98 38 183 131 26 2
19 83 10 14 15 78 101 15 35 48 93 31 4 111 8 12 9 37 14 5
13 58 15 22 241 92 50 8 61 13 18 2 15 8 50 99 61 16 23 31
8 71 17 7 111 101 90 169 57 38 27 59 45 4 253 19 34 5 26 14
21 7 27 1 22 17 189 18 2 28 29 36 130 6 110 4 57 26 108 56
168 56 34 22 24 92 176 48 62 242 88 26 8 111 26 14 46 7 114 42
80 22 79 26 77 149 31 156 2 9 2 27 36 54 31 28 12 20 5 15
34 19 32 19 1 34 26 16 56 145 75 19 8 56 16 1 62 96 52 17
175 15 1 112 5 69 19 36 17 88 4 15 32 115 52 58 148 50 16 195
19 173 58 27 15 4 21 142 22 82 9 102 31 3 55 45 26 86 51 10
51 10 186 34 70 81 94 154 87 43 103 80 39 55 77 17 10 43 79 5
11 69 73 7 106 21 49 12 28 94 12 98 47 45 26 8 15 70 51 14
14 178 41 10 4 49 93 13 32 2 74 12 51 44 14 39 5 86 20 110
19 5 6 14 191 16 73 93 24 8 79 1 22 33 38 16 11 22 54 22
1 11 47 72 43 97 70 42 53 64 108 84 26 74 23 16 46 214 5 97
37 77 14 6 28 205 17 21 34 134 165 29 103 19 125 19 47 7 74 3
81 95 72 14 78 5 118 28 1 24 79 34 41 11 21 16 30 6 23 3
1 5 32 93 52 6 8 54 6 81 190 12 7 20 34 62 64 76 78 2
30 28 42 75 60 112 23 55 282 2 111 37 60 58 54 193 67 21 14 36
56 9 10 27 2 4 18 13 31 69 4 27 103 103 57 86 4 2 16 3
21 21 70 29 27 151 14 12 91 97 173 38 59 169 8 83 165 38 54 3
113 29 29 45 42 21 39 66 82 7 45 24 13 101 8 2 77 21 63 104
21 145 3 29 119 53 9 78 1 1 17 20 130 123 22 72 155 122 3 24
5 23 97 142 45 42 45 61 17 61 27 30 11 32 49 41 30 27 45 41
51 34 76 108 2 37 11 33 6 41 74 50 26 2 67 142 14 161 35 41
29 25 15 26 11 25 29 12 21 16 17 32 10 31 16 32 35 40 115 64
50 111 18 5 7 1 67 8 50 11 13 110 3 33 20 49 1 97 4 20
130 22 104 10 103 52 178 25 14 70 2 158 30 20 13 138 95 21 36 82
89 22 10 40 12 28 20 37 51 41 90 73 59 3 17 82 1 105 61 17
60 5 13 14 30 3 51 3 6 25 105 12 55 33 3 1 231 87 69 3
77 25 76 71 4 4 90 57 31 168 105 28 21 1 23 163 7 60 29 11
27 5 43 90 134 34 78 181 112 138 60 100 7 102 2 36 75 44 15 25
32 5 47 39 18 6 121 56 16 65 24 16 32 121 4 116 103 17 65 22
30 8 47 82 13 30 4 63 126 8 73 1 14 40 18 54 7 32 69 59
32 27 47 67 44 92 13 128 3 24 39 1 5 77 89 43 2 18 38 27
38 47 125 44 33 31 164 9 49 61 26 12 12 108 163 20 187 122 42 21
47 12 123 24 8 46 12 45 27 72 56 86 53 6 80 8 47 35 2 23
27 101 9 231 9 17 4 13 2 226 12 10 43 32 5 18 54 7 102 22
19 94 10 10 43 18 12 30 3 244 3 23 46 2 82 19 41 5 68 1
18 90 8 113 93 136 57 125 55 113 16 59 24 87 29 15 56 59 56 4
48 11 68 57 22 12 6 31 52 53 24 15 34 36 4 139 7 97 10 2
56 1 35 3 193 19 47 67 11 81 21 41 62 50 81 1 22 100 62 46
14 47 61 57 56 48 2 97 124 6 147 165 22 15 39 5 217 112 10 15
1 50 203 90 42 1 40 47 101 8 15 19 17 4 65 34 25 101 20 13
69 16 115 139 48 93 11 61 111 30 34 82 3 191 29 9 94 66 30 44
25 2 5 7 2 35 89 50 54 29 15 13 15 346 78 98 62 2 19 52
84 99 18 42 112 2 10 46 52 9 154 50 138 8 9 12 28 13 39 10
27 5 71 70 44 34 13 26 111 37 6 14 32 4 49 13 58 1 46 73
8 48 95 62 20 7 10 29 208 14 16 21 4 23 25 62 81 79 22 24
17 124 78 5 91 14 61 53 71 4 11 24 37 44 18 6 21 62 21 63
47 21 22 19 21 29 16 11 134 18 26 18 33 39 78 88 3 192 63 85
62 21 23 62 34 66 24 23 25 35 32 133 36 153 69 14 130 9 12 13
29 83 20 89 48 34 95 11 16 38 39 43 16 80 80 33 8 54 115 102
69 52 40 48 27 109 12 50 20 26 18 41 77 77 57 51 13 94 48 107
15 49 17 31 160 73 57 28 2 8 161 35 40 39 26 19 114 8 20 19
1 84 25 10 66 34 40 5 61 18 70 19 78 94 54 33 75 13 60 105
34 18 2 21 4 53 18 65 68 62 35 114 114 37 45 163 20 16 9 41
8 13 48 14 87 13 17 4 87 89 24 48 11 31 12 43 30 31 53 38
3 153 26 1 76 18 93 38 1 41 51 74 12 144 131 59 124 16 127 69
47 59 55 30 1 13 12 10 79 32 77 72 50 20 6 40 16 60 65 11
65 2 58 18 41 140 57 26 23 9 92 8 3 6 7 20 209 68 3 36
4 211 110 63 110 6 23 96 29 39 44 30 12 19 15 25 133 86 58 15
6 18 15 19 52 65 6 19 16 27 31 4 115 94 10 24 9 17 9 6
65 23 2 53 3 201 114 7 35 52 97 19 126 56 44 16 70 111 12 24
20 25 6 77 116 3 14 47 25 157 47 148 47 33 32 14 42 1 144 114
24 13 25 37 54 35 8 3 77 46 11 1 198 56 61 22 103 27 4 35
15 58 14 114 35 182 32 64 13 17 24 8 30 85 7 13 3 8 11 9
68 71 11 8 26 60 23 23 25 29 25 12 16 15 97 98 43 64 70 15
98 17 30 30 26 53 8 2 156 34 26 94 71 5 34 66 27 14 11 28
68 2 34 1 52 24 56 92 21 18 23 6 50 87 182 61 27 187 88 21
54 9 7 116 7 16 42 47 89 92 45 213 9 81 117 51 61 36 24 17
38 113 160 46 27 57 11 98 60 65 35 52 96 165 9 22 15 19 48 57
22 6 60 13 31 3 62 42 61 67 87 53 6 16 71 132 2 223 30 42
2 28 51 7 22 95 53 69 68 59 59 108 70 27 4 4 21 14 20 21
14 35 127 18 23 52 10 4 11 47 59 14 6 43 112 6 12 10 1 3
71 215 70 3 46 34 1 24 25 16 150 24 10 33 76 29 25 32 86 36
169 117 25 109 118 9 2 1 207 34 39 18 42 17 23 12 11 126 11 53
10 57 5 89 35 19 18 24 189 4 8 105 8 12 166 8 19 42 48 16
53 87 19 12 15 61 116 33 54 13 24 15 18 23 55 39 75 32 26 4
28 2 59 26 31 34 54 17 81 9 78 69 83 57 15 9 24 71 28 63
16 115 10 56 52 146 72 58 32 5 27 46 5 21 33 54 9 20 97 6
90 70 12 10 79 17 208 2 65 83 9 20 68 42 81 14 1 24 12 29
4 2 9 56 11 35 69 22 60 47 18 1 10 15 1 23 16 2 83 63
20 78 64 26 22 6 51 36 59 103 76 101 148 26 12 1 44 71 78 237
11 285 134 87 42 64 11 14 36 32 5 50 99 132 14 62 26 105 91 50
3 22 32 72 2 49 31 45 12 27 150 14 56 17 10 4 39 11 11 20
1 86 128 4 68 30 1 28 4 36 15 16 89 21 5 42 47 7 78 46
65 34 174 56 23 82 3 32 1 97 133 74 129 13 76 6 99 40 40 36
29 27 166 3 44 2 52 38 53 9 172 66 83 51 95 11 126 15 54 87
143 8 115 56 9 13 78 83 67 32 10 98 158 3 52 27 15 188 54 97
75 4 52 2 153 110 48 119 125 41 198 49 302 2 250 30 71 8 15 31
49 54 28 69 5 12 48 8 59 203 52 102 215 67 53 38 1 115 37 4
6 32 26 47 27 29 75 37 13 155 89 68 33 35 50 59 23 71 49 21
2 63 2 9 17 22 76 34 12 42 62 9 14 2 166 5 30 1 48 41
49 18 42 63 9 116 16 63 13 2 140 19 111 11 16 130 63 20 70 80
32 13 5 14 51 25 141 7 63 20 3 59 143 63 35 70 11 256 49 168
141 22 78 43 59 129 90 21 69 50 20 14 202 7 6 1 248 1 58 17
96 60 3 95 13 46 53 39 53 8 11 28 58 56 76 33 87 47 83 82
143 47 16 26 10 20 24 21 11 23 31 18 9 5 113 14 25 16 179 97
8 54 24 33 33 32 82 37 7 42 234 32 52 72 231 9 13 78 32 6
34 30 31 5 35 34 117 214 3 43 15 48 4 3 53 137 13 29 5 128
11 11 9 121 37 97 55 36 33 69 46 20 4 14 17 2 32 4 26 21
83 42 45 30 53 29 40 8 23 178 7 2 133 16 44 64 10 8 94 8
29 38 8 9 93 82 54 14 38 135 155 44 14 48 80 135 3 12 109 65
108 79 100 92 80 20 77 101 57 28 217 129 15 5 37 33 134 6 8 75
85 8 70 51 9 15 229 33 22 9 19 20 23 43 15 157 24 46 132 95
33 5 80 65 88 4 42 35 20 53 9 17 45 1 43 7 73 32 11 39
100 46 15 13 183 16 6 43 23 14 104 35 2 98 29 1 10 43 57 66
82 89 9 29 18 39 105 35 14 3 80 41 87 45 53 18 21 70 66 25
16 31 41 118 30 9 110 19 30 33 1 209 29 20 17 73 1 100 2 22
6 15 1 88 50 1 46 20 4 37 2 22 41 1 16 5 16 20 14 24
62 21 8 93 53 16 131 31 4 39 61 133 90 88 12 64 113 17 71 42
91 16 20 4 9 2 29 64 29 218 30 48 9 57 6 10 6 45 43 37
143 19 4 3 8 76 6 77 28 24 20 18 31 105 42 39 75 59 23 13
6 37 10 44 2 34 42 13 18 74 13 3 102 44 56 6 68 90 13 43
5 54 9 75 23 20 79 51 53 38 42 4 4 19 10 51 34 9 18 22
21 19 17 121 10 23 137 117 10 153 18 22 11 6 26 48 2 63 17 11
19 88 5 5 73 116 99 15 36 73 205 37 8 33 107 41 44 18 29 37
163 63 71 2 58 16 1 15 85 3 54 20 47 26 18 125 18 43 35 1
89 85 56 92 11 87 7 12 42 34 7 22 87 21 8 1 198 48 20 61
207 1 11 64 4 45 11 23 145 34 24 190 98 108 3 66 141 7 13 19
1 1 141 31 98 14 66 73 36 12 15 5 12 7 34 1 13 51 57 63
24 6 21 139 191 65 40 76 1 136 33 6 6 5 1 31 34 2 36 57
43 1 22 15 33 16 4 4 11 66 77 7 6 14 7 104 19 189 19 158
34 74 77 37 13 11 34 96 15 59 76 22 32 62 32 1 13 82 35 40
27 18 15 48 9 69 49 18 1 37 86 41 34 23 35 92 19 41 34 96
58 21 3 257 1 1 5 25 5 114 3 79 10 2 65 138 7 178 44 11
31 75 100 21 4 4 82 138 189 9 79 8 43 12 62 8 32 12 15 35
15 4 53 1 23 9 30 61 69 92 7 23 114 22 4 48 40 28 40 3
34 7 18 91 8 24 99 36 5 37 117 53 33 28 72 22 45 188 154 8
13 55 32 12 13 147 16 201 9 53 67 8 5 1 49 33 116 42 8 14
104 55 8 84 6 47 54 51 105 98 67 83 81 73 2 56 103 31 2 77
60 86 11 40 84 32 172 80 6 170 46 24 22 12 21 26 3 114 53 82
15 3 60 127 4 216 27 77 14 4 53 6 33 130 67 44 133 5 8 20
57 6 31 53 36 6 4 58 202 23 82 145 197 4 63 16 4 87 4 62
53 19 29 58 75 59 58 73 24 23 64 31 3 45 7 80 13 176 45 40
39 9 22 128 4 63 19 24 46 34 17 13 7 9 2 40 4 9 3 14
1 18 15 44 11 51 1 68 35 16 39 3 26 22 31 9 172 14 44 63
113 66 125 57 58 84 48 40 39 36 14 38 4 38 3 185 125 42 84 17
39 19 42 27 61 45 37 118 19 118 15 64 41 12 16 5 4 4 87 6
44 17 22 28 9 12 39 117 2 33 80 50 38 24 95 20 7 24 48 47
144 46 34 61 91 39 48 80 132 28 19 54 28 31 31 33 19 19 4 11
123 69 10 35 78 175 119 12 51 27 10 11 62 195 75 73 47 46 14 17
