100 20
127 8 29 47 30 97 36 24 2 45 5 9 5 86 157 1 30 3 45 50
20 122 37 83 109 4 15 1 2 40 25 38 64 4 7 90 73 6 11 31
21 19 2 39 79 88 5 159 26 14 163 30 57 13 149 37 35 72 140 148
90 10 105 10 170 28 29 44 47 54 11 76 1 39 45 6 73 8 23 41
99 116 19 165 67 16 50 86 7 46 150 16 29 79 23 18 58 8 79 75
232 22 37 43 65 62 15 123 7 98 11 90 52 83 135 9 82 1 12 12
47 19 6 1 1 48 48 63 25 17 83 49 2 15 19 190 58 108 3 12
28 202 3 105 9 39 35 84 3 50 104 53 69 70 14 6 3 19 27 16
54 39 66 21 19 92 39 121 51 214 3 65 160 16 39 2 17 18 110 63
58 10 159 12 84 43 5 1 36 7 33 51 38 13 28 41 87 68 20 9
1 7 56 17 39 50 33 103 4 33 44 294 8 34 39 5 1 84 16 133
58 41 116 21 19 6 9 116 163 3 7 40 58 18 7 20 10 67 21 32
30 18 18 66 24 29 82 91 15 19 62 57 117 233 36 92 18 31 65 46
33 26 19 11 4 6 40 22 118 84 6 13 4 4 11 22 2 46 46 167
44 129 55 26 67 28 30 23 2 3 6 36 54 7 11 10 54 1 43 43
158 127 21 33 69 4 16 4 32 76 42 12 53 101 83 101 11 198 16 2
83 1 1 22 43 41 187 12 67 9 25 8 96 12 67 64 21 9 13 37
83 88 55 65 38 6 23 68 3 35 76 79 8 59 106 28 84 46 212 17
22 36 47 96 9 83 31 47 73 8 23 12 121 55 1 3 69 42 6 82
3 16 103 103 76 95 315 90 111 27 21 9 53 39 162 26 18 63 44 76
11 45 57 4 131 77 30 88 5 25 32 145 186 48 35 44 36 25 13 47
18 136 67 1 20 14 36 91 18 47 75 38 6 46 14 256 28 23 11 81
37 1 20 48 21 51 15 12 34 49 27 10 11 68 17 17 34 135 9 79
14 76 11 27 4 128 14 148 14 4 25 5 119 43 38 5 9 6 115 1
4 127 17 16 105 73 18 43 22 111 69 30 4 35 27 31 22 10 9 20
84 63 29 19 119 126 64 30 40 8 33 62 31 127 70 19 156 208 4 25
4 19 86 76 14 127 169 274 87 86 51 5 22 72 13 29 65 14 26 68
8 99 43 4 52 33 56 28 22 27 40 23 131 15 38 77 54 72 55 63
17 129 255 99 39 10 6 39 20 20 24 38 44 42 124 97 31 31 80 11
16 35 14 70 15 38 12 65 16 27 20 61 152 28 36 13 10 50 72 20
50 3 11 67 11 51 5 88 15 9 4 57 16 177 130 7 168 21 17 20
60 14 86 34 104 146 47 1 38 146 32 17 46 1 26 14 47 4 16 1
87 172 34 58 50 70 3 23 18 23 75 3 160 39 11 130 22 14 103 55
2 122 78 20 86 83 27 8 52 50 14 112 18 6 21 67 28 48 84 95
19 27 123 66 53 42 80 3 53 2 188 87 27 65 18 63 6 51 39 22
76 129 213 8 40 3 122 171 61 53 137 35 35 13 144 37 112 152 6 50
26 73 8 2 7 9 18 16 23 7 22 48 102 2 9 65 148 285 20 97
95 35 32 14 1 11 40 13 9 33 22 9 99 264 101 22 53 39 85 78
50 65 8 30 14 12 83 4 27 14 4 8 18 119 22 38 169 112 91 105
73 39 174 115 33 76 1 11 34 4 9 89 7 60 38 61 67 98 87 31
25 63 52 98 4 11 3 59 35 54 20 22 9 30 36 18 37 75 58 7
145 24 167 27 30 121 240 20 13 69 234 33 9 28 77 97 61 63 63 9
114 63 192 56 29 11 1 80 33 48 33 32 29 13 41 63 2 25 36 105
37 3 30 158 24 17 146 5 25 72 66 64 26 16 14 78 5 72 9 12
114 44 92 80 59 53 38 67 29 206 49 65 4 32 84 185 14 1 19 170
221 140 35 80 94 73 19 42 61 4 12 135 13 69 22 4 44 44 138 90
23 4 142 74 15 164 3 34 24 25 87 116 111 49 10 6 20 74 133 4
28 130 99 57 101 2 33 23 167 34 66 151 20 19 92 105 76 104 57 151
11 14 65 1 51 48 4 19 17 2 12 12 20 44 309 195 4 13 21 20
60 23 44 93 1 41 88 15 4 117 107 21 19 56 51 11 50 41 44 83
31 60 43 3 54 14 5 144 21 11 24 29 142 67 12 14 44 18 12 18
72 50 28 129 38 21 106 113 1 131 2 8 4 13 62 12 19 141 134 25
103 6 32 144 57 10 4 177 12 60 11 196 26 123 102 9 6 2 180 59
39 8 35 6 59 15 127 81 8 56 40 23 136 44 37 12 19 105 5 138
2 45 4 93 6 51 7 10 38 31 131 28 46 27 70 2 60 59 25 32
28 90 12 4 79 20 96 15 10 38 98 45 25 2 18 114 27 19 27 42
109 85 27 21 91 108 10 114 39 10 46 86 29 23 41 6 26 36 75 82
39 75 65 95 90 6 21 103 50 89 117 114 38 5 43 25 88 63 97 82
44 96 12 72 48 22 57 10 119 14 25 65 10 58 43 71 20 40 11 52
31 90 84 126 29 5 152 79 17 75 61 94 23 71 56 21 74 17 5 4
14 8 77 6 94 14 34 27 204 154 43 46 34 8 88 3 33 25 92 92
46 77 13 7 173 37 5 122 39 24 13 34 110 70 20 106 70 121 6 72
10 180 36 128 45 158 84 44 61 32 56 27 18 28 27 14 2 31 50 20
75 33 93 17 10 15 84 27 26 111 27 79 1 7 15 51 117 21 2 80
6 88 129 77 45 58 44 12 141 9 30 66 14 246 7 109 21 37 24 9
17 32 2 39 37 112 41 21 71 70 95 123 6 467 74 55 88 13 32 27
40 1 28 24 131 25 93 142 10 38 11 21 141 11 39 37 16 87 57 25
19 20 195 11 8 86 83 15 91 13 26 12 21 73 39 68 42 60 5 327
11 76 18 33 23 49 3 18 6 4 49 10 111 35 43 4 21 20 17 282
22 2 38 157 7 162 7 5 6 20 86 5 39 47 209 35 130 21 24 32
94 17 50 4 21 9 43 127 64 57 52 64 121 3 59 25 2 20 21 67
8 14 73 13 57 16 23 16 161 36 50 38 59 153 63 18 30 35 92 73
158 103 85 114 10 10 85 74 146 21 40 43 52 86 11 3 9 36 10 79
23 38 127 33 109 7 100 42 167 20 76 1 82 27 57 28 43 56 21 191
11 25 100 62 63 4 27 16 14 83 80 51 6 2 31 4 52 5 74 27
205 5 187 2 26 71 82 27 64 21 19 15 11 59 11 37 52 76 53 17
145 66 11 42 51 27 70 15 28 129 67 26 22 8 86 200 126 141 10 17
45 57 26 24 152 17 1 11 36 14 16 156 18 9 77 50 11 5 61 43
16 89 45 65 16 19 18 8 36 9 82 67 5 47 10 171 54 86 88 17
66 80 54 33 20 31 56 39 11 48 79 33 8 24 56 11 47 67 16 9
47 211 21 231 3 143 82 219 17 30 21 44 101 59 34 104 11 71 47 15
32 108 20 36 7 25 244 68 197 34 13 42 30 10 176 33 18 31 298 182
105 7 123 70 40 4 89 95 4 28 80 13 144 189 83 115 50 2 17 34
49 119 100 15 122 44 60 70 6 12 23 26 109 25 18 80 25 25 18 26
49 2 4 72 8 93 36 13 103 4 150 38 30 6 59 83 5 18 51 97
6 42 27 3 71 77 19 46 39 98 124 86 54 23 41 2 136 178 184 32
65 6 8 64 36 16 4 22 5 51 62 4 17 46 22 18 90 116 30 28
18 44 41 4 19 1 4 11 27 61 113 22 30 73 45 101 39 38 67 22
42 4 19 26 39 108 17 29 9 72 84 16 11 36 49 13 20 36 148 36
270 11 43 162 2 1 134 76 27 7 221 106 51 5 37 17 20 12 37 58
23 46 18 9 13 42 42 32 55 31 49 40 9 19 8 6 13 68 73 54
13 201 67 7 70 1 46 16 34 7 296 5 22 15 48 71 37 36 40 72
173 4 89 74 270 83 10 6 105 53 1 23 47 10 56 202 15 21 38 5
63 35 37 26 9 68 76 45 62 38 14 11 26 181 30 72 67 4 32 18
89 8 119 130 112 54 19 140 3 63 7 65 28 128 104 57 17 91 22 1
61 67 62 101 4 92 6 44 123 21 50 176 4 4 46 94 38 42 10 7
94 8 28 18 170 89 57 71 12 109 51 45 77 19 9 25 60 111 19 96
24 59 18 39 75 21 37 3 172 6 24 71 52 50 213 39 75 99 12 49
46 15 106 126 1 57 123 20 42 16 50 42 47 50 21 82 57 102 167 15
23 44 88 32 66 18 85 41 1 88 39 12 30 19 45 32 18 223 4 30
