50 10
117 144 29 26 58 89 26 6 45 15
218 154 122 109 34 166 21 4 15 40
78 86 96 150 139 20 68 21 64 31
93 53 60 48 53 16 80 128 10 10
49 108 66 5 19 59 132 48 73 79
55 162 21 17 24 54 6 6 72 36
91 13 71 120 10 62 32 104 13 67
6 16 56 27 25 17 12 54 53 60
131 48 35 44 1 40 68 36 2 10
22 69 23 101 48 33 37 34 8 189
197 66 144 17 175 98 36 39 25 30
65 73 74 23 79 16 235 108 21 28
129 91 163 65 45 1 12 87 48 87
95 27 53 86 12 25 82 29 66 12
24 10 17 34 32 3 4 6 143 40
5 126 42 46 14 30 85 20 58 67
49 77 110 9 17 31 9 28 2 63
29 39 55 87 40 56 31 41 9 138
46 34 18 69 10 57 118 85 128 86
114 45 235 45 23 7 69 3 75 74
8 66 14 3 19 37 5 24 77 4
5 20 58 1 39 79 42 114 8 111
26 11 11 48 28 23 24 57 19 20
12 83 17 120 13 21 8 182 27 2
103 187 26 20 60 15 4 134 111 270
42 55 30 6 19 61 30 49 83 6
7 13 10 116 142 6 7 98 25 156
65 46 54 45 15 13 35 63 7 55
122 2 2 146 356 318 91 85 11 75
30 22 14 41 176 74 164 38 25 25
24 49 60 32 80 10 23 39 45 28
22 103 55 110 65 10 93 15 65 122
81 58 31 15 96 3 28 52 118 2
15 57 15 26 59 2 21 18 5 16
20 84 20 5 6 50 18 37 23 245
11 91 33 32 7 2 67 14 151 26
74 29 23 82 29 45 25 92 75 116
81 55 19 8 27 139 176 78 33 11
46 116 55 178 4 166 54 55 10 58
55 57 1 42 41 121 7 18 38 22
43 4 39 88 48 1 23 14 34 42
58 114 18 42 46 67 12 1 53 251
110 50 4 39 33 73 87 23 46 16
23 103 12 158 11 112 9 4 130 23
11 2 77 41 43 22 163 44 211 84
3 74 9 122 38 25 30 25 82 20
43 20 2 54 12 22 43 40 114 5
38 16 54 77 19 19 141 60 96 12
109 24 14 137 34 21 43 38 59 96
8 104 28 24 249 138 6 53 125 8
