200 20
2 7 115 7 14 159 40 5 97 17 63 55 199 168 5 43 60 142 21 51
44 115 12 94 40 17 12 5 29 5 24 76 28 26 115 114 19 79 21 124
39 20 34 75 13 9 2 12 64 91 135 23 8 16 79 12 72 31 7 100
40 56 7 31 84 6 18 3 16 38 146 96 65 63 40 107 148 24 7 34
108 20 20 20 14 42 123 118 6 3 1 43 67 33 168 4 2 3 14 12
39 54 19 12 85 6 89 85 299 18 162 46 51 108 109 114 2 103 36 10
5 68 2 15 63 36 24 8 73 12 15 184 18 4 45 31 201 180 99 73
93 74 10 64 34 154 123 57 187 46 7 35 61 85 199 17 38 30 75 42
29 32 5 46 151 118 66 17 7 9 36 11 74 18 41 30 119 81 68 12
28 9 1 17 34 22 103 135 5 43 32 23 38 44 57 151 73 223 65 4
168 26 138 37 66 11 16 31 6 54 60 25 13 37 17 10 150 26 16 157
3 86 161 14 53 27 61 50 60 16 30 80 91 59 37 56 122 2 54 32
25 50 160 24 61 94 64 154 145 135 32 50 50 4 132 11 4 49 45 23
74 102 20 41 24 26 31 167 11 458 134 21 149 9 90 44 22 28 6 64
54 9 58 12 40 40 50 222 19 4 13 44 31 30 12 16 21 146 22 5
126 1 115 16 66 14 3 112 21 22 9 68 6 134 82 32 10 131 23 12
73 1 6 47 108 21 100 26 16 4 59 113 32 25 63 53 18 71 53 29
57 107 18 12 106 61 19 219 45 67 62 59 29 4 7 2 4 39 123 5
14 18 52 132 5 33 34 3 49 83 126 10 28 23 97 16 35 3 54 7
37 5 42 72 21 18 44 13 70 87 18 50 54 51 68 2 23 3 151 17
136 11 13 13 13 88 254 40 66 59 130 3 215 86 22 4 2 29 9 33
20 20 7 137 21 76 63 66 56 45 48 30 37 8 1 50 12 34 26 8
64 83 13 15 50 26 36 14 17 51 17 10 72 6 139 13 6 72 5 38
175 4 2 34 45 40 45 140 32 16 22 10 40 138 11 10 44 1 24 161
137 25 43 70 57 71 71 55 26 50 46 22 64 9 26 30 36 25 1 44
100 181 6 150 3 114 42 251 32 31 53 58 25 30 26 61 95 73 65 12
110 40 54 26 253 3 14 100 5 161 26 48 15 25 42 38 78 13 90 6
2 70 82 54 45 76 44 7 6 16 143 45 12 53 129 38 46 70 20 155
204 6 11 41 2 49 7 14 39 3 288 17 7 36 113 66 27 9 4 70
135 16 4 56 107 26 89 54 77 167 9 49 14 27 12 5 9 42 60 101
63 18 18 189 83 69 15 22 26 93 110 27 11 15 51 40 12 156 13 26
40 26 99 43 82 3 117 11 22 2 3 9 12 126 16 112 36 114 51 97
25 97 57 26 79 19 40 51 71 71 46 29 8 7 19 4 79 82 10 9
39 89 8 29 11 22 1 34 2 233 44 48 130 48 172 21 51 2 175 1
3 26 41 38 79 70 13 140 26 147 32 58 149 29 43 120 45 33 13 53
88 35 17 108 59 96 47 7 71 48 1 200 46 6 24 88 4 42 47 18
31 52 11 70 22 180 31 10 30 126 61 32 3 6 58 21 21 29 16 70
1 69 28 12 61 4 6 9 70 71 80 1 141 23 1 70 53 75 9 72
33 55 13 8 14 16 46 49 147 101 32 117 65 68 23 82 59 24 56 23
140 22 47 20 17 36 105 24 3 112 166 11 111 275 16 30 22 105 13 7
38 48 89 34 93 4 40 14 1 37 143 112 3 76 2 52 7 2 29 22
4 99 28 74 31 64 70 69 4 66 42 5 2 152 46 34 30 6 2 103
72 105 1 96 7 11 97 34 40 78 37 18 50 12 49 80 18 35 130 159
5 71 46 8 78 60 196 152 52 68 85 14 8 30 60 28 2 32 21 31
82 27 36 31 59 17 37 24 7 20 7 36 20 10 11 63 38 50 83 36
114 29 30 8 61 34 36 93 87 190 66 17 16 88 16 44 18 124 26 3
41 72 8 18 42 79 11 58 71 83 3 58 4 74 46 12 45 76 80 12
83 102 39 66 243 68 68 47 127 82 18 39 8 2 94 12 11 174 65 33
23 59 9 4 5 30 119 48 50 20 10 112 105 133 154 106 220 45 53 48
22 100 2 10 9 19 129 72 1 7 197 87 28 64 17 95 29 52 23 9
34 21 4 159 18 29 35 53 146 8 94 5 22 83 15 53 76 198 172 6
43 29 3 33 9 71 39 1 58 7 36 7 4 36 30 39 11 15 51 20
11 38 51 5 57 15 91 16 5 37 63 37 6 25 53 33 12 4 117 114
28 121 7 7 36 33 211 69 2 31 37 3 5 14 40 160 79 176 5 38
139 12 4 38 25 2 20 21 23 28 70 51 67 5 44 12 1 58 22 64
19 7 57 116 4 117 2 49 91 85 17 9 8 97 143 50 20 109 11 48
25 27 81 83 86 7 49 149 98 51 4 119 44 39 2 53 45 113 68 75
22 109 27 97 1 34 9 40 51 18 112 43 50 15 92 3 24 7 7 162
117 81 1 122 6 86 67 44 42 74 36 39 57 29 26 55 36 88 49 33
275 118 39 9 128 6 3 132 1 19 12 32 20 84 156 30 146 54 5 16
17 109 8 124 38 5 9 4 11 15 139 12 22 70 33 3 2 24 48 6
10 88 49 17 9 46 42 53 40 37 22 28 8 27 1 93 4 270 69 44
20 48 18 25 30 2 7 105 173 45 43 8 35 13 74 17 81 96 28 22
1 1 72 17 23 100 128 69 36 145 31 37 66 2 24 14 15 79 26 32
102 4 15 34 9 67 58 27 3 75 7 20 24 40 37 29 26 10 31 35
41 170 35 32 50 62 78 32 22 17 17 44 46 10 60 134 129 99 12 7
28 156 48 11 89 41 112 19 17 22 17 97 49 189 48 86 1 15 44 42
2 60 54 104 253 19 140 14 7 154 1 65 155 25 115 93 10 10 24 188
6 13 46 21 51 75 31 3 43 36 20 1 2 2 52 35 39 4 4 13
45 97 190 15 1 27 3 48 79 18 114 41 33 95 23 15 2 108 7 44
21 19 70 82 5 38 64 27 98 12 36 55 23 18 37 16 20 53 4 1
7 5 7 44 72 60 3 46 75 11 25 8 7 87 4 13 42 6 26 55
6 106 89 8 35 50 138 12 103 27 106 2 2 19 30 137 36 103 80 29
33 59 16 22 14 3 160 26 13 14 17 90 104 38 12 150 2 133 19 52
181 49 49 35 1 82 9 7 45 25 123 21 35 23 26 9 81 112 31 68
5 10 30 36 18 2 6 54 135 201 15 26 4 51 8 55 4 9 19 30
110 6 146 9 15 11 33 20 12 167 5 82 22 83 4 4 26 119 55 92
7 49 15 16 159 24 30 85 20 3 37 64 30 17 26 50 78 1 11 17
84 69 58 2 25 14 50 8 55 47 15 25 15 71 82 53 31 90 17 246
94 8 52 8 4 57 33 12 8 145 45 29 15 85 66 37 33 86 1 43
47 12 91 34 75 68 66 43 1 28 7 159 51 19 19 39 54 31 4 8
30 27 5 121 104 167 66 107 9 43 35 13 20 10 19 1 48 12 2 171
25 40 175 13 62 16 68 10 129 48 5 33 45 42 11 158 69 4 13 48
143 55 11 9 59 32 1 10 45 36 220 23 21 50 11 117 3 18 9 40
29 10 13 20 1 1 11 35 57 14 23 91 20 64 6 38 2 51 20 64
8 98 75 10 70 6 34 21 30 14 23 1 55 50 4 48 43 1 4 75
14 37 58 8 11 4 27 25 46 39 15 7 1 43 2 105 34 7 157 187
17 80 27 61 100 15 19 50 50 28 7 22 34 25 16 7 56 33 57 85
88 21 8 4 31 52 27 45 29 2 25 30 61 13 13 97 1 84 28 28
44 15 67 188 76 5 25 7 71 14 87 54 46 23 3 43 1 109 13 83
35 30 18 53 37 49 41 42 8 111 30 169 66 180 28 78 4 31 1 87
65 3 101 17 16 62 28 41 72 46 121 104 106 19 95 12 29 34 44 55
25 18 78 19 25 36 84 43 5 4 52 17 39 37 39 8 101 123 293 46
25 70 92 41 204 75 4 32 21 6 76 27 48 133 4 6 80 31 5 59
15 29 12 218 146 57 15 110 100 83 67 13 10 2 1 30 64 17 2 31
12 2 1 11 153 103 215 57 186 40 65 11 23 46 10 11 30 7 64 2
30 11 103 37 65 141 114 36 119 29 58 79 50 4 11 6 1 27 101 4
98 5 32 10 85 114 164 15 65 81 36 17 19 42 10 16 67 21 27 34
36 18 98 57 77 15 1 70 39 94 189 38 89 81 117 28 46 10 27 20
19 90 7 26 8 73 13 265 116 4 18 27 5 30 4 32 12 4 36 21
86 9 165 131 52 178 61 101 58 119 191 14 64 27 47 98 26 13 17 33
114 54 6 36 34 28 3 19 23 28 44 66 93 35 14 11 197 5 36 36
60 21 1 84 40 70 157 83 34 40 48 130 168 18 43 15 11 14 12 52
155 17 274 6 87 7 4 9 1 30 19 2 125 74 13 14 69 33 106 66
78 138 72 2 193 13 30 80 21 28 14 26 40 10 6 27 133 84 64 64
2 140 12 11 34 44 18 11 3 70 53 169 66 146 24 98 28 65 20 21
6 168 4 29 73 5 14 23 24 25 76 3 79 48 223 72 5 96 140 22
60 19 25 7 149 79 158 38 40 9 36 31 68 1 4 123 10 71 24 70
6 11 76 20 37 29 30 5 55 62 74 20 162 68 53 11 144 8 28 6
31 38 35 60 4 27 297 134 40 93 4 122 8 48 16 48 55 145 17 12
12 37 89 11 152 1 86 72 8 2 129 152 34 56 108 55 7 24 13 38
10 51 19 67 27 42 21 103 30 117 15 22 19 123 15 13 34 2 49 2
50 20 61 112 8 124 96 84 117 3 122 19 82 76 33 34 3 67 114 9
2 15 25 55 27 19 17 2 16 105 72 8 164 34 1 102 13 15 23 14
17 18 52 52 63 8 30 20 8 116 21 59 154 62 131 220 78 34 10 66
102 158 7 38 59 87 29 27 16 74 37 70 44 302 179 42 126 13 65 13
41 8 93 30 12 1 85 38 32 27 127 76 9 37 243 4 7 123 102 55
11 29 20 59 35 58 218 25 9 241 22 30 87 57 15 47 45 5 5 75
5 42 13 31 92 16 26 7 47 5 39 5 68 21 13 2 17 141 56 34
83 8 71 161 89 84 36 7 17 45 2 15 21 9 38 5 11 42 30 75
56 21 123 7 69 63 83 19 24 137 16 12 156 2 36 40 7 39 56 83
3 6 3 7 30 21 18 101 96 9 173 32 66 45 59 41 43 14 11 2
3 173 17 41 24 27 4 37 25 16 49 171 129 1 58 25 15 1 186 21
46 40 34 25 8 109 19 7 52 86 17 61 1 35 105 29 76 15 2 41
92 4 55 90 93 6 14 28 15 5 129 21 58 343 19 51 44 99 16 1
5 38 127 21 41 185 31 180 58 2 13 18 6 26 16 28 29 19 56 25
13 73 36 24 15 62 46 30 1 19 70 30 56 52 68 44 161 12 10 4
13 6 4 17 246 123 37 60 59 18 118 4 30 22 114 41 45 33 114 38
20 6 115 32 15 27 41 48 69 23 82 172 152 147 24 64 60 84 51 91
19 14 87 37 110 38 94 70 38 6 15 88 87 36 20 14 99 61 15 19
5 61 1 2 55 118 21 3 31 67 50 4 151 38 171 47 4 87 19 50
24 45 112 168 1 24 56 3 14 31 4 103 6 3 24 28 37 71 74 135
18 179 46 28 55 56 5 28 48 18 12 13 12 35 16 74 6 37 34 52
16 383 70 130 4 10 45 21 16 37 15 39 49 96 30 208 57 94 15 54
30 62 7 34 97 25 11 59 1 110 115 7 68 34 135 26 199 4 61 17
2 46 75 102 54 30 20 60 5 61 19 17 13 53 37 84 1 6 79 85
3 140 23 77 38 18 7 46 9 71 30 6 6 4 36 61 58 38 90 25
4 21 234 8 91 10 181 5 24 81 7 65 63 60 173 116 52 9 71 50
44 46 3 68 38 125 21 5 131 167 35 15 43 3 14 31 114 13 51 5
75 62 10 32 7 4 27 54 27 82 77 80 198 24 32 11 19 21 37 84
25 22 227 104 27 7 77 14 34 31 10 44 9 6 11 41 42 165 27 12
62 110 11 6 71 32 129 27 34 49 109 22 41 91 29 11 40 28 8 17
8 126 205 7 15 29 153 95 42 151 162 63 14 33 49 21 12 29 27 53
9 38 35 4 9 61 61 24 78 51 47 61 20 97 58 120 69 21 47 14
35 18 82 14 62 134 54 69 26 8 10 26 2 12 50 64 21 114 2 7
38 85 85 271 28 103 62 143 20 4 9 106 3 3 40 6 13 19 70 25
151 16 247 40 38 7 21 74 17 22 68 55 21 18 20 47 135 181 23 44
8 8 1 48 4 7 5 88 5 17 16 87 3 11 10 31 91 21 75 57
54 202 22 64 23 20 77 65 105 22 8 115 25 22 27 54 69 19 64 122
3 59 32 102 3 6 108 55 1 114 46 19 2 2 58 8 11 21 18 125
73 111 21 61 73 94 20 18 32 9 22 87 14 17 142 55 29 44 42 18
44 94 39 102 70 27 23 103 106 32 143 45 6 7 5 19 40 1 137 51
60 98 123 76 1 10 117 72 47 7 18 67 154 67 30 3 19 88 45 13
21 66 11 17 25 79 34 48 54 35 4 17 73 12 51 12 80 21 49 47
18 20 1 1 137 201 47 49 65 4 46 6 25 21 30 127 28 36 9 14
43 14 8 34 25 21 82 24 22 53 103 205 46 118 12 18 40 6 38 82
53 17 8 11 4 49 20 9 50 67 30 15 119 2 90 53 36 147 63 45
19 62 11 71 22 38 30 7 28 11 75 25 81 27 53 24 5 23 31 112
68 41 8 39 12 23 90 23 85 53 51 13 66 65 3 1 236 49 12 12
16 101 30 33 31 16 5 3 78 1 15 62 156 66 6 51 11 42 1 5
88 62 4 10 37 27 61 59 5 37 3 11 26 36 74 154 11 176 121 204
34 5 94 1 19 81 8 36 15 2 21 66 19 18 22 104 56 15 37 14
100 13 35 70 8 29 12 8 49 11 6 45 21 177 69 83 80 14 35 40
106 10 149 59 29 105 2 139 43 20 32 2 4 63 23 5 28 9 97 150
6 12 24 48 8 19 15 29 3 9 79 26 4 23 139 14 26 5 1 57
22 33 14 71 92 27 3 98 15 18 84 95 91 18 12 10 33 36 3 63
10 25 8 29 48 8 112 8 115 1 20 24 1 68 62 5 59 23 29 26
149 72 37 1 24 48 47 80 4 1 1 98 29 99 65 7 50 181 1 6
83 2 61 67 121 86 42 68 45 35 51 4 51 70 61 24 39 4 2 17
19 44 49 47 23 44 6 36 80 87 11 27 17 1 9 7 7 39 200 69
32 28 16 149 4 40 85 62 107 33 57 8 8 39 51 44 113 6 165 16
8 11 10 119 3 40 141 43 226 17 50 18 39 21 26 53 3 20 50 50
160 34 9 107 33 44 28 2 1 42 77 56 16 34 275 81 38 10 96 26
84 2 23 148 26 20 36 5 108 18 96 32 52 20 3 35 42 17 250 45
52 13 27 22 48 53 31 19 14 15 55 169 67 26 44 46 45 115 47 17
28 58 40 11 75 28 69 37 165 11 121 159 6 3 112 33 73 32 48 36
44 60 47 213 26 21 72 13 108 40 59 13 60 15 106 104 12 11 18 9
146 45 17 70 40 7 2 10 9 1 79 20 81 6 66 61 48 15 21 22
43 5 17 6 118 7 74 2 147 32 14 173 77 12 71 142 117 268 12 69
2 3 49 30 52 1 78 40 20 55 23 1 2 68 9 24 83 16 53 8
12 49 49 59 8 7 19 280 23 24 65 42 20 59 11 68 2 29 15 43
2 13 10 73 277 37 31 61 10 29 73 30 18 36 134 12 24 28 59 66
18 27 59 22 166 12 17 5 30 33 9 98 35 8 6 24 13 8 4 6
26 96 70 190 43 94 23 3 9 26 13 60 143 6 53 3 31 75 33 15
28 36 36 53 42 3 7 32 4 32 14 84 14 3 89 39 193 12 7 96
25 140 55 19 33 12 58 2 31 25 72 47 31 52 152 8 53 28 5 5
11 45 53 38 1 74 150 18 7 4 42 111 8 188 92 17 51 10 9 2
78 41 179 14 98 47 67 139 53 101 58 81 67 10 39 9 13 64 31 148
19 87 42 38 4 113 22 12 24 4 94 7 33 79 14 102 9 94 17 46
4 20 13 24 72 12 48 5 17 18 6 81 19 25 77 14 16 11 46 1
64 61 11 50 25 82 397 13 39 54 13 21 15 10 16 60 21 33 172 173
60 26 83 74 193 58 17 9 34 30 24 200 22 58 30 3 96 4 57 60
42 73 2 108 3 34 10 43 65 144 11 106 48 63 23 55 32 20 25 42
24 74 51 248 22 6 130 46 182 50 5 101 14 22 78 60 8 57 4 68
72 13 91 91 2 140 25 57 30 40 64 82 33 60 4 1 18 38 24 46
1 2 27 17 56 148 44 44 20 77 34 8 5 4 22 18 65 21 8 31
12 54 4 62 24 4 9 37 66 40 39 216 42 39 5 17 114 6 20 2
86 3 22 66 9 28 253 22 117 5 18 2 14 3 63 3 11 80 24 27
88 109 127 11 3 175 18 95 47 11 92 12 65 9 34 91 5 39 67 82
65 7 1 103 16 39 70 160 29 44 23 65 63 69 91 65 19 30 9 54
