50 10
37 184 62 22 73 53 16 36 82 4
34 30 40 4 65 36 44 13 132 53
50 14 120 3 84 14 22 9 117 15
78 49 83 50 39 110 35 169 93 54
13 13 1 98 24 32 187 23 140 26
76 26 45 16 71 15 194 7 81 2
33 78 18 171 40 14 19 63 154 38
37 15 6 31 13 24 52 16 72 15
84 49 75 5 47 21 1 51 10 9
177 47 45 79 16 41 49 93 125 59
15 95 103 100 161 5 66 39 4 114
132 77 54 23 2 29 104 4 24 32
27 39 42 51 32 73 96 66 39 16
20 4 58 13 16 14 55 16 10 14
14 13 14 76 25 95 23 19 4 5
213 123 15 27 89 61 154 4 19 21
29 21 13 44 66 53 173 9 132 74
17 82 5 85 34 28 34 8 76 14
43 12 131 15 152 12 9 97 56 113
11 44 10 35 10 95 26 41 1 26
25 1 37 73 77 102 17 32 59 27
111 15 34 16 82 19 17 20 29 3
41 122 5 73 10 50 17 7 74 23
9 82 134 4 18 26 78 43 207 1
34 4 35 21 10 17 1 7 36 40
54 77 96 9 10 135 18 1 36 46
82 46 17 1 7 49 38 9 8 26
93 54 227 31 89 33 78 58 10 20
2 12 27 30 5 84 33 43 35 36
13 29 56 21 9 91 4 57 14 6
13 15 13 42 27 175 58 157 26 2
1 21 70 119 77 58 86 33 8 45
144 16 31 36 46 7 4 63 24 28
14 30 65 4 15 55 2 64 20 5
106 2 108 44 159 10 16 45 13 19
32 162 17 14 71 62 25 65 2 109
58 78 137 145 111 18 67 24 57 8
27 29 79 46 10 33 10 84 102 183
24 26 4 63 14 5 4 130 71 7
137 12 30 13 47 60 27 41 31 20
1 37 44 59 70 7 2 128 2 93
112 10 19 1 18 30 12 40 6 14
27 3 18 18 2 37 81 67 52 118
59 16 17 158 18 29 12 19 192 80
31 2 75 10 120 142 8 18 99 47
18 1 3 189 7 12 26 23 109 60
46 1 35 46 40 53 15 93 25 22
30 39 104 11 195 210 104 176 5 158
68 42 15 7 198 19 61 76 66 13
9 22 69 51 27 9 28 144 3 33
