50 10
31 16 42 83 12 10 70 127 45 119
102 79 47 71 47 22 38 8 30 15
19 57 154 28 10 4 5 96 9 56
145 25 44 29 74 65 48 12 14 14
71 30 161 168 11 92 41 63 52 51
71 7 1 40 37 96 22 29 30 60
171 40 27 10 79 171 8 16 4 3
19 17 22 51 64 138 59 17 33 67
11 207 6 147 78 29 35 13 235 84
129 203 22 18 21 15 49 58 10 36
37 42 30 28 19 62 18 10 72 12
7 8 23 177 69 142 4 20 37 166
60 3 55 29 33 14 33 6 3 55
15 20 63 31 36 18 3 5 139 9
109 1 25 43 12 203 115 130 4 34
81 56 136 72 5 60 20 118 23 29
98 7 175 30 56 12 75 2 74 4
121 9 109 83 20 5 31 201 100 234
31 8 8 82 61 19 72 59 6 112
6 36 91 94 36 29 83 238 24 32
84 4 102 74 22 69 14 114 101 24
19 28 63 317 8 1 5 18 202 46
15 39 36 54 11 12 74 16 18 48
40 60 19 55 64 10 52 24 59 14
3 75 89 98 68 279 43 38 12 23
59 2 106 205 151 5 7 36 91 22
21 48 21 20 113 5 28 2 300 221
61 40 54 32 76 2 14 7 12 179
2 95 95 87 34 8 92 15 8 42
8 8 46 74 6 90 23 10 4 4
45 163 24 18 23 12 14 14 37 99
133 5 12 51 40 11 11 117 52 30
108 13 35 24 18 105 32 18 83 48
11 17 5 14 68 62 11 25 8 10
98 18 63 266 14 102 122 86 37 32
103 2 10 7 37 45 11 80 2 18
49 36 2 100 124 17 48 41 74 10
17 44 35 147 37 61 68 24 17 2
195 69 112 51 111 58 39 9 64 9
99 30 81 14 1 70 34 33 90 8
38 8 22 49 22 19 10 2 5 38
52 8 17 127 25 31 102 8 123 71
108 97 8 16 42 35 27 22 73 19
53 2 92 28 5 31 113 7 31 10
7 94 105 54 30 205 84 29 3 19
100 45 101 3 227 51 40 309 39 8
29 38 11 179 8 61 69 87 58 25
20 50 56 16 49 31 20 84 5 17
32 17 38 6 22 23 42 48 24 6
21 10 24 65 86 124 99 16 43 26
