100 20
104 20 68 77 25 22 41 83 75 2 21 169 13 14 4 79 70 183 77 3
30 26 16 93 15 77 40 57 147 83 38 53 3 57 75 181 18 2 26 30
70 80 4 19 146 14 7 3 61 92 79 18 43 218 33 4 26 80 190 248
2 77 35 19 53 16 22 17 84 31 9 42 2 19 25 8 109 57 17 114
17 7 196 17 9 26 9 6 89 49 16 30 14 5 65 1 62 158 26 130
26 50 95 52 89 26 12 20 4 13 83 22 89 4 28 32 32 16 40 4
113 77 15 4 9 11 15 2 37 23 2 88 8 128 7 31 5 114 8 86
18 76 53 94 58 8 110 1 65 11 240 89 43 72 4 7 29 11 31 41
151 78 10 53 67 40 2 15 49 16 77 3 112 30 46 6 23 29 2 15
131 71 88 81 15 54 75 22 21 92 110 14 10 19 27 57 15 14 11 52
60 66 33 92 46 2 1 75 91 75 28 73 41 2 50 57 96 11 5 35
77 149 59 26 28 41 36 39 28 11 9 83 149 8 15 12 62 70 8 69
28 47 17 119 48 68 22 15 14 84 62 37 42 10 22 61 129 2 36 19
58 9 203 26 76 5 97 14 23 133 20 127 72 70 153 125 36 5 5 22
2 17 83 95 7 107 5 41 70 18 83 199 74 8 170 13 126 37 58 123
58 6 149 29 121 30 40 3 13 20 19 16 41 53 153 119 97 67 28 32
75 83 45 21 17 21 95 40 63 78 39 26 9 35 39 1 69 86 69 4
5 22 40 54 45 33 106 85 46 116 47 50 54 49 14 42 84 91 33 38
69 24 7 4 43 42 8 19 168 58 1 26 18 29 11 9 29 73 25 37
4 12 157 72 131 9 177 2 11 56 107 111 13 8 3 157 85 53 86 61
79 46 41 40 53 21 72 8 26 99 165 49 60 139 10 75 57 95 29 49
76 10 82 68 181 35 8 31 20 12 8 45 127 87 130 82 34 28 2 35
44 2 61 80 49 19 30 12 79 5 49 118 43 159 37 109 4 198 227 37
43 48 3 15 47 39 30 22 57 35 40 37 49 181 100 81 1 39 54 121
81 81 6 13 34 77 36 1 256 84 40 30 164 61 11 183 8 8 21 1
25 20 46 83 105 35 38 19 100 9 15 62 2 5 60 320 4 7 24 38
51 20 91 14 57 33 55 17 81 61 13 35 12 95 10 12 76 193 8 26
3 4 40 7 33 22 1 85 16 60 52 4 57 37 13 30 17 16 21 26
47 3 5 140 60 48 13 4 34 15 22 22 86 27 99 60 20 75 98 81
75 22 27 35 54 78 5 3 21 35 31 46 61 4 15 6 49 6 72 66
9 1 41 25 28 17 43 16 77 7 143 3 79 1 21 78 7 26 148 19
76 77 4 1 7 134 22 9 33 141 11 3 75 7 47 58 7 96 53 34
13 25 12 89 6 112 63 1 79 15 73 2 8 22 1 188 52 29 17 35
31 70 48 40 35 51 36 2 11 6 7 67 14 49 96 43 16 22 35 41
2 6 38 98 97 19 83 48 62 17 6 107 5 182 89 71 20 6 18 3
7 1 4 68 65 23 39 160 31 19 35 97 129 69 36 38 5 28 64 16
26 149 51 4 114 18 22 11 38 44 19 27 140 15 5 148 149 5 34 38
3 6 78 27 7 21 131 23 33 44 27 65 10 3 113 47 39 19 300 33
33 12 23 6 14 22 53 4 6 107 26 3 95 45 111 52 28 41 48 81
55 76 15 11 51 65 15 74 66 13 6 12 61 220 11 152 81 91 64 40
9 18 59 8 26 84 49 58 18 50 50 200 54 94 31 106 38 99 166 17
12 8 16 105 8 8 127 51 1 198 25 24 14 33 25 182 18 27 28 128
26 79 19 34 109 147 141 9 42 86 30 71 69 28 38 14 124 49 46 83
52 68 25 33 31 68 2 28 68 45 28 12 8 16 22 33 14 91 25 83
48 53 40 42 12 24 26 21 5 139 70 3 6 1 81 70 187 4 102 35
17 7 76 210 104 25 67 5 157 11 62 25 33 57 97 41 34 47 23 117
103 289 35 28 35 12 41 35 25 19 109 81 19 70 26 67 14 45 38 119
17 25 16 158 9 124 83 31 96 6 7 53 157 10 68 47 49 20 8 64
15 11 79 84 127 21 20 33 32 4 13 78 75 22 67 36 35 21 4 13
78 5 87 14 16 25 4 34 2 11 22 62 92 66 21 103 71 32 56 11
19 4 7 33 7 31 2 32 178 7 79 44 152 8 25 91 11 81 99 59
41 70 13 22 51 28 18 13 16 60 42 52 33 32 73 83 19 15 31 77
18 18 90 6 27 60 76 26 41 115 21 12 74 14 50 173 38 293 26 17
3 18 31 58 35 6 78 87 58 70 112 9 33 152 10 9 32 15 31 55
42 86 6 48 20 80 39 20 221 25 123 7 55 38 53 35 72 5 201 5
53 5 5 52 2 25 53 14 189 119 22 2 15 8 48 121 45 107 5 89
77 164 100 14 56 11 7 84 102 102 65 1 36 28 5 21 13 5 66 116
62 6 88 62 51 9 25 8 98 19 3 90 36 44 10 28 15 209 17 55
10 83 73 10 11 59 87 1 118 11 74 18 6 3 164 176 16 173 30 42
3 24 23 19 13 78 13 15 30 28 9 1 37 6 7 66 50 8 22 33
20 93 50 151 34 21 75 130 33 74 21 34 43 84 2 7 59 22 36 39
92 3 9 13 30 16 45 50 3 70 4 49 84 80 55 107 81 22 76 6
28 175 104 13 22 28 18 122 49 33 6 21 30 16 61 100 91 177 11 57
134 6 1 60 66 2 60 228 32 3 92 13 18 50 416 10 44 30 66 178
11 68 67 22 22 43 21 36 10 9 282 28 7 51 38 84 202 13 6 3
55 20 21 5 88 16 51 18 5 96 54 27 118 12 170 223 106 36 120 79
1 34 47 11 43 1 30 28 118 20 12 44 13 25 5 79 3 37 44 18
81 8 5 85 20 6 72 5 21 54 90 93 4 120 1 67 79 74 64 7
43 45 43 38 1 24 18 57 5 18 16 6 93 32 6 60 28 110 15 1
54 8 61 96 120 2 45 103 52 68 115 108 121 20 56 53 72 46 46 76
41 31 3 9 73 12 30 137 14 45 89 61 8 33 76 37 2 23 122 5
1 27 8 73 40 63 39 7 15 49 105 48 144 11 115 15 2 38 82 65
52 39 51 50 63 38 9 17 6 12 31 51 63 57 45 76 49 16 103 19
18 1 33 118 4 59 49 31 99 139 6 130 36 7 28 41 1 26 18 67
1 241 26 44 60 35 4 18 37 56 38 20 104 27 24 63 22 5 66 62
80 7 5 26 1 50 48 2 84 28 18 124 36 4 53 93 21 7 11 113
55 3 22 67 29 40 82 41 220 35 101 115 6 19 63 21 20 12 33 131
29 3 14 63 23 18 107 2 17 18 69 39 89 47 21 106 76 106 12 206
35 22 153 38 34 86 30 75 71 104 16 205 49 48 66 4 9 4 44 53
23 78 63 245 38 12 103 7 124 113 228 77 5 92 66 12 14 3 27 25
102 60 103 151 174 53 45 8 68 11 46 47 22 149 23 155 9 90 144 44
55 22 116 30 32 2 86 30 55 23 23 18 4 35 56 2 238 44 2 2
82 41 50 156 52 39 20 22 6 67 10 17 4 62 9 3 61 137 29 50
37 31 103 73 229 124 20 97 39 18 53 214 32 84 2 64 86 44 11 4
29 96 288 17 156 24 78 125 110 3 6 43 17 60 97 58 7 72 71 10
12 52 56 34 52 21 16 7 49 1 5 24 99 20 4 37 7 26 6 15
1 15 9 32 6 73 21 6 203 19 50 71 337 18 3 104 39 19 5 167
117 46 26 19 21 14 36 24 3 106 62 22 77 4 43 77 6 101 8 8
24 47 25 37 28 23 8 91 7 23 15 19 108 23 29 48 51 16 171 89
11 56 2 70 152 10 37 113 20 3 63 10 95 10 109 54 65 7 13 23
2 53 8 51 28 95 40 20 14 3 57 23 110 20 83 42 14 8 80 10
11 86 154 33 40 31 20 92 21 327 20 2 53 36 38 8 33 29 8 7
13 59 38 107 86 143 23 53 25 95 66 164 4 17 29 151 118 4 16 12
8 14 74 9 18 151 43 48 11 16 14 51 60 57 16 4 9 18 73 171
63 57 11 77 19 2 4 61 120 102 87 15 48 116 112 97 8 61 2 28
29 38 78 97 17 34 97 207 14 65 110 24 111 229 6 24 33 59 153 10
36 290 111 229 3 18 79 16 1 55 5 29 32 40 7 20 25 19 109 18
1 4 48 3 2 115 92 2 4 4 145 13 4 67 15 18 23 7 232 81
46 55 22 66 14 41 74 32 25 23 12 138 24 40 10 57 47 51 9 2
21 14 7 34 94 48 79 6 6 9 27 67 41 8 112 26 61 41 108 142
