200 20
15 44 36 20 65 8 123 183 55 5 55 29 124 59 39 7 114 5 50 12
32 9 41 19 5 232 69 17 42 132 1 5 84 47 12 19 108 20 53 7
32 99 17 21 26 53 175 46 12 30 37 43 73 12 36 5 44 10 41 33
93 71 15 70 169 13 69 40 8 71 3 57 78 60 96 17 63 7 13 6
105 36 25 31 86 2 46 12 6 89 22 98 34 91 34 53 23 98 42 21
24 7 73 101 22 17 61 108 9 1 139 122 34 32 52 16 14 40 84 41
35 87 6 102 101 83 21 91 55 3 28 7 14 132 108 30 19 57 87 125
27 31 9 22 58 22 53 20 30 22 40 12 13 80 8 55 46 42 72 67
3 152 33 20 150 21 8 1 2 193 7 116 4 27 4 8 31 7 9 29
73 127 104 18 23 44 25 3 5 7 19 85 69 20 73 210 54 60 10 3
38 295 65 38 17 46 13 22 30 83 30 63 36 2 150 48 18 114 104 5
58 31 51 6 3 29 108 34 4 68 19 47 3 52 13 46 71 72 88 134
16 6 39 74 9 2 26 1 45 14 48 13 101 16 20 53 34 1 128 35
19 9 25 110 184 219 3 65 33 60 1 14 47 27 270 126 5 8 33 18
10 64 40 51 3 19 145 77 53 56 286 2 57 31 37 51 17 4 68 11
146 52 24 13 109 220 21 27 5 110 9 34 23 103 2 123 108 32 1 1
128 61 1 16 35 13 2 2 13 64 140 19 17 90 4 17 38 133 16 71
20 107 12 22 98 12 23 31 33 46 42 6 73 114 163 4 34 8 8 25
18 39 41 14 93 4 4 22 38 12 30 110 59 51 43 52 40 110 19 18
7 91 6 45 78 26 65 63 28 26 14 38 16 7 28 11 34 67 173 46
29 1 8 140 71 7 18 104 28 11 19 99 90 32 46 517 11 60 9 8
64 27 206 67 42 23 93 124 4 9 1 127 106 31 54 22 98 6 15 6
128 68 47 41 14 40 68 59 9 12 32 55 55 34 13 70 43 4 62 125
18 2 113 113 7 162 61 54 17 11 16 1 69 103 4 72 58 75 44 3
21 76 30 3 3 7 4 14 19 55 19 11 76 227 42 20 107 39 5 4
43 22 71 42 258 16 23 4 55 18 42 40 34 18 2 7 66 42 5 19
27 7 1 8 10 214 145 25 28 99 106 172 31 113 48 11 9 45 2 19
171 147 10 34 28 80 73 22 79 25 3 10 3 74 14 15 14 78 10 10
66 29 21 16 66 138 53 46 94 32 47 49 8 52 71 12 9 17 83 14
43 99 72 100 61 74 60 12 65 59 11 24 45 28 22 23 62 25 66 40
50 32 7 16 23 83 40 4 11 14 2 17 169 2 6 51 22 32 13 47
142 14 129 50 12 82 79 38 47 34 181 43 56 42 59 4 9 42 2 46
19 8 53 4 175 28 155 64 1 34 22 3 3 51 26 14 125 106 22 2
27 40 60 42 208 118 31 6 9 23 4 13 125 5 11 36 98 25 7 23
54 62 8 23 1 45 17 64 35 4 49 6 19 16 84 84 5 79 5 48
44 63 27 89 8 45 37 13 14 28 64 291 95 73 1 5 32 1 13 87
7 16 20 18 73 92 152 100 15 48 139 32 50 20 93 4 10 35 48 6
84 87 21 42 16 45 125 8 21 65 9 37 9 7 48 2 72 58 96 4
111 209 32 36 48 9 11 9 8 137 17 26 86 76 1 13 31 15 34 76
28 17 45 74 50 22 24 84 22 119 12 18 19 13 12 8 81 128 49 17
37 50 42 27 74 1 8 24 154 36 28 34 59 96 13 7 31 42 30 23
35 94 7 7 9 95 49 44 15 4 5 22 21 56 57 4 9 151 18 49
13 56 11 6 207 45 70 42 60 109 18 132 157 48 57 18 28 141 26 30
63 180 30 7 35 28 1 183 65 90 21 15 2 26 20 157 6 17 121 1
157 46 33 106 15 82 16 52 56 6 67 76 17 5 6 79 92 17 40 33
29 32 70 336 20 147 18 1 63 25 30 87 33 12 4 308 2 7 49 164
43 5 27 35 12 57 144 96 32 66 197 15 41 4 7 9 16 54 154 125
19 6 18 73 21 16 66 3 77 21 51 8 107 25 24 14 51 7 23 88
47 10 79 11 7 3 26 14 73 50 92 12 57 77 70 21 3 24 20 156
5 19 61 85 66 163 62 15 36 41 17 76 55 36 21 47 7 107 239 16
190 325 34 47 68 116 38 23 7 13 36 4 17 13 197 44 9 37 97 23
15 50 114 10 2 27 93 2 20 18 30 22 38 72 10 125 48 41 25 6
42 58 41 39 118 90 7 41 77 10 42 133 88 85 25 33 3 48 52 6
13 59 33 24 44 131 1 29 249 9 86 31 7 9 39 141 58 92 50 185
178 33 15 82 80 31 178 35 1 55 9 33 32 173 93 171 23 114 13 28
67 27 64 18 37 27 144 18 38 12 28 96 50 77 48 114 75 15 21 14
33 3 33 7 15 164 80 34 20 38 84 93 27 104 9 6 4 79 25 9
65 37 24 43 23 31 140 25 76 27 36 61 16 88 97 13 112 73 3 23
55 49 59 8 10 19 17 38 67 32 5 50 59 7 1 20 60 102 82 37
59 36 9 62 150 150 42 8 57 21 240 63 7 12 20 23 10 37 36 1
42 23 156 49 111 53 34 65 30 227 1 6 2 54 34 78 146 6 10 33
49 45 56 1 55 1 18 57 127 84 57 44 5 77 13 42 83 5 14 2
26 22 28 2 89 99 15 79 34 141 26 5 69 114 30 20 32 31 20 21
14 37 21 39 4 79 43 20 21 326 31 5 16 16 86 10 15 2 56 22
5 89 41 58 2 34 13 6 24 111 16 19 59 265 2 25 24 128 30 140
35 40 62 2 1 142 22 66 216 96 48 12 55 18 22 2 132 33 80 58
6 54 44 97 82 20 35 7 7 22 240 3 71 10 65 2 144 58 25 47
17 10 3 222 75 96 38 31 38 3 63 22 69 65 41 2 51 1 182 13
7 17 30 32 79 17 41 22 15 17 9 74 71 27 86 12 3 155 25 16
11 6 96 95 10 47 23 2 82 2 52 21 82 84 78 10 148 103 10 54
50 8 32 8 2 23 44 93 73 122 21 32 17 103 3 19 32 39 66 1
194 89 3 10 29 26 109 58 15 68 5 75 3 13 39 44 58 42 9 35
31 14 20 19 35 47 61 42 2 28 86 65 69 189 7 84 11 21 70 93
33 9 3 102 78 20 45 34 48 74 244 18 32 25 107 51 6 86 26 29
31 22 2 3 92 27 10 9 5 35 29 63 39 120 4 58 8 32 35 2
12 40 119 69 31 75 36 111 173 4 8 28 20 111 21 76 10 16 77 43
40 8 4 2 42 4 72 6 152 7 39 53 29 28 49 80 13 24 18 44
135 74 46 17 109 4 53 8 135 43 72 24 5 32 5 15 46 30 13 62
33 102 43 12 90 81 169 13 28 86 54 3 7 30 49 109 80 58 33 60
9 28 17 26 17 4 35 22 39 212 25 4 9 92 59 42 9 2 8 38
18 14 21 8 19 49 46 20 30 13 27 57 3 4 70 116 44 75 37 4
14 204 119 48 136 141 16 38 12 3 198 112 39 15 15 103 73 65 2 43
5 25 26 57 18 37 18 29 52 43 164 43 27 65 81 4 191 9 16 34
49 32 38 6 3 33 32 66 6 56 29 103 25 78 65 14 41 70 106 80
42 34 3 6 26 1 94 6 38 35 61 13 93 18 42 8 184 34 52 31
3 82 16 45 13 155 17 11 22 102 59 5 16 75 38 22 53 56 44 22
5 10 33 28 22 19 52 64 19 58 84 43 36 43 109 13 95 14 68 45
167 13 37 1 58 27 32 41 35 21 62 13 3 152 23 23 40 11 88 25
84 94 176 40 84 61 86 114 53 76 77 227 11 16 269 11 100 34 43 179
58 52 99 23 9 20 67 77 80 6 110 33 21 7 12 11 128 18 13 95
20 136 53 40 92 43 50 52 12 19 9 23 34 2 57 37 97 2 67 3
7 69 33 7 124 96 10 54 4 88 50 78 12 18 21 46 73 70 133 70
34 53 5 9 39 15 20 43 7 10 111 55 42 55 30 12 159 56 8 128
55 14 13 60 50 27 5 30 15 35 6 87 26 129 3 13 20 217 16 16
36 94 30 46 9 7 35 110 58 4 36 11 10 46 47 235 17 13 21 145
27 74 47 43 97 141 24 14 122 9 34 40 17 31 22 1 147 15 88 10
48 24 8 24 8 63 148 9 131 140 52 134 29 83 91 5 63 14 7 13
21 3 9 13 12 76 14 47 59 21 24 24 38 63 48 75 22 4 1 79
9 76 114 65 55 53 3 8 57 29 10 35 131 52 78 153 14 141 21 23
175 2 95 66 18 74 14 158 25 39 60 15 51 17 59 51 56 43 48 25
230 31 109 41 17 120 72 79 12 49 74 152 73 79 41 108 83 72 134 12
57 76 89 23 3 50 107 209 81 61 144 285 49 34 6 11 139 76 10 18
18 4 131 72 99 35 9 40 86 24 45 24 21 30 34 23 32 45 8 93
46 9 196 5 130 41 165 119 11 5 7 84 1 62 74 56 51 58 71 54
10 85 123 19 38 23 338 9 4 107 26 27 6 16 15 33 77 90 100 129
102 22 11 33 91 108 126 56 213 13 21 110 3 31 96 11 17 65 10 52
2 66 76 13 24 46 6 4 79 9 44 5 14 19 28 16 57 60 49 30
49 88 70 53 66 40 14 8 25 88 123 14 35 23 77 21 37 7 42 85
238 15 69 220 16 9 77 49 9 14 35 101 24 66 54 32 57 6 57 4
12 3 3 49 10 15 2 15 29 75 86 21 88 23 23 16 28 17 24 21
28 11 59 39 11 4 44 140 20 60 34 17 59 85 27 174 9 71 89 35
11 56 17 188 5 113 217 8 151 32 26 13 32 64 10 26 14 42 42 16
44 20 20 77 3 52 13 2 25 14 21 11 40 126 7 4 7 17 123 60
26 7 3 163 33 2 40 201 60 133 36 60 27 31 21 6 52 5 107 20
5 20 19 45 92 247 21 30 1 6 56 24 3 29 41 76 33 96 69 54
121 10 81 65 20 11 9 60 136 19 57 53 11 111 62 56 28 38 194 63
10 22 28 34 86 58 1 48 23 47 55 11 5 22 73 168 2 8 37 55
115 131 53 3 79 27 14 119 2 33 101 89 50 39 68 120 38 61 83 115
68 55 45 16 10 60 51 15 119 8 21 49 23 32 55 133 24 105 73 10
39 67 25 1 10 136 35 50 8 3 24 18 14 56 6 26 7 24 19 45
35 41 3 6 13 3 10 7 15 94 60 158 2 30 59 20 58 58 161 25
2 18 19 43 36 87 119 51 2 37 32 10 15 39 42 11 143 1 12 34
83 104 58 17 6 149 17 34 8 23 73 3 113 109 12 41 97 36 74 24
57 70 189 94 12 48 1 1 45 13 11 2 81 35 73 2 20 19 64 31
40 11 58 12 55 13 18 12 18 20 1 43 10 11 87 12 123 22 58 6
88 7 34 8 140 45 90 45 28 32 45 127 13 9 21 5 51 318 29 15
85 35 45 263 1 67 5 34 48 31 113 60 51 42 10 73 53 23 2 28
119 62 1 15 2 20 35 38 4 47 135 25 1 31 100 7 28 79 22 28
61 147 56 2 26 55 16 146 276 16 70 7 36 18 6 2 67 37 36 58
19 4 126 84 68 12 24 118 42 37 6 69 45 32 17 8 37 27 8 5
99 70 17 68 50 32 83 33 7 26 160 3 123 49 31 3 88 24 30 3
87 84 3 144 132 219 148 23 9 81 35 23 18 16 75 56 33 7 3 43
362 50 32 8 71 50 3 90 126 65 10 13 141 62 2 17 72 99 146 39
28 26 4 164 12 18 2 36 24 2 94 122 28 46 121 1 74 4 25 70
5 7 3 95 171 5 46 9 7 43 20 45 34 1 84 48 17 25 12 21
135 66 11 105 15 4 143 4 59 149 3 38 83 41 27 36 31 1 10 52
3 10 42 44 111 78 44 62 41 13 29 20 30 87 8 94 48 107 109 2
10 63 48 164 51 58 25 102 41 20 87 28 8 7 3 61 56 101 16 58
114 5 104 13 7 16 59 52 5 46 144 63 59 108 54 33 67 19 37 92
81 15 78 131 34 66 25 96 22 10 37 72 21 43 69 8 17 23 78 14
86 17 49 38 47 8 23 6 36 1 73 33 39 64 13 81 39 41 58 188
8 62 102 34 31 172 8 121 11 58 23 6 46 176 41 41 6 233 17 5
85 76 37 95 19 12 96 10 7 26 5 58 72 30 128 52 14 10 83 26
51 107 128 21 144 26 74 44 46 195 48 66 19 8 72 66 17 42 40 48
124 55 58 39 13 31 107 5 40 2 22 26 266 90 33 45 41 26 25 85
87 12 24 106 32 75 14 4 13 44 16 12 43 218 64 39 56 17 7 77
33 58 12 23 12 149 36 36 3 50 8 62 25 295 17 8 29 1 206 7
27 39 46 77 20 81 28 68 30 51 6 71 73 106 4 23 7 12 12 8
67 2 11 3 4 150 6 74 6 11 50 26 56 8 30 8 79 76 145 40
20 172 16 28 19 25 4 41 10 76 48 32 54 58 18 12 95 16 10 11
19 3 29 14 64 72 85 37 24 48 120 5 29 225 4 192 118 17 25 63
117 15 3 74 6 72 168 4 40 16 35 120 17 46 77 7 2 18 79 42
20 16 163 26 25 19 35 11 103 62 22 41 159 121 6 9 41 143 11 41
46 195 16 10 134 15 31 7 82 3 21 31 21 24 87 124 11 16 100 196
37 162 123 4 41 134 58 14 44 28 30 53 10 29 13 86 22 12 44 4
48 59 61 87 83 41 12 43 28 90 46 46 2 87 24 83 40 46 24 15
135 33 43 20 14 26 22 16 13 20 19 32 17 22 54 30 37 12 68 3
23 48 27 38 88 19 5 101 3 53 22 42 117 47 70 31 105 106 15 93
2 18 39 48 92 85 11 58 2 1 57 32 57 9 143 5 63 1 45 10
18 70 118 46 1 26 41 46 8 15 7 14 89 1 1 12 31 17 18 22
21 21 5 27 28 278 26 28 89 21 1 70 15 15 31 21 29 9 31 32
49 53 45 6 5 78 5 16 71 31 4 186 14 30 93 4 126 138 128 95
6 40 46 80 113 35 87 32 26 55 1 17 91 129 62 169 67 72 15 30
52 73 78 83 79 86 39 111 22 19 12 182 92 35 114 22 2 27 27 88
1 17 274 31 22 18 3 67 10 150 36 25 62 17 44 77 103 20 21 47
3 3 144 8 70 18 44 12 80 135 68 58 38 11 114 21 103 17 69 37
72 30 58 86 105 43 99 223 82 94 9 200 6 74 77 15 74 41 9 42
49 14 51 63 19 51 57 52 9 41 154 125 37 144 47 32 108 8 72 142
9 52 67 116 77 78 44 6 29 19 6 15 5 192 23 22 13 164 85 39
16 50 43 43 26 28 41 79 84 2 45 25 7 27 4 8 28 11 18 4
137 9 33 62 9 5 49 113 83 34 88 51 25 35 85 46 32 30 26 50
25 14 4 12 44 8 7 4 1 25 157 16 4 16 13 96 51 2 12 18
102 21 41 12 26 189 30 98 5 71 14 7 21 97 60 106 8 2 8 1
8 2 119 67 44 54 6 6 29 3 99 12 182 30 55 53 17 86 29 27
35 46 88 39 31 51 26 87 1 48 75 46 24 15 44 54 5 31 42 102
31 155 9 50 113 4 25 104 6 58 140 80 117 28 100 17 165 66 1 29
36 34 11 28 293 1 19 60 52 17 15 17 74 71 94 7 13 38 17 107
141 96 26 18 39 5 121 43 7 52 45 13 233 46 121 102 14 112 98 53
75 188 13 250 29 116 2 19 33 6 145 72 35 15 8 174 147 46 21 39
65 9 26 54 45 20 110 169 74 25 17 65 102 4 36 33 9 5 181 151
113 88 208 17 16 39 74 31 21 7 21 4 227 102 19 5 46 120 1 161
54 10 17 51 3 37 103 33 5 38 51 4 35 15 102 151 59 1 2 11
52 11 35 9 18 102 6 15 105 9 31 20 39 3 38 1 63 32 31 13
72 122 37 22 30 32 89 123 2 6 15 106 23 52 176 48 131 19 11 18
9 134 2 18 7 34 152 52 170 68 125 23 10 101 157 96 1 35 38 44
19 59 108 6 120 34 40 56 79 42 7 30 59 88 41 18 13 12 61 26
232 39 54 33 27 1 64 31 2 135 64 14 25 97 10 205 22 60 5 64
6 74 77 77 48 13 76 95 2 91 33 21 17 19 15 15 22 14 30 22
75 39 47 68 62 4 8 1 61 179 62 29 16 21 186 14 22 63 6 73
25 9 5 90 16 12 40 14 3 17 46 109 52 153 18 81 3 3 8 54
5 147 9 23 3 21 96 45 17 81 45 188 1 34 62 8 10 126 3 17
44 1 52 23 52 5 52 49 12 35 12 92 40 137 19 19 100 64 101 37
28 1 3 1 54 52 65 57 38 8 25 30 169 12 113 27 8 30 38 2
47 26 31 77 18 52 55 9 3 39 63 140 32 11 55 181 39 248 1 12
5 38 14 159 27 67 52 157 9 60 16 27 22 169 56 40 67 3 22 9
171 149 57 40 11 68 27 29 22 49 6 29 34 43 3 114 5 72 46 21
4 11 9 14 65 39 53 129 153 3 137 51 105 49 6 11 18 7 44 13
86 78 67 34 3 53 163 41 17 28 10 53 20 107 5 45 3 303 12 2
127 36 25 1 14 8 16 59 75 57 120 37 1 83 92 48 145 17 14 17
55 157 20 56 29 88 47 65 17 13 50 112 43 110 75 103 3 22 2 58
