50 10
18 84 99 45 197 4 17 6 76 24
34 17 132 39 23 65 77 2 37 79
85 4 57 61 33 8 20 45 73 58
15 1 31 75 33 102 15 10 129 5
50 43 33 3 62 8 8 44 5 13
16 5 14 67 24 24 21 9 6 40
85 29 63 161 5 58 85 56 9 31
50 23 60 52 18 26 14 68 20 115
161 159 5 43 25 1 39 2 100 62
57 30 60 7 13 69 75 29 7 15
33 36 31 78 15 42 29 2 5 96
86 249 41 1 70 34 79 63 111 121
55 18 10 36 43 24 36 14 23 96
11 14 84 21 90 31 74 131 40 148
145 46 13 89 85 242 8 95 16 26
38 13 69 92 33 29 12 19 1 1
49 316 3 154 38 7 18 30 53 74
79 22 41 43 15 35 70 108 3 39
18 69 64 29 50 21 35 39 21 79
64 19 20 138 108 37 31 22 16 26
62 64 8 58 54 46 83 211 180 24
41 22 23 1 73 72 88 59 123 7
9 84 77 44 25 75 10 40 23 80
38 5 1 25 21 68 83 84 144 118
55 41 28 121 113 47 25 309 110 66
4 25 120 59 73 35 397 10 21 254
17 43 45 22 18 33 59 22 30 40
8 114 14 148 95 1 7 18 78 69
21 9 101 66 68 52 100 132 55 32
4 10 13 34 69 21 43 15 4 35
48 67 189 13 8 2 37 46 45 37
25 20 128 2 36 13 4 97 12 15
192 1 114 68 189 32 59 26 72 89
31 15 17 15 50 38 133 27 43 11
2 34 84 8 57 116 98 109 20 63
79 39 115 18 98 36 52 73 129 1
38 55 97 43 89 118 141 1 58 9
2 50 105 98 162 26 43 66 193 139
70 28 71 11 45 22 76 69 8 25
28 48 84 20 33 13 37 53 95 29
144 5 4 112 196 112 12 16 13 47
125 53 22 125 54 123 25 9 48 38
3 33 37 41 42 6 10 11 114 98
101 87 115 14 38 66 55 82 62 100
37 30 65 93 133 93 59 97 19 29
43 3 29 36 9 92 27 34 7 25
12 134 37 42 9 25 35 44 2 28
116 141 76 31 4 1 56 39 66 24
43 133 274 22 46 65 15 34 57 66
40 12 134 27 38 47 143 299 9 22
