200 20
34 81 53 45 10 79 4 50 2 33 9 5 89 163 10 3 6 63 81 11
128 105 6 52 24 3 38 69 3 47 5 111 83 114 14 23 95 38 2 49
26 2 65 73 174 2 5 49 22 45 10 26 236 75 24 69 93 165 11 15
18 51 64 48 23 22 101 39 10 49 77 19 13 165 152 51 31 1 81 16
27 29 11 88 37 42 42 14 51 11 65 154 26 9 11 12 9 16 27 56
22 191 72 52 15 109 77 232 4 4 159 1 23 195 80 12 42 84 6 11
34 9 23 12 67 94 100 16 28 62 20 70 87 89 5 15 20 30 4 27
86 98 56 42 150 27 25 10 21 20 99 19 13 9 40 137 130 57 121 14
9 54 118 30 9 66 20 69 58 16 17 181 64 54 25 1 106 34 26 25
4 7 4 108 131 41 20 17 17 37 2 60 80 46 11 121 68 35 76 50
2 30 55 6 22 8 5 17 88 12 85 146 20 70 66 52 24 15 16 23
75 10 3 38 23 17 63 6 13 29 41 24 61 64 30 10 143 17 9 120
196 33 5 128 10 6 57 45 56 55 96 9 149 77 89 182 144 35 53 5
40 2 68 12 10 122 11 135 46 15 15 1 94 15 27 117 89 18 80 73
62 31 3 112 40 39 76 35 55 24 17 126 5 139 1 82 56 59 70 11
32 4 131 8 93 37 41 34 1 22 54 97 13 27 86 23 136 38 53 115
26 32 8 10 46 28 36 31 65 6 2 40 35 247 19 31 148 51 57 7
25 128 36 41 69 37 99 26 7 53 55 17 6 8 36 86 12 9 16 8
57 36 16 69 6 87 13 65 28 82 68 18 40 50 60 162 31 20 22 7
70 35 20 20 3 19 31 38 54 215 48 59 39 33 93 63 14 45 7 32
18 73 16 4 69 60 118 119 173 24 19 23 14 8 19 72 72 16 26 51
14 3 51 50 113 7 49 18 5 16 59 14 106 12 1 7 3 87 6 17
6 3 77 29 112 21 14 3 149 125 138 30 4 89 19 3 53 89 27 36
1 171 7 17 74 3 22 103 141 63 10 9 61 5 15 17 66 26 4 48
5 19 52 4 15 195 76 22 14 216 110 40 16 171 25 184 77 91 73 38
118 19 22 9 169 53 9 8 55 62 32 1 73 27 44 82 47 29 69 43
70 51 31 34 6 86 38 18 136 15 19 46 81 15 40 43 78 24 10 41
6 139 27 54 6 4 65 41 190 41 63 142 18 43 12 3 25 41 93 78
64 102 33 67 40 92 4 9 26 9 168 32 48 12 63 39 44 6 26 45
3 9 3 38 21 98 72 24 28 10 1 46 23 74 59 89 141 85 11 37
12 26 90 32 20 27 9 44 12 40 16 52 49 5 76 93 14 115 77 95
37 17 139 8 56 70 6 2 3 6 16 22 6 166 11 46 7 29 16 38
20 158 262 18 13 57 92 139 1 25 101 41 22 42 68 42 39 21 43 10
24 12 31 36 98 14 108 85 64 15 28 9 20 63 113 32 23 34 65 75
51 39 130 34 2 52 5 215 24 22 52 133 11 117 20 106 11 56 23 51
5 13 53 18 230 30 50 284 63 40 56 4 25 18 81 27 50 139 52 254
5 102 24 193 48 60 28 62 1 11 12 30 12 53 118 41 57 53 126 61
86 78 156 100 115 25 23 15 105 6 14 8 61 70 30 61 86 98 40 86
25 86 73 46 52 34 29 66 117 40 232 170 64 122 329 4 18 40 16 65
168 42 22 63 62 26 42 11 8 21 189 10 11 115 9 12 44 17 16 90
19 76 36 20 11 108 7 48 96 28 50 33 44 42 20 12 43 64 42 28
5 15 11 32 56 28 109 59 11 15 42 13 57 67 22 9 21 50 57 44
26 161 11 9 25 41 26 73 35 20 125 13 31 179 30 63 23 28 41 52
31 18 4 12 42 85 78 3 170 123 76 32 49 30 17 162 144 44 3 93
11 7 23 64 46 9 13 13 8 81 7 8 2 5 20 10 85 19 119 49
48 8 9 38 78 120 48 16 91 34 141 30 24 95 98 20 56 19 176 12
60 10 15 95 16 266 23 28 14 47 48 5 76 134 24 144 58 68 27 38
13 19 26 2 74 4 62 30 47 86 30 59 41 60 6 59 62 37 66 45
7 58 10 9 89 30 35 142 4 227 80 12 107 178 147 4 3 22 60 96
40 23 5 99 54 68 38 35 125 52 40 53 59 25 45 11 222 66 18 24
33 67 65 1 20 368 10 14 129 20 10 22 43 38 164 44 73 24 90 103
137 112 53 10 237 148 16 79 174 97 84 7 6 20 62 62 61 44 13 80
39 40 13 3 22 44 52 20 24 6 101 57 46 64 33 123 44 15 211 38
150 35 40 203 9 12 25 87 47 8 1 26 7 16 69 127 15 50 45 67
61 22 76 133 101 59 22 21 55 2 60 66 19 46 128 70 242 81 114 59
169 22 12 22 86 8 144 54 59 18 5 41 100 10 65 12 52 223 9 27
210 11 69 33 109 131 62 37 28 5 4 124 10 41 13 3 47 26 71 32
2 12 4 29 27 11 41 47 10 17 36 29 15 36 14 75 97 16 32 58
4 86 46 25 10 50 2 8 35 81 53 116 22 85 96 11 1 27 43 21
27 212 28 37 13 33 18 24 88 9 50 78 27 20 30 119 10 44 73 55
16 5 16 49 32 10 112 76 12 68 166 38 43 19 5 2 167 13 215 27
27 44 34 151 177 23 30 12 11 107 52 21 35 74 12 14 45 29 109 1
59 31 25 115 256 76 13 56 43 13 19 157 13 147 59 48 21 150 58 23
42 82 14 77 191 94 76 164 70 11 63 50 20 34 3 13 27 7 129 4
84 37 60 22 23 61 35 100 117 207 39 6 32 30 130 61 29 26 9 174
71 42 30 26 50 40 304 19 8 1 42 2 4 20 6 106 185 32 22 79
21 19 35 112 23 20 40 45 30 21 89 60 46 24 26 39 8 4 38 13
62 40 4 17 49 15 96 6 35 160 28 96 22 3 49 60 155 44 54 30
100 13 28 40 18 139 1 55 51 2 27 9 24 44 23 126 170 2 3 36
44 45 23 40 105 10 6 80 8 18 17 22 1 29 5 193 45 33 120 1
44 21 8 189 169 93 16 28 15 25 54 93 33 39 11 9 19 29 5 11
41 44 97 23 17 118 6 11 41 48 15 7 37 104 96 6 9 42 25 4
44 79 212 59 10 50 20 3 73 26 6 57 110 139 80 24 62 32 37 24
81 9 62 72 74 51 24 211 27 102 149 12 26 19 65 31 128 17 44 7
48 11 20 60 29 31 27 28 31 3 79 27 8 131 1 42 67 5 49 10
18 50 17 4 195 25 5 36 22 21 12 12 4 11 72 24 29 2 31 1
59 25 3 63 64 66 65 17 22 111 12 24 18 26 17 60 10 10 69 90
51 57 14 6 123 24 111 45 59 70 18 47 129 13 62 18 63 51 58 55
31 7 55 72 113 50 55 57 169 17 9 62 6 7 7 61 39 17 60 77
23 31 12 15 20 12 47 63 26 84 13 28 5 48 20 26 80 6 8 48
28 29 20 99 158 14 32 121 77 15 46 25 4 11 53 53 85 40 75 107
4 8 44 116 16 24 19 5 159 193 4 14 151 42 22 9 10 9 32 50
10 86 80 76 6 93 85 110 59 81 58 9 2 53 5 7 4 166 39 55
16 66 99 99 193 10 4 63 105 80 71 7 8 92 12 54 22 200 58 46
22 20 14 16 9 125 54 47 4 35 119 151 15 13 10 93 8 61 46 12
44 186 36 27 13 35 47 94 37 96 33 14 18 98 47 7 69 3 139 3
39 5 22 33 3 107 24 56 86 51 51 64 22 21 89 135 12 36 40 60
18 128 24 40 8 42 43 13 7 5 22 59 9 137 10 59 20 13 77 15
2 14 22 14 46 84 63 68 2 46 101 50 38 34 6 1 9 43 13 17
8 20 112 58 302 30 45 42 53 7 35 97 6 11 14 21 17 23 66 84
28 1 132 1 43 101 33 8 2 11 2 16 124 99 14 2 80 98 94 102
83 12 9 212 100 110 45 120 13 24 42 96 3 55 17 16 37 41 14 63
6 1 24 19 91 102 43 27 108 59 53 59 170 2 6 8 26 53 153 23
30 8 9 134 73 30 12 15 40 39 3 37 26 29 211 71 46 309 5 1
1 23 18 132 7 9 177 15 14 39 63 153 32 56 180 1 28 15 6 2
42 32 64 125 16 79 26 6 76 44 34 84 2 140 62 35 40 7 1 7
16 113 6 19 19 109 24 22 81 24 10 100 40 46 5 11 63 22 14 16
87 6 147 36 41 33 21 39 24 28 17 11 16 47 141 17 109 108 9 115
46 67 60 3 38 44 78 80 148 12 2 42 59 31 39 81 33 124 2 177
18 2 84 43 39 34 112 56 21 2 89 36 109 32 66 15 66 9 21 1
29 31 78 43 19 53 1 2 146 88 8 116 49 74 99 78 74 19 6 60
205 12 11 26 73 70 73 134 80 166 24 135 32 99 1 12 85 93 7 45
3 130 45 11 128 98 16 70 49 160 11 58 116 2 9 5 15 20 48 91
19 5 1 23 60 18 66 74 30 23 36 88 11 72 36 12 18 245 440 74
73 119 75 26 112 14 116 136 3 5 114 26 21 12 97 50 29 28 123 118
3 17 4 100 76 83 200 2 86 20 20 255 10 25 8 28 82 4 2 33
178 31 13 38 9 70 10 109 6 33 24 11 38 93 136 18 3 2 60 125
81 20 149 2 110 18 92 1 3 39 22 33 31 8 21 12 39 36 28 38
26 68 9 22 27 15 11 9 50 33 44 63 47 49 13 64 136 29 70 8
1 26 16 28 21 9 70 31 38 49 2 75 282 11 5 14 104 21 6 6
30 88 42 79 66 23 57 32 36 63 52 134 5 19 106 71 15 47 11 18
94 298 24 47 27 191 12 12 34 4 85 78 27 62 25 41 10 39 23 18
18 78 188 3 8 2 7 227 46 58 41 32 16 8 70 13 53 90 11 104
14 5 16 47 29 44 31 123 63 58 7 22 52 2 69 13 40 71 63 9
48 4 11 54 97 118 32 4 1 44 54 2 57 113 50 65 1 22 8 3
17 71 49 110 227 26 5 46 5 27 7 31 9 89 1 23 5 102 8 48
65 23 6 12 1 84 67 19 32 82 24 107 24 4 122 1 7 40 21 126
62 220 95 35 4 27 18 32 6 2 21 5 76 31 45 26 23 8 68 31
22 41 25 82 37 8 47 57 54 200 23 4 128 40 42 88 27 49 3 60
12 9 35 63 15 19 65 178 15 118 217 34 24 26 4 28 64 40 106 43
19 15 36 15 96 81 21 97 31 1 72 185 28 22 52 10 51 27 120 191
134 25 2 5 41 73 1 2 14 5 70 11 4 23 2 62 165 10 36 48
32 93 143 78 2 49 24 10 25 118 4 2 18 85 56 16 203 33 10 48
2 76 39 48 46 46 24 110 31 14 18 37 31 12 69 49 8 53 99 4
8 23 9 38 13 16 32 4 6 27 63 80 70 18 19 4 155 87 27 26
135 21 4 17 7 113 107 50 11 66 20 33 2 74 4 50 17 83 60 30
71 17 102 17 17 45 1 35 2 69 93 23 42 100 2 53 174 19 77 10
83 9 56 63 39 41 221 29 22 29 124 10 4 10 49 10 114 36 219 72
97 23 46 27 45 4 21 2 79 10 28 15 45 42 1 6 171 13 53 5
22 24 29 26 32 20 2 9 100 73 9 29 84 27 90 3 31 26 40 74
38 57 27 10 20 1 18 77 22 9 9 115 11 206 41 34 30 134 88 60
17 112 105 5 62 79 27 42 78 15 72 91 7 14 77 219 28 17 160 101
33 28 19 23 1 68 111 43 155 3 229 22 13 3 19 73 18 15 2 170
48 17 2 14 31 38 2 45 66 12 18 38 38 140 121 14 50 9 52 73
15 73 25 66 108 29 18 15 4 13 86 31 22 13 88 38 2 13 13 72
43 82 30 22 19 16 41 50 117 183 33 98 90 16 28 6 9 6 95 128
12 75 36 119 18 185 10 90 37 26 88 23 5 33 26 32 15 93 60 19
27 25 66 23 110 33 58 70 16 126 291 44 80 2 25 67 1 38 137 99
20 76 110 83 8 155 27 22 41 31 89 8 76 9 24 29 51 146 74 46
2 27 21 84 2 107 48 88 32 10 11 52 3 27 9 199 46 39 126 36
33 5 8 1 104 32 19 1 86 73 10 148 38 51 2 57 7 6 25 83
9 270 46 21 2 30 53 27 42 15 15 76 57 114 43 9 12 112 52 9
160 86 61 16 3 158 51 156 31 66 54 7 52 54 12 29 26 95 87 139
5 77 17 117 16 143 23 20 11 1 1 23 16 39 16 85 48 17 28 94
186 6 28 79 33 24 46 17 2 10 37 215 26 22 57 68 46 17 13 21
5 9 25 70 14 60 34 5 9 81 50 36 6 69 45 32 48 160 26 143
20 176 15 42 6 127 78 4 17 103 10 30 16 48 17 18 31 30 10 87
42 209 192 23 125 13 30 87 74 9 13 69 12 33 23 35 77 10 13 72
44 30 65 59 76 123 2 139 49 2 8 88 45 27 123 28 13 61 3 40
61 43 29 46 201 7 15 35 42 20 124 94 11 133 12 145 100 36 26 2
21 32 153 65 10 38 2 88 5 3 70 6 5 29 63 101 50 3 19 6
13 204 36 123 2 3 11 16 147 24 28 35 74 95 19 31 1 11 8 122
18 50 5 18 58 120 19 30 11 80 94 11 1 3 29 161 69 57 3 119
63 87 64 96 28 1 175 173 29 17 32 120 102 4 81 7 43 64 5 4
11 96 148 10 26 51 52 41 35 95 30 151 39 17 61 50 10 45 114 14
23 34 61 13 35 49 25 46 104 24 29 3 111 67 14 59 80 35 25 89
22 37 4 21 5 71 21 40 109 5 164 62 76 14 45 80 156 10 17 17
43 19 40 8 25 158 36 99 29 55 25 14 4 45 46 7 29 49 34 112
39 106 66 42 47 147 2 7 21 80 39 21 28 65 62 71 4 25 61 55
69 89 23 70 20 77 14 11 44 103 28 64 86 28 176 26 60 1 45 32
34 53 30 186 58 76 129 22 24 18 47 39 118 8 66 13 25 75 86 50
8 10 20 9 2 52 249 18 150 230 49 29 3 18 24 51 35 7 101 91
13 20 6 114 7 5 72 50 95 67 30 91 1 29 138 13 8 46 145 25
2 92 14 15 2 99 78 70 35 35 14 24 139 151 8 150 172 33 12 47
82 21 68 11 38 7 151 35 84 89 20 37 15 79 5 97 24 12 5 15
27 35 89 41 90 291 133 77 167 12 44 140 12 19 6 72 48 58 37 37
118 6 33 68 34 15 246 62 34 147 46 23 26 82 70 70 12 15 23 64
79 58 22 33 37 2 20 1 32 4 1 113 7 23 167 44 86 44 162 2
82 33 7 231 25 47 3 11 40 5 16 18 52 3 87 25 17 34 88 185
25 29 69 9 124 32 22 9 57 33 25 42 69 10 61 33 34 15 40 91
104 34 9 30 1 29 18 125 11 24 137 170 230 56 44 27 129 9 49 202
22 1 18 94 68 49 8 27 6 12 89 180 108 53 17 250 52 8 71 54
64 57 30 12 96 30 92 87 23 40 46 81 28 7 102 78 7 99 76 8
12 33 51 22 178 41 30 61 79 138 172 41 40 30 6 45 20 40 5 65
102 39 59 10 49 25 22 78 2 145 27 50 33 53 46 2 4 59 16 92
111 13 3 45 18 41 108 40 100 11 50 35 42 3 50 14 97 35 29 19
31 94 52 153 97 82 90 3 183 44 38 155 49 2 15 86 49 71 107 4
54 7 10 65 9 51 112 48 19 7 95 21 22 2 66 17 29 88 13 77
152 78 7 51 29 39 58 95 157 13 62 98 26 13 75 16 97 101 9 31
11 19 3 22 22 25 64 25 46 46 97 15 145 36 49 63 84 59 6 13
27 1 19 17 6 118 18 9 21 9 8 45 22 71 7 1 55 10 83 30
12 31 74 21 38 119 39 15 71 52 35 110 62 4 9 35 68 40 116 44
116 91 45 94 7 23 69 3 127 50 1 32 102 21 36 74 106 34 49 56
159 30 74 11 39 28 41 23 52 48 29 30 133 59 7 18 84 79 28 77
4 4 105 6 13 45 7 11 37 7 44 23 62 41 96 110 58 4 26 147
22 27 22 7 60 20 69 26 33 13 64 28 93 1 36 56 99 31 19 155
58 93 9 36 38 30 21 86 130 129 63 85 47 24 26 10 3 243 98 2
21 16 2 26 29 92 3 15 159 56 77 5 37 33 11 6 10 20 21 21
33 2 7 37 30 61 30 45 65 46 14 26 44 40 155 46 40 2 12 26
25 226 58 15 54 4 41 117 12 79 8 28 18 96 50 69 45 71 29 66
35 8 73 57 20 72 98 42 22 182 13 57 28 20 3 76 26 70 1 27
52 86 9 173 5 33 4 34 82 181 41 9 41 155 2 134 56 65 65 10
137 2 72 2 4 50 5 4 5 24 18 163 17 69 16 18 4 163 55 113
400 9 68 8 11 55 11 32 89 21 3 41 29 24 46 72 24 61 60 20
73 39 38 100 11 210 2 21 99 47 2 46 39 4 29 1 6 7 67 42
49 42 100 6 36 44 130 48 20 3 21 8 35 4 87 16 120 30 50 42
70 69 31 50 58 2 11 37 2 125 44 79 48 74 5 14 43 170 5 72
13 56 29 85 104 109 47 6 8 64 25 118 63 11 62 4 180 11 54 16
6 15 19 29 90 21 71 43 39 25 165 55 13 18 83 30 19 13 56 124
70 39 6 17 74 74 54 21 30 154 75 34 42 144 3 157 3 1 57 26
