50 10
35 42 48 52 60 57 52 43 42 26
65 54 33 50 40 55 59 67 34 43
87 95 86 94 83 94 95 88 85 92
90 93 86 92 83 91 87 80 88 92
33 39 16 30 29 27 39 14 32 29
50 56 68 75 77 42 64 51 33 36
52 54 55 36 47 51 66 38 45 69
44 30 42 30 26 22 31 32 24 38
38 39 27 35 38 28 43 36 46 29
38 57 49 26 34 62 50 62 50 43
75 40 77 45 70 83 57 58 55 81
26 34 26 29 53 54 43 28 27 28
48 43 50 51 24 43 51 24 37 55
35 44 46 47 29 37 40 33 46 35
24 35 29 31 23 23 23 18 34 17
64 78 57 34 47 65 64 76 46 44
84 92 84 90 79 82 88 87 81 90
87 83 93 80 82 84 88 65 88 89
84 89 92 92 85 88 79 82 87 88
61 66 51 58 33 47 40 54 52 50
59 60 42 57 55 48 46 50 51 59
2 8 2 7 6 7 2 4 6 4
8 25 18 16 27 26 20 14 20 18
29 34 44 25 21 40 44 26 39 11
2 3 5 3 2 4 2 2 2 4
13 21 17 19 31 24 20 26 31 12
62 66 69 79 78 73 72 76 75 76
88 83 65 88 94 81 92 88 81 94
81 75 74 53 75 77 63 81 71 76
55 60 71 64 69 69 56 64 74 40
60 68 61 58 56 75 70 65 79 71
24 21 19 24 8 22 17 10 18 24
93 87 82 87 84 87 85 90 84 85
84 65 87 91 65 74 82 72 85 79
5 3 9 5 5 14 4 4 3 12
57 47 44 66 43 62 53 44 69 53
73 76 70 65 41 51 36 65 49 60
39 43 55 54 54 54 48 33 54 33
64 55 70 65 63 64 68 81 70 66
13 18 8 15 17 7 26 32 7 25
39 24 33 26 23 22 23 20 16 27
30 10 8 7 9 7 7 13 12 11
76 77 82 81 83 82 87 56 84 86
40 44 59 56 44 61 35 59 66 59
6 5 5 2 3 3 4 5 4 7
77 81 65 70 60 48 74 72 74 67
16 19 11 17 11 9 10 15 9 15
81 69 67 83 85 81 71 85 62 74
92 86 87 84 83 96 93 85 89 91
89 77 91 87 74 80 71 85 90 90
