100 20
73 48 20 84 61 18 68 60 84 99 93 38 47 48 98 80 99 49 85 14
3 90 34 28 91 79 80 88 61 98 53 97 46 5 23 97 70 57 84 3
26 18 61 12 92 59 70 83 80 58 57 73 15 38 45 63 14 8 14 92
14 67 18 59 2 10 66 76 44 59 29 35 23 50 9 69 63 32 51 3
12 67 44 70 26 66 59 3 89 36 26 65 73 82 70 23 91 92 25 47
9 58 27 55 27 74 70 95 86 90 90 51 35 46 99 72 54 95 28 62
43 88 80 32 96 24 80 27 83 22 91 85 21 95 28 84 37 66 38 45
93 96 91 93 30 57 33 48 85 33 69 58 50 81 13 38 11 6 97 56
38 13 72 99 30 93 59 91 31 81 69 50 24 40 59 18 45 74 41 62
81 6 77 38 84 4 37 48 2 12 49 97 48 7 65 18 68 54 25 35
28 85 88 4 91 50 82 87 14 45 65 57 16 12 95 74 32 47 16 53
98 64 79 39 79 25 28 22 82 31 89 78 87 57 81 88 95 6 84 74
24 96 77 79 33 10 7 47 93 65 71 50 69 8 2 38 54 34 95 26
12 9 37 88 80 7 58 31 41 61 35 35 10 37 6 79 93 48 34 89
23 82 81 40 66 49 59 44 36 76 30 16 80 62 5 92 58 75 33 37
29 92 2 10 17 82 23 80 22 66 54 95 30 44 54 3 97 92 20 94
40 4 54 8 32 68 32 5 50 7 36 45 92 80 93 44 28 92 4 54
76 40 11 90 45 21 62 33 28 45 80 4 23 81 4 26 75 53 31 16
94 15 94 15 40 23 28 3 87 31 6 74 24 49 48 26 98 9 17 73
37 87 27 90 37 76 42 97 90 46 22 29 37 27 73 27 44 96 71 17
51 5 53 22 34 35 93 71 71 91 28 25 48 65 76 76 97 85 7 99
26 4 14 15 80 30 97 94 14 17 36 31 4 94 47 73 64 73 81 21
5 89 99 63 15 50 58 93 89 79 8 62 41 4 85 84 10 76 74 57
67 54 21 99 35 34 94 95 6 97 85 14 34 75 23 85 36 22 16 69
72 34 71 22 16 8 94 57 12 64 93 86 82 68 67 86 58 78 68 13
55 29 80 31 52 16 26 59 66 43 27 5 52 77 87 65 35 32 60 40
38 42 21 44 13 36 93 62 71 6 27 12 89 19 10 74 83 75 36 99
36 81 43 35 88 64 78 85 97 23 38 85 25 38 97 37 68 66 32 5
73 48 54 16 55 92 91 69 2 49 51 58 83 24 59 27 54 72 37 11
80 46 53 90 92 84 55 58 18 12 90 18 90 67 77 46 73 43 61 82
78 17 75 92 77 83 64 85 33 10 66 18 88 43 59 2 8 40 5 41
78 79 70 49 21 8 74 27 90 53 66 34 98 45 79 25 27 36 88 51
98 91 43 21 29 51 44 22 72 31 22 9 8 94 16 37 63 65 35 13
39 80 10 12 36 3 29 55 25 87 68 43 78 54 21 50 94 81 8 70
54 88 69 91 58 19 21 95 51 30 56 58 39 11 18 72 20 34 19 28
49 35 34 64 35 31 76 44 82 10 29 20 27 94 90 85 22 50 19 60
12 98 99 12 60 75 75 66 47 6 52 73 63 91 54 67 88 98 14 95
37 68 55 19 78 43 72 2 6 11 84 3 32 82 3 18 71 42 96 92
80 6 65 43 93 76 60 23 2 99 48 70 50 13 95 30 59 10 79 60
63 11 84 80 49 80 36 37 63 86 41 98 80 24 48 60 55 43 83 52
33 91 58 15 9 56 19 70 32 13 10 61 96 65 27 33 64 81 12 7
11 53 2 76 57 86 28 59 92 81 74 24 52 91 91 17 61 98 34 53
45 73 40 15 63 68 86 53 14 57 8 88 6 19 27 46 68 3 71 50
23 47 77 91 66 29 44 85 74 61 93 92 72 25 74 13 21 59 32 78
26 93 6 59 87 84 42 63 18 49 27 80 46 3 24 7 29 90 31 8
54 51 95 31 69 82 24 47 78 24 36 34 81 54 2 72 89 80 85 41
80 16 35 69 99 5 42 90 9 67 57 31 79 47 24 3 77 52 63 93
60 31 66 24 91 30 10 12 4 6 82 65 46 2 60 66 29 91 30 92
12 58 98 3 19 64 76 78 96 48 34 67 20 64 14 85 37 93 83 74
99 5 60 79 25 41 76 11 93 33 53 28 92 55 15 92 18 54 74 32
68 26 31 63 69 54 14 8 29 95 6 23 46 74 93 60 50 86 33 97
52 70 83 31 90 10 6 4 90 25 79 10 62 6 44 60 63 65 35 29
85 21 34 93 86 43 40 17 35 20 79 17 23 68 32 59 36 23 83 92
55 61 63 93 47 93 34 19 47 59 71 79 87 24 64 28 36 78 84 44
36 32 51 21 91 68 57 46 56 56 60 29 91 67 90 97 42 76 94 49
32 58 45 62 10 20 14 13 35 63 74 40 64 53 52 51 4 23 18 98
11 95 79 19 71 44 24 70 23 70 65 67 75 99 44 5 43 5 90 58
11 10 30 78 39 57 65 30 33 79 3 96 54 50 71 64 44 59 98 3
77 63 45 51 11 43 15 53 49 9 98 32 58 88 54 63 45 67 44 13
89 8 94 97 29 80 89 2 8 39 52 92 58 78 83 58 73 95 97 40
32 48 88 61 67 41 76 29 29 16 18 74 85 82 15 87 48 93 79 25
97 98 79 44 83 20 35 79 57 35 76 12 59 41 73 87 18 94 63 47
18 25 92 43 6 89 52 28 9 40 12 61 83 53 28 35 37 7 13 57
84 76 46 78 17 21 72 55 45 56 50 29 93 45 92 47 11 13 11 17
5 9 80 73 66 31 88 51 84 70 81 85 43 32 97 68 53 11 98 55
74 48 26 56 4 12 11 13 32 8 60 96 93 59 52 40 84 58 46 61
60 24 23 78 23 86 63 51 86 53 46 47 90 4 58 37 6 14 80 17
6 76 51 19 71 50 74 26 54 21 63 93 71 61 14 26 30 87 72 25
43 33 40 56 63 39 85 43 82 73 54 47 26 35 3 69 44 13 11 73
47 14 48 98 88 28 10 34 63 41 45 6 68 53 69 23 35 48 80 60
44 64 44 41 82 80 80 70 12 12 70 66 80 39 42 52 20 55 22 12
51 71 73 62 67 25 3 91 41 53 87 44 83 54 31 65 78 93 41 75
69 43 66 20 11 28 7 48 10 46 61 38 60 18 87 50 80 15 25 18
75 65 19 3 7 41 46 8 59 38 31 60 70 74 92 85 88 74 33 22
56 14 81 39 65 90 54 31 47 86 94 22 81 15 89 34 94 97 85 26
27 5 37 12 86 19 62 37 25 41 42 45 12 14 32 34 2 12 91 90
24 23 65 69 82 96 18 13 25 38 99 33 64 9 34 77 66 28 74 62
41 21 2 64 58 83 62 35 4 73 28 95 49 25 83 4 67 37 77 9
41 15 39 73 41 72 68 41 61 80 44 88 84 88 38 58 91 69 90 52
42 11 56 25 59 15 2 3 25 13 84 39 44 48 78 71 33 32 36 16
10 27 83 67 24 85 5 8 62 78 16 4 54 65 73 91 78 81 83 33
58 75 52 4 68 27 3 45 2 81 44 74 7 25 18 4 90 99 11 95
71 21 36 29 48 27 32 55 86 12 4 52 58 85 10 51 70 6 47 73
10 73 53 75 13 59 99 15 53 9 16 31 25 36 71 93 91 67 42 96
30 13 57 3 88 11 93 62 36 30 19 37 2 31 19 85 15 32 9 82
17 20 29 14 85 14 13 47 37 53 20 80 10 89 16 52 31 67 40 11
79 53 34 76 68 34 83 64 63 10 25 79 17 51 25 46 19 8 59 2
95 94 64 38 38 33 85 35 65 35 69 20 19 97 90 70 97 13 94 52
62 10 63 9 5 73 26 54 25 95 37 61 91 68 17 29 81 69 81 67
64 65 66 60 30 92 66 54 57 25 59 67 81 24 41 44 45 95 35 50
93 44 49 51 59 39 41 5 27 16 56 98 43 22 19 64 65 58 42 34
78 11 64 49 3 85 95 38 62 14 72 17 8 52 96 69 17 92 35 13
90 19 71 27 60 12 82 18 45 93 84 88 26 13 20 27 30 52 75 31
80 40 58 70 72 22 40 82 84 57 64 22 44 35 70 46 39 5 40 58
88 74 4 56 68 93 34 70 27 33 90 85 9 51 56 95 16 19 2 52
35 47 95 5 30 83 32 92 74 21 45 63 74 69 25 57 28 56 72 97
13 62 10 49 34 14 80 16 51 38 55 77 83 50 56 24 86 42 81 15
45 50 27 48 23 75 30 55 2 20 53 87 33 12 39 14 69 85 69 71
79 9 40 80 92 74 48 58 32 91 46 46 20 89 56 2 30 58 3 90
59 77 4 7 68 83 22 51 89 74 6 57 87 48 11 55 47 98 28 3
