50 10
71 69 81 66 66 63 83 72 72 85
9 13 8 8 5 9 9 8 15 14
90 77 87 89 68 90 92 95 93 94
89 83 74 70 67 78 66 93 70 82
59 65 49 70 81 68 61 75 49 63
79 81 62 49 74 64 69 70 64 61
78 72 78 74 78 87 92 67 81 66
4 3 6 3 8 3 2 8 2 4
93 96 91 97 96 96 72 92 94 94
95 98 92 93 91 95 75 82 87 96
3 7 3 3 2 9 9 6 21 6
20 21 17 19 33 20 41 30 26 25
18 46 20 10 38 17 15 20 24 15
81 39 64 50 58 55 39 68 58 49
38 27 33 70 45 35 60 42 54 72
64 69 60 55 53 58 74 72 47 72
13 12 23 11 21 12 11 11 19 17
63 56 60 80 59 70 69 73 60 75
98 99 98 98 98 98 99 99 99 98
72 66 64 57 77 51 59 74 80 79
29 41 34 26 19 31 17 29 37 57
96 96 96 94 89 97 94 93 95 94
58 50 56 63 49 43 77 43 61 44
86 85 95 85 90 90 91 82 93 91
24 43 36 23 23 28 24 21 35 19
70 71 85 63 82 94 63 64 88 69
10 13 16 37 20 12 12 16 17 30
59 79 76 81 69 78 70 78 80 83
88 87 88 83 90 82 80 81 78 88
28 24 27 27 34 26 34 22 24 48
80 89 81 88 87 82 83 70 87 75
86 63 73 90 87 79 62 87 89 77
99 98 99 99 99 97 98 98 98 98
3 7 3 3 4 3 4 4 5 3
45 39 41 32 34 60 62 51 56 33
68 53 50 61 57 65 65 70 57 63
29 35 42 47 25 51 47 27 38 47
77 94 85 86 90 70 94 95 92 89
76 62 66 83 76 71 66 72 78 87
8 8 15 8 16 8 3 9 17 6
76 78 76 55 71 57 80 48 69 72
27 18 44 30 35 30 38 41 16 69
63 61 54 65 51 52 80 64 63 70
40 39 53 29 43 37 48 42 48 49
62 45 82 48 39 52 41 46 45 48
29 33 32 16 22 26 22 34 22 28
17 22 13 15 17 13 32 29 19 41
49 82 62 83 58 67 89 82 41 68
73 53 54 52 57 60 52 36 66 54
53 49 68 67 72 64 52 52 49 64
