200 20
94 83 70 55 53 76 76 40 81 59 52 91 92 8 79 65 50 65 31 47
87 87 72 59 47 35 72 35 88 44 44 71 95 9 74 59 42 85 28 48
71 89 79 35 19 68 89 26 81 54 59 93 90 17 76 77 32 74 18 55
90 67 68 48 34 54 80 45 62 52 67 83 90 11 82 81 42 76 22 55
83 82 62 71 57 65 75 32 84 36 62 84 87 7 83 70 61 69 44 31
95 87 69 67 31 48 94 42 68 37 62 87 96 27 90 64 47 79 32 42
94 77 81 76 37 68 75 37 68 34 62 95 92 6 76 74 43 73 51 36
97 84 67 47 36 62 68 27 77 34 70 78 93 5 84 64 66 70 23 57
94 67 69 65 39 70 89 41 65 28 83 88 92 10 92 67 58 77 22 26
92 76 69 43 27 58 76 33 70 38 51 89 81 8 85 62 55 70 62 58
89 73 78 60 29 77 91 31 89 59 73 92 90 17 79 76 38 78 25 63
93 90 70 35 55 71 88 48 63 47 47 85 89 7 89 57 64 77 21 49
85 87 74 57 31 67 85 33 81 32 62 74 91 7 63 77 51 70 33 47
97 75 85 52 28 46 73 18 61 32 48 93 94 20 87 47 31 82 20 49
94 83 69 61 25 67 73 42 78 27 60 94 74 17 74 84 39 81 50 66
89 87 75 33 33 46 73 54 86 22 65 91 82 18 75 88 39 83 24 38
95 74 68 73 43 55 92 59 74 31 68 93 69 13 89 74 52 89 45 43
88 78 80 68 45 52 92 46 72 41 64 92 86 4 78 58 45 71 33 26
87 79 73 44 35 57 69 63 78 63 57 79 95 6 87 76 36 79 26 30
83 86 68 47 30 50 80 31 83 59 54 82 90 8 77 90 46 71 24 47
88 81 68 50 63 63 72 47 80 42 71 85 88 14 72 76 49 58 30 47
91 82 78 41 41 74 88 29 75 36 49 94 95 11 80 59 54 72 30 41
81 75 65 52 27 70 70 36 85 49 59 95 86 9 80 78 49 56 28 35
86 95 81 56 53 79 83 32 75 30 64 68 94 15 76 73 41 70 24 58
96 74 67 44 40 74 87 22 91 42 67 89 86 21 84 63 53 73 51 67
93 83 60 74 36 65 74 38 79 26 77 87 78 18 91 70 59 70 44 69
92 78 69 71 51 69 70 34 81 51 48 94 93 7 73 71 49 69 25 64
85 80 68 53 38 59 77 40 68 45 52 82 96 7 92 84 27 81 14 39
90 87 77 47 30 49 89 65 76 49 75 79 88 8 84 69 48 62 17 32
95 72 69 61 64 56 88 40 87 50 73 94 81 13 86 64 52 71 26 60
93 83 59 64 24 56 83 40 77 40 81 93 88 7 77 78 53 46 31 34
96 82 75 66 47 76 83 34 75 47 64 78 93 16 74 69 51 79 35 59
95 80 64 52 39 67 85 41 75 41 65 87 93 9 86 81 59 49 33 48
94 80 77 57 32 75 82 32 52 38 53 96 87 8 71 86 54 89 32 40
89 84 77 66 36 74 87 49 77 51 70 86 92 12 78 72 35 71 15 52
92 89 73 71 52 66 71 21 87 48 58 81 95 4 67 69 32 85 20 57
92 78 79 71 50 46 68 58 87 44 56 80 93 11 77 90 39 61 32 51
91 80 60 60 33 65 90 39 72 41 47 86 92 10 79 79 55 66 14 66
83 79 68 60 35 81 77 59 90 43 58 87 94 13 66 73 54 78 20 55
92 72 79 70 41 55 67 31 80 46 64 91 93 11 84 65 39 90 24 62
94 71 54 43 41 70 83 49 86 59 49 94 92 5 82 60 54 54 25 59
95 71 73 74 46 79 83 51 90 30 69 91 88 8 89 86 66 83 29 68
85 87 80 53 40 61 85 48 85 40 56 85 96 7 86 75 39 78 22 53
92 59 67 52 45 43 76 39 67 47 83 82 97 8 82 78 54 84 38 45
98 61 69 71 42 56 68 45 80 36 64 90 84 10 70 90 46 79 23 67
86 87 69 46 45 46 69 50 69 37 61 90 91 8 93 79 69 68 15 66
77 86 71 45 51 73 84 30 79 33 55 80 86 13 85 70 39 82 37 51
90 91 83 61 45 46 94 44 90 49 61 91 95 4 82 74 55 69 35 44
90 86 71 59 26 43 90 26 87 45 68 84 90 7 82 62 58 73 36 58
91 67 71 42 49 64 79 50 59 30 60 90 89 11 93 81 43 41 24 54
91 76 70 42 60 55 79 36 69 45 66 84 92 7 80 77 36 72 24 49
87 81 74 65 19 54 72 47 73 48 69 89 70 6 92 79 56 76 25 48
86 72 56 36 60 71 89 62 83 52 55 92 90 8 69 57 54 84 25 45
89 92 44 50 48 58 77 79 66 56 77 90 93 16 87 79 45 84 28 54
88 93 68 52 58 81 89 52 75 27 81 85 91 9 77 86 43 80 33 28
93 82 55 75 42 75 82 45 80 56 66 88 91 20 87 80 56 54 24 47
94 63 75 46 51 56 80 46 88 38 68 85 95 14 74 76 34 73 32 44
97 81 73 48 34 59 79 31 74 41 63 89 90 7 83 75 58 84 28 61
94 88 54 62 43 75 75 29 81 36 46 85 87 4 80 90 49 79 31 30
87 80 75 63 58 48 77 29 77 52 83 92 91 5 84 67 40 82 34 52
87 82 66 61 54 77 86 25 78 29 76 86 95 15 81 83 44 75 29 56
90 65 76 49 46 67 80 40 76 40 56 97 92 9 79 75 49 76 23 49
91 79 78 50 53 77 85 33 76 40 60 92 95 7 82 77 60 57 12 40
86 75 82 56 35 54 70 43 80 44 55 82 90 11 82 78 48 66 23 43
88 88 53 56 45 46 84 30 82 28 59 95 93 6 84 68 53 63 36 31
91 66 72 38 42 62 89 41 62 24 69 86 90 21 87 64 52 55 19 40
91 86 70 83 30 58 79 19 71 31 42 88 88 16 76 72 45 75 36 49
89 69 64 60 41 59 78 57 86 38 75 89 89 10 81 60 36 77 27 46
91 78 62 50 51 52 82 41 57 59 73 94 89 7 79 74 55 56 40 72
88 80 52 69 31 63 85 45 65 46 58 85 93 16 80 53 60 78 17 58
91 87 70 63 51 59 79 37 73 40 68 83 93 10 63 76 68 77 35 48
92 69 87 48 21 55 84 63 81 40 55 90 85 11 62 85 32 59 22 62
97 70 77 58 34 35 88 46 83 54 73 90 83 7 83 82 69 75 36 43
96 89 70 40 57 72 69 41 88 40 63 90 96 25 93 93 35 59 34 42
86 86 74 65 48 70 82 22 61 53 65 86 82 3 75 72 46 77 30 68
92 76 71 43 53 69 79 40 88 63 76 88 95 13 93 77 68 80 31 36
88 63 75 49 42 65 88 27 81 36 65 91 96 10 87 86 55 72 18 37
93 83 72 24 34 56 72 25 82 41 59 85 87 9 86 79 56 79 19 46
96 78 64 48 34 49 82 35 70 64 57 91 83 13 73 80 45 75 21 44
88 74 47 73 55 52 82 53 73 33 51 77 90 20 85 82 44 65 27 45
93 50 68 43 66 54 82 48 58 28 64 88 93 6 79 76 39 82 41 40
97 76 78 68 51 75 83 52 74 45 54 88 87 5 86 87 44 78 31 45
88 76 50 41 42 71 75 28 71 47 47 91 92 10 82 63 41 83 10 51
91 74 71 61 50 50 67 58 72 48 83 81 73 7 81 85 58 63 24 53
93 78 72 50 53 40 73 49 77 34 67 87 97 8 90 76 22 71 26 57
90 77 68 71 54 62 87 18 72 30 74 89 93 6 73 85 45 65 40 64
94 71 56 64 41 53 77 45 70 58 44 88 87 11 65 56 44 79 23 73
97 54 67 85 23 75 82 25 72 42 69 86 88 3 83 82 23 70 18 55
92 70 61 37 46 60 79 46 67 28 48 95 89 10 88 77 62 90 34 64
92 63 48 67 33 55 84 40 74 45 62 93 97 13 57 72 36 84 17 57
85 80 72 70 41 70 89 55 53 58 59 85 88 4 81 68 49 76 9 49
81 71 61 36 56 62 81 39 82 44 56 83 96 9 83 49 54 79 26 31
91 76 52 47 55 63 85 27 72 30 57 97 84 13 81 78 50 72 39 46
86 80 70 68 33 69 91 32 54 31 50 86 97 16 82 56 43 71 15 34
95 87 80 69 39 82 77 55 80 34 72 91 93 13 81 84 62 76 22 36
93 75 89 72 47 38 72 60 74 39 75 81 94 17 69 79 62 83 29 54
95 69 79 56 38 70 84 46 89 47 53 89 87 9 74 73 35 73 27 45
89 89 67 75 31 57 61 61 80 18 61 83 93 5 57 73 43 61 19 46
95 87 65 57 22 65 85 44 76 44 49 85 88 9 71 81 57 79 17 60
94 76 81 58 44 64 78 37 96 43 64 88 87 8 88 85 60 74 22 51
89 60 81 47 31 67 73 37 66 35 60 84 98 8 70 69 44 62 19 42
93 75 73 66 60 72 79 42 77 59 48 75 91 5 81 84 42 78 47 51
93 95 66 51 57 63 81 21 74 42 61 72 91 11 74 76 51 73 21 42
89 90 66 66 37 61 86 54 91 21 36 93 81 8 70 91 67 81 25 63
87 77 64 63 25 64 81 39 79 40 61 84 91 9 80 71 52 78 27 50
93 57 77 65 38 57 84 38 73 38 45 98 90 8 79 74 55 78 16 48
94 89 85 45 31 47 85 30 91 37 52 76 96 5 87 86 55 70 19 33
88 75 64 72 36 44 65 32 84 45 66 87 91 9 87 50 53 59 37 60
97 91 73 65 55 67 81 38 84 29 66 87 87 7 67 73 35 86 27 60
87 76 66 53 58 61 79 44 74 69 69 93 88 19 89 68 31 43 34 55
95 89 76 50 39 65 85 34 67 22 61 96 91 12 82 79 51 88 32 48
83 89 51 53 56 70 75 54 80 25 61 78 93 25 83 80 34 62 45 26
92 78 71 69 31 56 76 24 59 32 67 94 95 9 79 82 44 76 37 55
89 76 83 47 34 51 84 20 66 42 51 85 91 15 91 76 68 74 30 58
92 86 67 74 25 39 82 30 79 36 67 95 81 10 96 82 26 77 46 39
91 73 76 76 33 46 79 33 73 21 51 76 87 21 79 74 23 82 22 62
89 75 83 64 50 56 89 42 86 27 60 84 81 4 84 67 38 59 37 30
94 89 80 53 38 63 90 35 72 42 53 96 85 11 85 57 53 56 25 76
95 72 81 61 45 73 72 39 69 51 37 75 84 6 88 66 50 83 37 47
90 79 72 53 37 64 86 31 82 24 72 89 94 5 75 70 47 57 34 67
95 65 72 49 51 53 68 34 80 41 68 90 90 7 91 73 38 68 44 55
88 92 55 53 48 72 77 49 75 21 66 84 94 16 89 69 57 69 19 42
93 86 68 39 49 65 76 27 55 56 41 80 87 6 76 59 67 80 33 38
94 69 64 68 52 46 93 28 59 45 78 81 94 6 89 79 51 81 22 58
96 68 71 71 52 61 68 43 77 29 54 90 83 9 81 76 39 71 21 55
82 73 76 54 43 58 87 35 77 40 75 93 92 9 89 65 48 84 21 49
90 77 75 45 54 48 79 28 60 53 51 89 96 7 81 70 56 79 28 58
90 74 73 66 24 45 76 46 84 20 50 92 93 5 89 57 38 77 35 31
96 93 75 27 60 68 86 21 79 37 45 80 93 8 83 83 70 88 43 35
98 80 69 45 34 49 79 49 71 59 58 93 92 3 73 77 58 78 35 59
78 85 76 63 35 75 81 28 83 37 84 84 86 7 72 78 44 54 31 56
88 73 64 49 47 59 86 45 77 49 49 85 90 5 92 71 52 75 29 26
82 73 76 69 40 43 59 44 86 51 72 88 93 9 75 80 45 79 27 41
84 74 65 51 39 66 86 48 75 42 70 84 95 9 75 72 60 84 48 50
89 83 69 77 54 50 76 39 67 41 66 83 82 7 61 77 46 65 36 61
80 77 66 63 46 69 71 29 71 33 55 85 89 4 92 68 56 75 29 31
94 90 82 62 39 66 67 30 77 37 69 90 83 16 87 76 42 82 37 59
96 72 55 65 36 68 77 47 67 30 61 80 91 14 82 81 38 69 32 45
95 90 74 47 55 73 51 37 90 30 66 90 85 9 82 79 43 75 25 55
90 58 68 57 37 43 79 41 78 52 61 79 81 15 89 70 65 60 39 63
85 75 84 56 47 61 76 35 74 34 52 94 90 13 71 73 55 71 34 59
85 82 76 56 37 63 83 41 84 45 83 84 95 10 84 75 50 66 24 43
87 87 69 57 63 74 63 21 80 32 62 90 89 8 73 84 55 68 29 33
97 89 79 67 56 43 93 47 75 37 58 82 89 5 91 90 41 69 36 45
78 71 69 65 27 52 78 29 82 62 51 90 87 20 77 63 57 81 43 74
90 84 86 47 27 81 62 35 77 40 52 90 91 15 87 81 35 85 22 57
89 68 82 61 62 55 78 41 87 40 73 92 83 17 80 75 61 79 14 53
95 92 60 42 44 80 86 22 71 31 36 87 90 9 83 72 26 66 16 50
87 61 61 52 35 47 77 40 77 63 73 90 76 12 72 86 48 78 22 46
96 66 62 47 35 46 68 58 82 65 51 91 82 7 63 85 55 76 37 65
94 81 62 61 42 52 87 59 75 32 72 87 92 19 72 68 46 63 39 68
82 71 63 49 27 63 83 44 75 37 64 91 96 8 80 72 64 70 42 61
95 83 73 74 45 60 91 51 62 27 60 90 92 8 89 66 55 87 27 65
86 78 71 32 43 46 79 46 76 50 61 95 93 9 83 67 33 78 33 43
88 88 68 46 45 42 76 37 68 69 55 95 83 13 62 74 46 66 25 46
90 87 86 43 69 74 65 22 73 26 57 90 89 7 65 91 52 66 28 37
84 87 67 63 36 69 84 43 87 28 65 95 85 12 83 74 61 78 29 40
94 79 82 47 46 57 77 41 85 36 52 90 81 14 82 57 45 71 22 66
89 90 67 44 53 56 82 30 81 46 77 90 91 2 84 75 44 81 25 55
93 72 60 53 48 71 74 29 63 57 55 93 80 9 64 74 64 76 37 53
87 75 77 46 58 62 92 53 81 38 39 90 86 14 74 79 52 83 30 58
93 86 75 73 52 59 77 36 62 48 76 87 86 21 85 64 50 74 24 33
90 80 83 61 62 51 77 39 90 50 53 88 90 7 80 65 54 84 28 59
95 94 76 67 42 50 81 53 89 43 45 93 76 13 87 56 47 57 25 54
85 79 73 65 53 66 89 39 79 68 48 97 97 22 87 70 71 85 38 56
92 83 54 53 36 70 76 42 85 60 51 88 92 7 77 60 56 73 24 57
90 79 76 47 35 64 84 28 90 59 57 72 82 12 89 82 46 74 17 50
93 88 49 76 52 63 85 57 85 32 58 86 89 7 83 50 45 79 34 58
92 75 59 57 40 69 84 24 67 20 66 83 86 11 85 86 39 53 30 58
92 53 82 86 38 57 84 40 83 20 26 82 96 8 73 62 45 74 53 53
84 86 75 48 45 70 85 32 72 43 53 91 84 11 78 68 41 64 27 40
92 82 69 61 34 66 87 43 86 39 45 83 92 8 74 65 56 67 23 45
93 89 73 52 23 71 83 34 71 43 55 90 94 11 72 64 40 57 57 59
92 83 71 48 30 60 91 45 82 45 62 71 87 5 81 85 34 69 49 31
80 80 73 43 44 59 91 47 78 48 63 88 89 16 87 65 64 61 41 41
76 82 64 44 49 72 93 35 81 33 69 91 88 16 82 86 37 80 26 57
94 95 78 48 64 52 78 59 81 57 53 89 89 6 87 82 49 71 32 41
86 82 84 55 43 50 91 52 85 38 69 84 88 4 85 76 54 88 35 45
85 74 76 63 28 68 93 61 76 45 68 79 91 12 86 84 54 63 34 51
92 73 57 68 50 70 85 63 84 42 77 90 92 16 79 78 56 64 22 25
93 82 84 60 31 74 92 37 78 45 74 93 85 4 85 72 71 77 33 35
85 71 74 55 49 50 81 32 78 52 62 91 92 10 91 84 65 86 29 54
91 85 80 39 50 73 85 39 75 20 71 93 94 9 88 77 47 71 34 57
86 85 59 51 36 56 77 30 74 38 39 81 86 14 86 91 33 79 25 55
86 83 71 64 54 74 89 51 66 60 51 69 95 12 72 72 26 80 42 52
92 78 84 62 42 59 82 46 64 32 70 93 92 3 80 81 68 61 39 54
96 58 71 51 38 83 59 43 79 38 46 76 90 5 79 54 45 89 31 60
92 91 66 65 32 69 79 43 64 42 54 91 88 12 79 69 41 71 39 61
87 80 87 66 32 57 75 39 78 33 43 91 88 28 85 79 43 74 18 31
92 90 81 32 36 68 84 40 81 56 64 93 90 14 88 81 31 80 39 54
91 78 79 39 32 77 80 22 78 30 61 82 94 6 75 74 48 85 29 65
93 94 81 60 55 52 94 40 83 62 76 83 90 15 79 73 66 69 18 39
97 90 78 59 51 74 78 48 68 33 50 89 94 9 69 81 52 54 31 56
92 87 66 47 40 62 89 55 75 34 56 92 94 10 83 74 29 87 21 38
95 67 61 64 29 56 82 44 63 51 39 91 75 8 74 58 62 82 30 42
83 80 68 65 29 60 76 28 73 40 67 88 79 7 78 71 37 66 37 43
92 87 81 46 41 60 77 36 72 43 64 87 90 7 86 78 43 64 39 44
94 70 71 62 27 69 75 64 59 49 45 87 89 6 80 71 40 85 22 72
93 81 79 44 35 65 85 34 84 32 68 80 95 10 80 83 39 68 33 51
89 80 76 54 47 63 76 55 65 50 58 92 88 5 78 75 42 81 42 71
