50 10
45 37 45 56 52 39 47 67 57 41
2 3 3 5 2 4 3 2 2 3
53 47 28 41 38 43 43 49 42 37
65 51 60 43 45 60 45 48 70 50
81 60 86 63 80 54 67 63 74 59
53 51 60 58 26 58 45 38 25 35
72 53 77 78 81 76 68 72 53 70
98 94 97 98 93 96 96 97 97 98
72 74 49 87 46 73 50 62 88 55
58 73 76 57 80 67 74 79 68 76
83 96 95 87 93 92 88 90 77 96
83 72 74 59 80 81 74 86 80 82
93 85 77 91 74 61 84 85 88 95
32 28 25 22 18 43 34 24 20 27
87 97 84 88 85 93 88 96 88 93
2 6 2 5 4 5 3 10 5 5
21 14 8 8 14 18 38 9 15 8
18 13 17 11 17 18 8 7 14 6
76 56 62 85 46 45 49 75 73 42
9 13 11 21 36 14 18 10 21 16
30 20 15 27 14 19 14 21 20 25
13 31 26 17 25 22 17 35 45 21
41 52 33 47 37 31 68 48 45 57
34 28 20 17 24 28 21 21 25 37
36 10 28 14 27 13 12 14 11 20
40 56 50 36 57 61 49 44 65 37
44 10 36 53 44 46 33 16 34 11
58 73 73 77 71 57 56 75 64 51
18 14 20 14 25 22 33 34 20 26
84 68 41 67 38 79 85 55 50 49
50 58 78 51 45 52 79 61 71 70
67 51 49 70 68 70 72 56 68 43
89 80 93 64 83 78 74 85 89 64
34 20 17 24 41 42 40 22 32 22
38 45 53 71 61 77 53 65 49 50
71 75 72 57 81 85 71 65 60 75
43 38 74 54 50 45 61 42 60 44
88 86 74 69 81 85 80 84 84 89
30 38 19 26 32 20 36 22 34 59
59 69 63 48 47 34 62 41 36 48
91 95 93 98 87 98 97 94 92 95
19 16 21 14 19 38 23 19 19 8
49 47 54 35 40 38 38 44 50 40
37 61 68 36 56 57 64 56 31 53
59 65 66 74 50 76 53 27 51 45
50 40 34 34 64 45 41 40 56 52
51 29 27 45 29 37 32 45 33 41
22 16 27 18 24 20 11 12 36 20
50 49 29 58 70 57 63 57 55 65
29 25 34 16 46 21 29 13 28 31
