200 20
64 55 58 44 42 48 53 48 28 27 36 27 51 44 39 57 37 37 45 43
28 7 8 14 13 9 26 10 13 13 12 19 21 15 8 12 21 9 7 28
90 82 90 62 88 89 92 90 83 86 86 96 93 84 96 88 89 94 91 97
13 9 6 16 11 4 21 4 7 19 9 8 7 8 5 14 11 3 9 10
50 39 81 70 57 53 71 38 52 51 59 51 60 55 56 81 69 64 47 48
38 36 35 15 30 66 29 32 23 23 39 48 41 29 32 42 41 25 13 51
69 44 37 38 55 35 63 28 53 42 28 35 44 59 48 20 23 26 59 55
18 15 28 29 12 16 8 20 47 12 45 12 12 14 11 19 12 9 18 20
50 69 44 62 45 48 47 56 49 65 39 70 47 64 62 40 67 51 38 69
32 48 34 19 42 40 17 33 29 23 36 39 46 31 23 30 43 35 44 12
70 75 90 83 75 79 79 83 77 80 78 88 85 63 84 79 73 84 80 66
92 94 91 94 92 93 97 82 93 86 97 82 85 90 92 87 93 80 94 97
85 69 73 57 59 69 66 51 74 80 70 61 68 69 68 70 70 57 55 42
22 36 58 53 43 36 26 74 50 37 35 37 53 47 42 51 33 35 36 42
8 6 5 6 10 6 5 9 13 7 6 10 8 8 8 5 8 3 8 18
56 74 48 82 62 48 44 56 68 61 38 70 62 74 40 51 27 66 49 42
7 12 4 4 7 5 8 3 5 4 4 7 8 6 9 12 3 8 5 5
77 64 55 61 61 61 61 53 67 57 52 50 52 57 37 63 57 38 57 46
86 75 71 74 61 53 71 67 86 79 73 77 74 81 82 61 75 74 90 82
68 78 66 55 60 70 89 34 58 66 53 62 58 81 71 67 73 77 66 72
29 35 52 27 16 20 34 37 34 51 42 43 19 54 42 46 31 51 42 40
28 41 31 27 57 42 34 28 41 55 42 51 30 46 18 44 36 40 25 31
21 12 16 6 13 7 5 14 11 7 5 33 17 9 5 6 12 5 7 9
7 5 8 2 4 4 6 4 3 4 7 3 6 5 4 4 3 4 6 6
98 95 97 98 96 90 97 96 98 97 98 98 92 95 96 97 97 97 98 97
27 16 27 13 22 19 13 28 19 11 30 17 17 32 17 20 19 13 14 25
16 10 22 32 19 18 17 15 45 31 21 21 21 19 17 13 25 12 49 19
85 84 90 77 78 87 91 84 83 86 87 74 88 91 85 76 74 82 84 69
89 80 80 89 76 91 91 90 87 74 85 90 73 82 92 89 93 90 89 84
71 45 49 77 48 47 42 54 75 50 34 61 68 50 67 61 49 56 67 57
17 5 6 8 19 10 19 23 11 17 7 20 16 7 15 15 21 10 12 11
46 42 21 42 26 34 40 45 47 29 54 14 41 24 42 25 42 20 43 25
55 37 27 51 25 39 22 56 49 33 42 44 38 44 13 45 32 33 39 38
98 98 96 98 99 95 97 96 98 98 89 93 95 97 99 99 95 97 95 98
12 3 3 7 5 4 7 5 3 9 4 5 5 6 7 6 6 5 3 3
21 53 36 41 51 45 38 40 53 21 42 38 43 28 26 39 31 38 44 43
54 56 60 71 43 55 32 64 46 49 52 76 70 61 47 74 53 73 76 34
15 9 11 10 9 7 12 16 15 16 12 11 25 10 9 5 6 7 15 16
92 94 93 94 92 96 94 96 97 94 92 88 95 95 92 98 91 88 96 97
94 86 80 82 78 85 83 74 89 87 77 87 95 84 69 85 85 72 81 83
78 73 81 94 76 74 83 70 78 63 82 76 90 94 69 80 81 77 75 76
20 47 23 33 25 45 53 33 42 34 39 32 29 57 37 36 57 32 37 62
85 75 84 86 78 85 89 78 89 70 68 87 69 83 90 73 81 86 83 76
48 39 23 30 54 54 42 20 18 14 37 32 33 36 33 35 46 24 38 22
8 16 48 30 39 41 33 53 31 18 41 39 12 31 12 40 38 40 26 36
86 86 93 97 93 92 96 82 88 89 92 90 97 92 90 96 93 88 92 91
34 23 17 30 22 22 23 23 29 30 27 21 43 31 21 34 17 35 29 22
3 14 10 12 9 11 10 18 14 9 10 4 16 18 11 15 31 6 7 11
19 20 11 7 16 14 21 9 11 14 13 17 10 14 15 19 19 23 8 14
72 67 76 75 86 71 87 84 72 75 74 63 79 73 84 69 66 80 75 64
90 73 92 93 92 87 91 74 90 92 87 91 91 68 88 79 98 87 97 83
71 65 66 67 54 62 64 80 45 50 74 77 53 58 68 75 81 81 65 64
15 10 7 6 8 10 8 7 11 5 5 5 12 7 8 9 7 7 9 6
96 95 94 98 96 97 96 91 98 95 99 89 95 98 96 96 94 93 95 97
17 15 5 6 7 14 11 15 9 12 17 8 19 12 6 15 10 9 9 20
99 97 98 99 99 99 98 99 97 98 98 98 98 99 98 97 99 96 96 97
4 9 5 3 14 9 8 7 4 4 3 8 3 8 6 2 4 4 5 3
27 10 11 16 20 7 15 21 8 13 19 6 15 14 10 24 40 18 12 20
17 9 27 8 12 14 10 14 16 18 8 11 6 8 5 12 22 12 9 10
64 59 50 69 59 58 34 53 60 60 40 58 60 51 58 66 66 48 54 60
85 85 92 85 89 91 86 83 85 78 84 90 92 75 93 89 73 93 81 91
5 8 7 4 2 2 4 7 6 3 4 4 5 10 6 4 4 3 5 3
78 79 81 81 71 76 72 66 77 79 68 86 67 72 72 73 59 76 81 60
24 38 37 37 34 27 41 29 40 42 41 24 35 63 47 38 43 26 34 21
68 33 41 52 38 29 35 22 30 38 18 41 26 37 34 25 41 39 35 37
63 81 79 63 69 66 85 63 64 89 75 67 82 75 71 75 78 51 74 76
56 63 66 72 74 62 70 49 51 64 75 37 61 78 48 71 68 73 48 51
84 76 84 80 82 77 66 72 74 80 70 67 89 74 81 78 79 89 56 83
11 13 7 13 19 17 9 10 7 19 9 14 11 22 6 5 17 8 10 9
80 82 68 66 72 68 68 71 64 46 84 61 76 81 61 55 65 70 64 55
73 52 39 49 43 39 28 37 38 41 34 35 59 53 51 31 39 47 58 53
45 52 37 62 58 24 41 78 47 42 63 41 48 62 50 38 54 74 38 30
40 17 28 10 24 9 16 7 15 23 20 19 18 20 8 29 22 15 8 33
88 80 77 70 75 73 83 70 79 82 88 85 78 78 70 91 84 86 76 91
23 30 23 31 38 27 27 49 34 25 45 20 22 38 44 30 24 32 32 34
79 71 91 89 90 86 82 74 77 81 84 75 73 80 78 76 80 88 85 82
23 23 25 21 13 14 8 8 12 14 26 16 21 18 22 13 21 21 20 20
93 96 95 96 95 97 87 93 92 97 95 95 95 97 95 89 97 97 96 96
76 65 49 49 82 47 74 58 73 50 69 71 63 51 51 70 51 65 56 61
98 98 89 93 97 98 92 93 95 92 93 94 96 92 95 89 97 93 94 98
68 75 66 59 69 82 77 79 80 81 67 72 86 80 93 75 74 65 81 81
60 31 42 33 47 49 61 34 24 41 29 34 60 35 48 39 30 50 55 54
65 41 35 17 24 48 47 36 54 45 54 37 55 60 49 64 49 23 48 42
83 63 62 59 57 68 58 66 64 79 63 68 70 63 43 87 75 65 72 61
67 61 43 51 66 40 64 75 45 76 35 49 63 53 53 45 70 57 76 70
81 91 95 93 95 96 89 96 88 95 93 94 92 88 90 95 90 94 94 92
96 98 95 96 96 93 98 94 96 95 94 94 98 97 96 92 98 95 93 96
91 74 72 73 93 80 82 85 86 76 85 78 79 95 91 83 72 87 82 81
91 78 87 87 90 82 92 91 93 88 84 92 85 94 93 85 85 93 96 91
79 80 91 76 67 88 84 91 71 91 73 86 83 95 91 79 79 58 67 89
33 33 33 37 54 43 35 46 60 32 51 42 31 18 31 27 35 45 26 26
51 42 16 78 60 35 19 46 52 37 58 68 57 48 63 37 37 48 51 30
12 8 12 16 7 9 14 12 8 14 7 6 5 6 6 8 5 4 4 3
99 99 99 99 99 99 99 99 99 99 99 99 99 99 99 99 99 99 99 99
43 22 40 27 34 37 28 23 28 23 37 21 28 42 27 26 15 38 18 27
88 91 89 90 83 97 82 83 91 65 86 84 86 79 91 89 91 79 86 87
77 82 48 64 73 75 62 71 68 74 79 52 70 67 80 73 75 56 65 59
10 8 16 13 15 19 19 5 14 14 18 11 19 8 12 23 7 12 6 11
57 74 83 77 50 80 85 79 73 55 72 77 90 77 48 71 78 76 76 64
5 3 3 3 2 5 3 3 6 3 3 3 3 3 2 3 3 2 3 3
25 16 12 17 11 10 9 7 15 10 8 11 12 4 12 9 5 21 11 17
90 97 80 96 95 95 90 94 95 86 95 92 92 97 92 87 90 91 90 75
50 21 32 47 30 49 28 29 27 44 46 22 29 25 24 57 40 34 40 46
70 72 80 70 83 66 76 68 68 92 85 68 70 89 79 77 69 68 68 60
85 95 89 81 76 89 90 96 95 83 86 84 91 78 95 86 93 85 89 86
16 50 50 52 51 45 45 51 32 40 45 25 29 23 42 39 66 60 49 39
14 25 8 3 16 9 23 20 7 13 5 7 18 5 5 17 7 7 7 9
12 25 12 11 10 7 9 19 8 14 6 7 5 4 11 13 9 13 17 13
70 51 29 55 53 51 63 71 51 43 59 44 35 55 58 68 48 51 45 56
69 85 61 48 49 50 64 53 72 56 81 48 52 73 64 82 74 54 66 65
59 60 39 58 70 62 46 82 60 47 55 63 58 52 31 56 79 53 71 46
71 56 36 40 33 41 46 43 44 48 44 30 52 42 51 55 32 47 47 36
40 39 53 58 56 56 55 35 37 33 30 32 35 22 42 26 40 43 42 28
91 92 80 91 94 81 93 98 94 89 90 88 87 81 93 74 93 94 92 96
25 39 32 31 34 35 16 52 35 46 29 41 15 13 16 15 25 9 28 24
66 78 82 79 77 79 76 84 83 75 84 76 70 74 67 76 87 91 88 78
77 49 58 66 73 63 73 43 54 70 64 59 50 70 74 60 71 80 33 69
59 39 25 58 54 49 47 39 40 46 64 54 62 35 60 63 48 48 57 41
99 99 98 99 99 98 99 98 98 99 99 98 99 99 98 98 98 97 99 99
34 21 12 15 14 15 12 21 21 11 10 31 20 30 22 36 26 28 20 16
10 11 10 6 18 10 8 25 8 14 12 11 14 12 25 15 9 10 14 14
3 4 2 2 3 2 3 2 2 3 2 2 2 4 4 2 5 3 6 3
38 41 26 31 48 50 48 40 51 44 48 37 50 34 48 41 20 45 64 49
94 89 89 85 85 89 92 74 79 83 84 95 94 94 92 84 81 91 95 85
39 41 49 59 69 52 29 38 53 44 46 53 52 46 56 63 61 54 42 49
27 22 30 25 14 20 17 17 33 12 38 17 26 24 22 32 25 18 39 32
30 57 42 35 54 10 15 17 29 45 32 36 38 50 34 38 35 34 21 31
47 63 37 34 47 33 40 45 20 40 34 34 53 60 37 50 44 44 54 35
94 98 96 95 91 96 95 91 88 95 98 97 95 97 97 92 98 96 92 86
60 61 33 48 48 38 33 51 46 40 68 64 59 58 52 54 43 69 81 51
34 49 49 38 40 55 38 46 41 62 47 44 34 46 44 57 40 49 41 23
40 63 69 51 53 43 33 66 34 66 40 46 53 68 37 43 77 47 43 50
29 29 26 37 29 57 39 58 44 45 49 26 49 60 39 30 44 65 48 39
21 18 41 22 16 7 21 23 19 14 6 20 32 12 19 16 34 16 18 33
33 23 17 13 5 25 32 15 10 26 24 14 13 23 17 24 17 15 33 15
65 69 43 66 77 45 51 24 35 50 55 37 52 55 49 45 59 60 43 54
66 60 75 57 69 49 72 72 66 45 65 71 63 66 56 66 55 53 48 36
53 70 62 67 59 43 70 40 65 47 76 51 67 56 62 69 62 65 47 59
95 89 99 97 97 91 92 98 97 98 91 98 87 96 97 94 92 98 95 89
78 80 81 88 75 80 82 74 74 72 74 64 84 66 76 89 74 74 65 78
6 10 3 3 7 5 5 15 3 6 8 4 4 7 8 3 5 2 9 8
98 99 94 94 95 93 97 94 94 96 90 95 98 96 93 96 88 99 99 96
25 7 29 32 18 14 25 20 19 24 23 23 16 13 8 16 14 12 22 13
53 58 50 45 54 42 54 47 56 49 50 35 53 28 43 49 47 52 54 54
13 20 11 30 15 8 12 12 14 18 13 15 8 13 16 15 7 10 7 14
9 27 21 13 7 13 20 6 7 7 13 12 11 8 15 4 5 4 11 19
91 87 83 67 69 82 68 87 70 79 92 86 87 83 75 82 83 93 77 80
62 53 61 60 67 69 64 72 66 58 72 75 70 75 66 82 58 66 65 85
86 91 68 66 70 80 80 74 72 76 85 81 52 45 82 76 81 53 63 46
90 91 82 84 92 87 83 83 84 91 88 79 90 76 90 87 76 84 85 86
12 6 14 6 14 10 5 18 16 17 5 14 8 6 7 8 6 9 8 11
73 71 75 65 51 71 65 69 74 73 84 77 77 68 70 73 67 65 54 75
50 38 43 39 68 61 40 60 70 55 51 61 55 62 64 63 68 43 67 51
63 30 38 30 38 28 56 28 43 50 45 52 46 43 32 70 16 45 25 55
53 44 36 49 49 46 31 44 43 54 51 24 41 45 18 37 21 26 30 51
25 18 27 18 12 18 19 36 24 21 25 26 12 17 9 22 33 29 23 13
36 52 52 49 43 42 32 43 49 67 48 60 59 44 64 39 57 39 39 74
57 45 51 33 38 66 60 52 47 48 37 43 63 42 35 51 60 60 59 34
29 51 45 44 56 54 62 34 46 47 19 50 39 47 45 42 57 49 50 38
47 39 42 45 34 32 27 26 24 30 21 28 28 61 27 27 31 45 36 33
52 43 51 61 67 63 71 46 50 46 70 72 83 39 70 75 76 82 65 61
13 7 9 25 25 4 3 11 7 16 5 6 5 10 13 10 12 8 6 7
53 51 74 46 63 65 68 38 55 44 67 52 47 52 38 45 48 54 62 32
25 22 30 31 31 29 32 16 21 11 13 17 27 20 15 21 13 20 30 17
7 4 11 27 5 12 11 13 11 4 17 9 8 6 14 6 8 12 7 11
3 8 9 5 5 3 6 15 3 9 6 10 3 3 3 12 4 3 5 5
87 81 86 93 89 82 89 90 81 95 91 94 84 82 86 82 90 88 76 84
20 38 16 33 5 14 20 6 11 13 12 33 19 15 16 15 17 12 15 20
96 99 97 96 97 91 97 98 98 95 95 98 98 97 94 98 97 93 97 99
59 34 30 38 49 26 25 49 57 27 46 38 51 54 23 34 51 59 61 58
95 90 86 91 95 89 92 92 96 91 92 92 87 94 88 88 91 93 90 90
41 42 33 37 27 39 32 32 21 39 45 37 25 21 36 25 27 24 32 38
69 71 90 54 66 63 76 69 46 70 61 67 58 58 50 71 66 79 77 75
41 38 40 22 31 31 19 20 38 28 40 42 27 37 30 40 28 41 41 27
64 64 59 47 60 61 51 67 46 74 54 53 54 52 50 63 33 59 39 56
15 7 17 7 17 6 12 6 10 15 19 6 6 8 12 19 16 12 31 22
55 55 59 79 77 79 82 74 84 73 61 68 66 71 59 70 86 63 85 63
9 8 6 4 8 5 8 7 4 6 4 4 3 6 11 3 5 5 7 7
17 20 32 27 37 41 28 50 19 28 21 28 31 33 16 29 23 20 16 11
70 45 67 54 60 49 62 49 55 54 57 50 52 57 34 63 63 71 33 43
27 15 18 20 29 20 23 18 17 11 18 37 28 37 19 28 14 22 31 11
88 83 89 88 93 87 83 90 94 96 88 86 89 91 92 96 76 92 82 83
50 52 70 47 53 58 58 58 42 46 47 40 51 71 49 59 47 37 57 53
17 8 13 11 32 7 17 7 24 11 19 27 31 18 21 12 17 21 16 22
70 42 48 63 62 46 46 53 65 74 52 74 53 70 67 45 50 47 53 50
40 45 42 35 30 30 51 40 28 27 34 49 28 25 53 36 55 46 32 33
28 52 48 51 37 34 34 24 34 26 64 38 30 39 42 27 43 39 31 21
53 31 25 42 46 57 58 36 54 38 57 54 46 49 55 60 24 54 63 57
2 3 5 3 2 2 2 2 2 3 3 3 4 2 3 6 3 3 2 8
38 28 34 47 43 33 58 42 19 30 33 45 33 33 23 37 33 48 28 47
12 12 10 22 11 9 10 10 10 18 16 20 7 5 14 10 17 13 19 17
3 2 2 2 2 2 3 3 3 2 2 2 3 2 2 5 2 4 3 2
5 3 4 13 4 8 5 5 8 15 10 8 6 4 6 8 10 5 4 6
47 55 70 59 74 43 57 64 65 48 48 51 62 80 54 38 50 50 50 55
90 96 96 90 99 98 90 95 93 90 97 94 97 91 96 96 95 97 88 98
20 24 15 12 19 32 27 38 25 21 13 23 19 47 27 18 44 33 23 19
65 73 81 76 76 91 74 87 86 80 62 88 81 72 77 81 52 82 69 70
22 13 21 27 23 25 25 15 21 30 28 23 32 10 22 16 7 33 29 43
52 63 66 73 66 76 45 65 35 63 79 55 53 60 72 85 64 76 54 79
80 79 74 53 62 45 62 46 53 60 55 49 58 87 48 69 55 62 84 70
