200 20
98 98 99 96 94 98 99 98 99 96 97 98 97 97 99 96 95 98 97 98
73 60 74 91 70 62 83 56 70 64 81 75 80 77 82 85 56 72 84 51
79 71 88 67 71 80 86 85 83 84 74 86 87 90 63 91 80 92 80 63
12 12 9 27 9 8 14 7 12 7 9 8 19 14 23 5 9 4 21 5
4 3 2 9 4 4 7 3 6 3 4 6 4 4 2 3 10 2 3 3
82 91 78 79 87 72 93 83 94 89 84 74 91 78 80 87 90 75 82 88
92 86 89 80 95 86 94 86 92 82 91 95 92 92 79 78 88 89 81 91
78 79 86 90 67 57 77 64 88 81 77 80 78 87 69 61 88 79 64 71
22 9 22 31 17 9 24 28 38 17 30 12 38 22 8 22 32 13 16 26
73 60 68 85 69 79 61 49 58 49 76 59 61 78 79 72 54 71 81 71
42 35 32 59 32 17 12 24 29 39 27 25 25 34 28 43 32 32 27 21
90 95 98 98 86 96 95 97 98 96 89 92 89 90 95 88 98 94 88 76
25 20 20 27 52 19 43 48 23 38 23 49 37 34 43 32 32 55 26 36
38 49 43 29 29 27 20 29 40 26 41 42 35 31 25 47 57 19 30 22
28 57 39 27 33 32 45 33 46 40 42 41 29 34 37 37 26 24 36 52
91 94 80 86 80 94 90 89 83 88 80 86 87 78 86 97 90 86 80 87
68 81 84 77 74 71 85 62 65 73 75 68 80 52 81 83 70 70 73 70
97 97 91 95 93 96 96 95 92 92 93 96 97 94 97 94 95 98 97 92
45 42 48 27 64 30 51 51 42 53 47 51 41 55 31 44 35 41 40 38
94 91 82 90 78 81 93 62 86 81 90 84 86 85 84 86 87 87 93 75
8 10 7 19 12 9 6 8 8 6 12 10 16 9 12 5 9 11 14 15
7 7 5 6 3 7 7 5 7 10 6 7 2 7 4 4 7 11 6 6
64 60 67 62 53 77 69 41 59 57 80 63 76 40 58 47 57 54 73 76
24 22 13 50 20 32 59 9 26 38 52 26 30 13 15 16 13 29 17 26
97 96 92 89 84 87 88 89 88 93 97 86 77 94 91 94 89 86 91 86
86 82 82 74 73 96 90 96 80 78 83 91 78 81 90 88 87 83 90 83
37 37 52 24 35 48 19 32 37 14 41 31 32 32 36 34 35 26 16 15
72 74 53 38 57 64 66 43 59 74 74 64 62 58 64 58 56 32 40 66
45 25 40 39 32 54 31 31 51 40 43 31 38 56 42 40 62 52 39 41
99 99 99 99 99 99 99 99 99 99 99 99 99 99 99 99 99 99 99 99
47 49 30 33 54 63 61 60 41 48 65 69 45 52 53 57 50 58 59 52
92 81 82 95 77 70 69 73 91 87 90 76 86 83 85 78 76 72 75 79
46 64 41 47 53 44 54 66 44 43 68 42 46 60 44 47 34 47 45 28
99 99 99 97 98 98 98 99 99 99 99 99 99 99 96 99 99 98 98 99
55 50 51 62 53 51 63 45 48 46 63 37 54 74 44 57 70 45 30 60
69 73 63 72 62 73 54 67 66 72 62 67 73 72 50 78 48 70 75 78
25 52 28 51 51 38 41 62 33 25 58 28 43 52 32 21 32 56 33 24
27 12 8 21 7 10 19 13 17 15 12 15 20 28 26 5 27 10 11 13
38 31 27 18 53 57 37 29 28 36 43 26 36 30 27 31 30 23 41 47
67 74 69 65 64 58 85 61 78 81 46 59 71 79 67 76 80 54 65 82
77 82 79 59 63 60 62 68 66 51 53 72 71 80 73 69 53 83 65 67
55 48 60 41 45 72 50 62 72 46 42 59 42 56 66 71 68 43 63 72
78 73 57 49 70 62 59 80 81 77 80 63 61 66 64 55 57 42 50 77
16 30 25 24 16 32 36 18 17 22 12 28 29 35 42 27 25 33 27 27
51 63 62 58 67 63 76 40 70 65 71 43 61 52 61 63 72 62 57 55
90 91 89 94 92 89 82 84 85 92 82 83 94 90 85 74 93 88 77 78
56 57 63 62 67 48 41 29 42 47 44 66 49 34 46 37 57 61 42 68
67 56 72 67 77 67 71 73 72 70 42 73 62 85 67 80 80 72 71 67
61 68 61 80 61 58 72 66 55 76 66 75 71 74 70 69 66 54 71 68
38 32 23 33 21 30 26 34 44 29 30 22 28 51 40 44 54 36 46 32
12 19 24 22 15 20 41 11 20 27 17 12 12 13 27 17 10 11 7 16
43 54 46 65 72 77 63 81 53 69 63 58 62 70 60 73 65 63 61 72
35 22 27 23 41 25 20 18 29 33 39 32 48 21 44 52 42 37 39 15
96 99 99 94 97 96 98 97 98 97 96 98 96 99 98 98 98 91 99 96
12 14 26 15 4 9 10 25 8 11 36 11 11 7 4 15 17 8 12 20
67 33 45 68 63 50 75 57 42 58 55 53 69 58 60 58 50 54 65 52
81 51 78 72 46 67 45 89 49 56 53 81 74 65 71 78 83 83 68 60
49 45 27 30 25 17 37 39 39 51 31 27 28 22 33 34 44 32 15 37
6 5 6 11 8 9 6 17 14 17 7 16 8 13 9 5 9 6 22 13
33 43 48 42 45 28 72 25 23 38 55 38 39 29 52 30 44 41 38 31
82 94 86 94 93 91 91 89 92 90 85 86 83 96 94 94 96 91 94 89
86 97 87 96 92 85 80 90 78 90 88 62 92 79 92 94 90 91 93 95
99 99 99 99 99 99 99 99 99 98 99 99 99 99 99 99 99 99 99 99
34 47 61 26 45 46 30 34 40 21 21 49 29 22 31 54 22 35 40 62
50 63 65 41 51 24 37 52 40 43 48 52 37 36 26 64 52 51 59 48
55 69 81 79 56 72 53 59 67 78 78 77 76 51 53 41 71 56 56 66
95 97 98 91 92 94 97 96 91 94 92 93 96 95 97 90 96 88 92 82
18 16 11 16 36 12 30 11 18 22 30 31 16 28 25 10 18 26 9 18
59 47 43 21 40 52 26 32 29 36 33 28 20 50 50 49 24 37 23 25
36 29 41 17 43 39 43 44 29 26 21 25 31 31 52 30 36 29 17 30
28 10 38 21 28 29 27 33 25 24 34 27 27 15 38 13 23 30 18 30
96 96 93 96 88 91 87 94 85 84 91 93 84 96 95 95 97 86 96 95
88 89 91 91 84 85 92 79 95 79 92 90 84 93 88 89 93 91 85 90
34 30 45 39 23 48 28 41 18 39 47 29 39 43 60 54 32 32 50 43
9 7 7 6 12 7 5 13 10 13 8 14 6 15 7 4 9 18 7 14
86 83 83 88 72 79 78 87 87 90 90 75 79 88 86 88 84 77 80 86
6 5 8 4 14 5 8 10 12 3 8 16 9 13 11 3 5 15 5 4
49 21 36 31 27 23 22 24 15 26 22 23 24 17 28 27 19 16 23 13
62 69 83 85 84 71 70 80 83 43 88 61 89 83 68 82 69 61 85 79
74 87 85 94 78 81 86 81 77 77 77 83 80 89 78 89 79 70 89 90
23 32 18 22 29 36 25 29 36 14 43 36 19 26 31 34 20 40 19 38
24 12 19 7 7 27 26 25 15 9 20 10 17 16 19 7 15 12 9 8
34 14 21 9 18 24 28 8 13 17 25 12 29 24 17 10 14 22 12 27
26 38 21 21 38 24 37 35 18 32 31 21 18 28 33 19 32 42 21 18
28 54 34 56 49 72 55 36 21 41 45 40 32 34 32 37 41 48 23 23
84 86 84 87 69 67 82 84 87 83 81 83 75 80 85 75 80 95 60 81
35 43 45 53 61 42 49 53 61 41 51 55 45 73 52 37 52 46 36 50
33 55 39 38 29 28 47 25 33 39 26 67 43 35 45 36 40 25 37 32
80 71 51 70 78 50 76 75 72 60 74 74 52 58 64 68 64 70 70 66
15 15 18 13 23 17 9 20 17 9 14 18 15 19 12 9 9 21 13 9
31 36 46 31 38 39 18 36 32 37 26 44 31 30 26 41 32 49 21 40
8 6 3 7 4 8 5 2 5 3 11 25 5 4 5 4 4 2 7 3
98 99 97 97 95 97 95 96 98 97 98 98 99 98 96 97 98 99 96 95
73 82 66 52 69 72 61 78 47 57 60 70 71 64 67 71 57 52 57 64
38 46 50 50 58 24 36 42 29 28 57 45 24 37 46 51 22 34 27 32
79 76 83 62 68 67 85 80 57 80 66 89 94 67 73 76 79 79 71 78
61 51 37 45 57 25 48 39 53 64 16 62 47 34 41 43 34 34 42 42
45 36 59 34 55 55 51 65 28 64 58 71 58 46 43 69 63 54 40 27
57 55 63 32 47 55 35 42 31 41 53 47 43 33 70 51 60 39 56 57
5 5 4 4 6 5 2 3 2 3 3 4 3 3 3 2 4 2 10 3
43 52 37 59 50 37 60 42 44 44 49 45 51 63 50 50 39 58 61 33
77 88 74 80 74 76 68 80 93 79 87 80 84 87 67 92 84 87 83 82
27 27 24 46 40 45 37 40 33 21 19 41 46 46 39 23 47 22 19 42
88 91 91 85 85 86 82 92 84 91 85 87 62 77 88 87 95 90 85 93
50 34 41 48 52 67 62 66 41 63 45 28 46 31 42 50 46 35 56 31
27 10 10 25 15 8 16 10 16 18 22 12 9 7 20 17 9 13 14 10
90 85 87 88 92 93 94 94 92 85 89 87 93 82 89 83 75 90 80 94
71 58 60 51 62 73 70 67 80 70 76 47 80 70 74 71 74 62 46 69
67 78 78 65 89 91 67 83 67 59 77 90 59 55 59 81 45 64 58 56
22 42 10 15 36 20 18 23 21 10 28 21 18 11 9 14 13 13 32 24
31 29 41 38 50 30 51 35 30 37 39 50 30 46 27 61 36 53 59 59
8 6 10 13 5 11 8 7 10 6 5 13 6 13 6 8 12 6 2 11
76 66 48 70 54 54 52 62 79 46 53 63 63 69 47 29 77 65 63 67
68 61 66 69 78 65 80 72 74 63 63 81 67 72 68 67 61 54 58 65
75 60 45 63 49 49 61 53 55 43 56 33 59 68 45 66 65 49 50 67
19 14 19 3 19 12 28 12 12 22 27 32 6 4 12 11 10 8 16 21
32 29 45 37 38 47 51 15 42 43 10 24 41 34 47 42 36 39 20 28
52 57 52 70 66 54 72 66 39 78 65 74 57 69 43 60 69 80 31 41
33 14 21 20 24 30 11 26 14 14 9 15 17 26 20 9 42 18 12 23
29 51 15 16 17 32 20 43 22 19 34 43 25 22 38 19 12 33 38 41
29 57 41 29 31 57 41 39 24 49 23 33 29 44 34 50 51 50 37 31
89 66 80 67 63 83 80 93 73 81 77 90 78 69 78 63 73 82 71 51
81 83 70 87 71 73 80 76 73 72 76 68 84 58 81 79 89 56 86 64
59 50 51 77 63 57 31 45 68 61 54 75 55 55 56 52 68 45 47 64
94 95 91 87 93 98 96 95 85 97 98 95 93 95 91 91 98 93 95 83
66 65 73 47 66 60 43 64 51 71 51 57 73 43 70 64 67 63 67 39
36 29 27 40 29 41 29 49 37 34 64 31 31 44 37 55 54 29 36 35
93 93 94 95 87 87 82 89 90 70 92 91 82 85 93 90 85 87 91 74
99 96 98 96 98 86 97 97 86 99 88 98 95 93 94 92 96 91 92 94
14 15 19 22 23 24 12 14 9 12 19 15 16 12 9 13 27 8 11 19
4 5 6 8 4 8 10 10 9 10 12 10 5 3 7 4 26 5 4 3
53 68 80 55 56 63 47 58 43 31 73 54 58 51 65 68 46 46 52 72
2 3 2 2 2 2 2 2 2 2 2 2 2 2 2 2 2 2 2 2
25 30 35 18 20 33 26 31 26 22 20 16 37 25 27 25 24 30 41 27
80 78 87 91 93 74 93 89 82 86 94 89 96 82 89 88 86 84 83 83
32 17 39 43 17 40 28 32 39 29 16 44 7 14 32 33 40 14 25 36
92 94 98 92 99 97 96 93 98 97 97 97 98 97 98 91 98 92 98 95
34 29 61 23 41 25 39 33 36 21 17 41 46 21 34 31 20 48 22 31
29 31 30 43 31 30 42 41 51 65 33 35 51 34 37 47 46 37 46 27
9 3 6 3 3 7 8 3 3 7 8 7 3 6 3 5 4 2 8 7
38 38 51 57 44 33 61 42 51 41 26 43 42 33 43 28 35 27 38 39
82 49 75 70 61 57 60 70 55 45 83 72 63 79 75 65 59 76 69 80
82 87 88 88 88 69 77 64 93 92 84 52 73 69 84 77 70 94 88 83
94 95 81 97 97 93 96 89 95 91 89 98 91 96 88 91 98 97 97 91
80 51 62 71 67 54 56 53 55 70 65 57 52 45 47 49 74 41 57 53
37 43 36 63 42 46 42 37 57 33 36 51 54 32 35 37 49 38 49 40
38 38 30 24 32 20 47 21 21 48 37 18 39 16 25 21 23 18 19 20
84 88 93 88 93 88 88 76 86 81 87 76 88 87 84 86 83 84 89 87
52 63 68 82 72 82 87 70 81 78 83 77 87 83 83 85 81 78 66 76
5 6 8 8 4 7 11 5 2 5 6 6 9 16 8 13 18 9 5 9
95 97 99 98 99 98 90 96 98 98 98 97 97 98 98 92 99 96 97 99
84 82 78 63 69 48 72 84 58 45 71 73 60 86 89 85 62 79 72 60
25 31 22 19 43 17 27 20 16 20 19 19 41 24 37 14 46 19 17 35
78 71 58 68 66 67 64 73 58 70 80 69 75 54 69 76 77 62 77 79
78 56 62 39 73 56 80 61 50 51 64 65 56 55 72 67 51 70 55 62
26 14 29 27 29 13 13 18 28 26 26 7 31 31 31 19 24 20 27 19
89 84 88 79 77 73 73 87 81 61 73 55 82 79 85 79 79 86 78 72
71 67 82 74 75 73 71 77 68 84 81 70 83 84 76 67 70 66 67 61
93 92 70 88 81 77 90 81 85 84 70 98 94 89 77 93 90 69 84 91
23 21 46 38 68 38 43 46 55 39 25 52 21 47 41 42 48 43 56 42
86 93 97 85 92 92 96 90 94 81 95 87 91 94 92 93 91 84 90 93
19 21 30 22 18 40 15 20 13 30 20 26 16 45 25 43 25 43 11 26
5 6 6 11 2 9 10 8 7 16 6 2 7 3 8 9 17 7 19 4
41 26 37 23 22 58 32 46 45 23 36 49 37 29 24 45 66 47 18 18
7 6 8 9 13 16 5 10 12 4 7 17 4 7 15 16 11 7 18 9
4 10 2 4 6 4 4 4 2 2 5 3 2 4 3 6 2 5 3 4
5 4 2 7 6 4 4 2 5 5 3 3 3 7 4 8 6 3 3 3
41 29 33 21 19 23 34 17 24 41 34 22 44 21 20 22 14 14 22 31
57 34 40 33 24 52 31 26 37 46 45 36 17 20 22 14 65 48 25 39
72 70 70 66 64 62 66 84 74 74 68 64 81 69 77 77 73 90 74 74
91 88 90 83 94 87 80 95 94 92 92 86 94 89 91 84 91 87 88 93
31 16 14 6 7 10 17 15 18 28 17 13 8 19 19 20 15 14 11 8
50 21 26 16 26 26 35 18 35 24 44 23 30 45 23 22 30 20 38 24
5 19 14 16 34 17 14 20 13 12 27 9 15 15 16 24 29 16 19 13
94 89 89 75 81 90 89 85 92 86 94 94 91 97 88 89 90 88 96 95
43 40 42 58 38 63 51 53 33 71 56 67 68 63 59 46 61 70 57 75
19 8 16 14 15 20 9 15 8 8 8 34 8 10 14 20 23 13 17 10
71 83 70 68 75 82 89 88 79 88 76 89 79 87 90 75 80 83 81 73
66 71 78 74 69 45 79 53 80 65 78 55 66 73 76 75 69 68 57 58
89 76 69 63 78 82 83 71 78 90 63 81 72 61 81 48 88 84 73 82
73 75 60 73 64 81 49 77 75 79 86 93 80 62 69 68 82 62 62 77
46 37 57 44 23 29 26 30 43 34 29 23 41 36 47 35 30 17 27 23
95 88 94 93 85 92 96 96 80 94 96 88 89 94 87 82 90 89 97 88
28 17 8 12 13 23 11 13 21 18 25 27 24 34 14 23 35 23 30 20
27 20 27 24 28 22 20 23 21 37 21 20 16 22 24 25 24 10 27 33
81 84 81 92 78 86 83 83 91 79 81 96 85 69 66 84 93 81 87 81
92 93 90 86 87 90 92 87 95 91 87 90 88 81 85 83 92 94 89 81
54 56 50 71 67 79 75 70 75 59 62 54 69 67 73 56 67 78 53 60
87 94 95 87 86 92 86 87 91 90 98 89 91 93 91 98 82 94 82 91
40 44 54 43 34 37 36 45 44 53 44 68 50 46 71 22 23 45 46 71
14 22 4 9 18 14 9 25 8 9 13 22 20 9 24 40 12 10 8 11
49 54 65 57 66 57 50 42 53 58 58 64 75 61 71 58 59 60 56 54
11 21 19 13 27 10 13 17 20 8 17 13 11 16 21 7 6 13 20 11
99 94 97 88 91 98 97 95 95 90 97 95 96 94 94 97 97 97 99 93
74 81 80 90 87 82 90 83 84 96 90 85 71 80 93 81 88 92 86 89
11 7 7 7 17 16 8 6 9 6 7 3 3 10 19 12 12 12 17 7
98 95 98 94 95 96 95 98 96 98 95 99 94 94 96 99 95 91 90 97
27 13 25 12 19 16 18 22 15 25 15 23 38 14 20 27 40 14 18 20
43 28 41 40 44 50 44 54 49 68 24 30 43 37 39 29 43 35 49 38
38 52 41 33 28 51 49 48 42 52 61 46 50 30 50 43 64 52 56 46
