50 10
86 93 94 87 87 87 85 93 92 92
77 86 89 91 73 82 86 93 70 71
83 71 67 71 74 52 53 67 69 76
85 64 82 84 80 78 89 79 81 86
49 24 28 42 26 28 12 45 45 54
55 31 25 52 39 39 52 29 47 55
58 71 76 83 66 71 58 77 72 58
45 29 22 26 28 18 23 21 34 14
42 63 58 66 49 61 70 20 44 40
77 67 69 62 56 37 57 68 77 74
71 76 71 65 73 76 72 72 65 62
30 33 17 23 36 50 20 35 32 28
65 53 49 51 53 65 46 49 53 32
36 37 41 43 40 58 43 33 53 47
28 39 13 44 25 19 47 13 24 35
46 65 72 43 41 53 49 59 82 54
53 70 59 48 71 55 49 73 79 46
11 12 10 20 3 8 6 7 8 5
30 44 28 30 43 50 22 19 38 45
23 45 52 52 34 39 37 41 28 55
15 16 22 23 28 23 28 13 14 21
28 47 39 56 53 21 48 61 44 60
45 60 62 67 69 50 45 50 28 59
71 84 93 84 77 77 84 85 79 89
69 57 53 52 72 54 58 64 56 41
49 68 59 39 68 67 54 73 66 32
46 66 83 65 45 41 50 70 82 63
91 90 92 83 86 93 61 82 82 96
8 13 15 7 19 26 6 17 30 11
18 7 11 14 13 40 11 9 25 7
87 88 89 91 88 92 88 88 79 93
31 22 59 29 36 51 36 40 34 67
14 22 21 19 17 9 16 32 18 17
68 77 76 89 83 73 65 78 76 70
17 15 20 11 5 16 7 19 6 19
96 97 92 97 99 99 98 98 98 98
64 79 57 75 50 81 56 61 79 72
45 30 38 50 31 46 32 44 42 29
97 98 99 99 98 98 99 99 98 98
77 81 73 81 78 74 80 75 67 77
34 31 28 35 33 42 49 52 75 32
75 72 51 69 57 91 76 73 64 84
22 8 21 31 32 4 15 13 15 20
45 57 47 75 41 33 68 55 52 57
72 79 88 81 75 73 70 76 63 84
62 58 66 28 48 48 61 49 56 73
83 72 81 78 72 79 83 83 84 69
59 52 64 62 64 41 71 45 63 42
23 8 16 12 6 9 11 14 17 27
22 24 40 47 11 47 18 27 24 45
