50 10
95 91 84 92 97 92 90 93 93 94
9 11 5 14 8 8 16 19 8 9
94 94 94 88 96 84 75 85 85 90
77 93 58 85 79 85 88 89 88 83
53 42 45 42 50 62 34 34 74 40
51 36 42 24 37 20 31 19 34 45
6 4 8 5 14 11 3 5 6 7
45 40 36 35 46 54 23 60 45 52
67 61 61 88 68 73 75 78 66 62
97 99 99 99 99 99 99 99 98 99
29 41 56 44 48 48 43 55 47 37
8 6 14 13 27 23 17 20 24 15
59 60 27 67 73 56 43 43 25 48
61 76 61 71 64 56 30 63 75 55
51 60 49 41 39 50 41 55 74 55
62 55 79 52 75 68 72 80 60 74
35 49 49 49 41 59 56 63 41 41
66 64 70 50 63 74 76 70 70 66
7 12 4 5 6 4 8 3 12 3
83 93 79 77 66 90 90 86 85 69
73 73 61 68 55 57 70 56 80 61
38 48 49 44 49 63 44 50 36 42
79 80 78 85 80 86 73 79 80 84
3 3 7 5 5 3 3 4 4 3
67 61 63 73 56 51 78 62 61 70
35 29 23 33 57 40 27 34 37 33
91 94 96 94 92 96 97 94 91 91
60 62 57 61 60 64 80 56 24 62
52 59 51 48 46 54 64 62 51 57
18 23 31 22 15 47 16 32 14 9
53 49 30 29 25 40 41 33 56 20
94 91 94 93 86 83 97 89 95 89
81 93 92 92 84 91 84 85 91 71
91 90 81 74 93 69 86 80 76 83
89 82 74 77 92 69 81 82 86 73
4 6 6 3 4 3 9 8 4 5
98 97 96 97 90 97 98 94 97 98
16 10 21 10 9 9 20 10 16 18
74 84 85 81 89 86 86 77 79 72
60 61 71 70 53 76 72 59 71 65
7 19 12 13 16 24 8 14 13 20
72 77 70 85 81 81 64 79 79 57
86 54 47 53 74 63 73 79 72 42
65 46 70 70 64 78 73 51 70 39
37 27 48 37 36 39 54 40 42 32
57 51 47 33 66 61 31 55 63 41
90 92 90 93 96 88 93 96 86 93
75 89 46 80 68 87 81 65 59 71
37 37 28 39 49 41 60 31 53 37
99 96 99 97 98 99 99 99 99 94
