100 20
56 72 29 50 72 97 4 90 32 81 75 2 57 57 24 91 68 27 26 82
59 88 5 95 7 17 93 47 57 64 65 21 44 54 19 52 44 33 10 31
62 68 49 37 37 96 74 83 26 43 14 8 60 67 80 29 15 84 65 57
25 41 60 8 52 93 86 82 23 2 16 18 11 99 53 43 51 89 20 44
57 43 27 33 70 71 68 56 68 51 57 24 10 25 25 24 36 67 21 49
35 45 68 58 17 10 10 24 6 28 99 81 97 37 71 25 34 22 50 88
90 72 4 88 8 86 19 3 70 41 59 7 87 60 77 38 40 53 94 86
77 41 87 66 26 50 51 36 62 5 70 97 84 30 35 6 81 28 84 35
29 57 89 90 67 19 98 22 81 27 59 79 39 74 6 97 68 94 13 68
5 35 96 8 10 19 2 73 25 46 70 92 35 35 41 61 45 34 89 98
69 55 99 90 63 32 11 42 77 58 28 13 2 86 55 8 91 81 13 5
47 63 44 24 50 69 21 27 48 95 4 6 11 20 48 13 7 76 40 68
7 94 70 94 83 36 94 88 64 51 22 28 14 89 8 38 29 73 36 9
24 14 10 3 26 87 53 57 59 27 24 6 21 61 66 25 49 58 90 53
49 65 34 31 47 25 71 88 96 86 26 23 71 66 47 87 62 60 51 77
55 79 94 67 63 90 52 20 55 34 61 39 18 76 25 22 58 28 78 26
29 36 53 98 19 91 52 11 87 14 41 63 22 72 91 86 10 57 38 22
81 80 17 97 62 68 72 43 66 25 80 78 75 52 51 31 65 46 69 36
22 51 98 34 75 58 23 58 89 95 67 14 51 59 43 30 55 2 78 99
68 55 71 5 37 88 24 83 14 16 16 97 56 72 2 24 80 15 87 19
81 65 52 14 63 46 67 70 83 71 7 87 82 80 62 19 65 98 23 6
47 35 20 70 32 6 54 31 66 84 62 43 5 88 68 68 42 39 77 55
44 18 64 4 31 4 70 91 16 90 34 93 32 87 47 41 62 12 38 75
36 95 43 17 79 21 87 36 18 42 27 10 72 88 30 78 56 15 80 17
64 31 6 41 69 57 93 42 40 29 50 76 33 65 2 38 52 83 28 51
97 9 88 58 98 91 48 84 43 29 71 65 26 25 35 32 42 34 44 91
53 28 11 39 51 14 6 36 85 38 54 86 99 94 52 49 67 84 75 4
13 52 37 79 66 27 72 25 69 14 49 86 15 90 53 31 90 56 79 57
39 96 22 85 69 83 83 96 87 42 4 25 45 16 3 55 62 70 27 91
6 47 69 26 77 28 47 39 42 33 38 31 17 54 31 6 91 42 83 81
15 57 40 19 24 16 43 80 82 38 85 22 69 86 76 52 54 13 13 21
8 8 23 43 91 68 10 12 10 6 13 79 75 39 18 44 25 75 55 88
91 52 73 84 65 69 48 85 19 79 62 26 13 67 54 46 47 44 70 21
19 70 47 40 40 37 95 49 96 88 27 71 13 31 40 10 38 26 60 86
21 2 15 14 79 25 90 37 14 75 12 83 21 88 36 52 88 42 82 75
58 94 14 65 78 58 39 93 51 9 72 56 93 41 83 55 28 69 80 6
58 42 23 94 25 58 9 10 57 14 76 67 91 67 28 42 81 73 34 84
60 84 10 59 30 77 26 49 37 90 5 50 65 4 99 3 67 34 77 17
20 41 43 23 3 28 9 87 12 63 53 63 82 24 4 67 18 92 67 92
29 62 17 10 19 62 96 36 66 47 40 44 55 71 66 92 46 43 40 21
22 57 89 61 65 83 42 96 90 10 5 14 69 13 44 22 92 74 65 13
56 19 51 98 70 30 36 95 89 79 76 8 4 58 60 56 70 45 49 14
48 69 50 62 51 46 82 58 9 53 57 47 20 73 76 95 23 38 24 68
12 77 77 72 93 21 38 82 87 74 9 43 20 18 79 71 32 51 91 49
31 65 44 95 57 24 26 43 52 3 24 45 57 5 98 83 61 87 10 79
67 93 68 21 76 26 5 86 36 41 38 46 98 17 42 31 27 4 7 36
37 90 2 62 16 41 35 53 55 67 52 49 84 77 24 58 6 43 93 36
68 99 8 64 7 23 41 5 75 33 57 18 38 52 62 58 12 63 52 77
32 48 54 77 79 53 84 16 34 69 15 51 71 15 50 25 23 92 64 78
46 50 3 97 79 75 81 46 45 6 77 55 96 94 12 64 96 93 58 92
49 47 34 36 3 68 46 26 40 20 90 16 27 92 94 70 96 55 53 29
87 13 37 26 19 14 25 40 97 40 69 85 41 4 15 78 24 66 23 14
16 74 4 48 62 70 30 63 13 26 36 94 63 7 7 63 32 74 66 82
15 68 33 62 86 53 38 25 20 96 83 41 83 47 40 15 88 45 64 36
57 85 22 29 67 3 36 14 66 40 24 77 78 62 44 41 97 7 53 35
25 84 96 43 26 29 92 23 33 76 81 85 70 64 82 3 13 19 26 17
77 16 48 24 49 68 40 65 8 74 41 24 16 65 54 70 14 16 18 39
77 87 48 26 97 26 87 79 66 7 74 67 42 46 91 4 20 15 58 32
17 23 97 65 82 54 2 20 21 31 72 93 29 40 48 65 37 4 2 73
52 98 22 31 51 37 3 54 42 69 18 58 47 73 21 88 59 22 19 52
37 55 58 29 98 40 94 53 64 97 7 75 2 98 67 45 95 91 20 78
7 62 24 34 58 9 48 47 13 24 86 58 77 5 37 89 19 87 47 20
38 16 83 57 62 26 93 69 85 50 7 85 84 34 77 31 36 97 69 7
40 68 58 91 33 20 72 59 99 76 18 39 93 62 34 59 58 68 50 60
89 12 11 7 17 20 48 26 29 22 87 46 6 10 33 64 8 42 87 61
19 80 32 13 41 26 94 35 43 28 30 80 4 96 32 35 76 42 6 75
83 5 99 94 50 82 56 62 3 42 9 4 90 64 15 69 9 10 86 9
3 74 37 4 42 86 13 29 32 63 92 47 25 55 97 87 11 92 7 46
3 56 59 12 26 37 36 95 63 76 14 15 78 22 65 49 51 30 66 41
4 51 48 64 92 97 50 8 97 80 79 91 51 47 75 25 46 49 41 38
86 36 62 72 47 38 9 34 62 53 35 56 28 52 7 46 57 43 3 68
97 98 28 16 89 56 53 97 86 80 54 48 38 57 36 24 75 95 13 23
87 86 22 32 50 86 21 52 81 94 42 42 53 41 7 78 92 31 85 15
25 60 90 16 59 71 13 78 90 15 67 26 45 13 46 12 57 13 10 56
93 84 24 42 52 49 60 53 69 65 35 29 56 64 34 14 89 43 98 15
51 65 98 46 59 91 93 82 17 71 83 47 34 76 92 97 76 4 19 13
38 96 46 84 90 85 81 12 8 12 53 69 33 12 48 20 10 98 11 15
66 78 52 79 16 39 68 3 99 42 18 81 49 47 74 47 76 56 73 60
39 60 53 19 30 69 71 25 73 14 9 10 42 56 55 79 48 96 20 63
44 28 64 66 74 85 35 44 95 13 75 90 77 39 43 6 15 75 55 34
61 81 97 20 53 52 34 95 10 64 74 67 26 28 78 21 19 28 47 33
69 2 19 10 69 52 2 73 15 78 11 53 13 27 89 3 91 29 24 43
18 36 58 79 69 78 59 35 54 43 10 8 26 63 64 23 74 16 57 81
60 88 86 39 33 77 54 68 70 37 25 22 42 35 95 62 40 6 40 10
34 42 32 43 74 59 99 10 45 75 9 41 25 56 85 50 17 4 7 3
28 65 63 86 23 88 86 17 59 43 31 67 92 97 57 59 80 11 51 43
69 54 74 56 61 12 53 77 39 62 23 94 11 95 58 91 41 2 39 54
97 51 31 2 70 42 87 19 91 5 13 9 31 53 83 91 22 31 53 38
91 19 69 15 74 73 77 82 33 19 92 34 66 81 2 60 55 95 56 59
74 59 28 12 25 92 79 62 54 84 6 31 32 62 58 71 62 83 94 49
7 18 50 35 35 26 20 16 99 67 96 94 10 96 74 15 84 57 76 81
39 78 2 68 18 73 29 64 76 52 10 74 79 4 19 39 61 16 13 31
76 61 18 81 10 82 31 11 37 6 31 3 6 85 49 22 52 76 53 50
79 80 23 96 38 24 58 70 89 72 28 66 91 34 76 51 2 79 60 77
31 10 38 96 8 23 80 15 98 57 43 46 35 53 40 46 89 61 69 89
70 75 70 74 36 22 48 41 42 6 67 3 13 83 3 69 51 76 83 48
27 84 69 34 24 82 27 56 90 93 3 13 61 38 33 36 43 97 53 46
24 7 75 59 38 36 56 74 59 65 24 7 16 52 27 25 90 42 13 87
41 7 11 47 75 30 96 93 21 7 90 50 97 78 71 41 30 49 91 11
18 16 23 96 93 93 46 5 7 45 38 43 83 55 78 83 58 70 85 71
