50 10
20 33 4 87 79 82 84 61 76 67
16 58 27 86 87 81 91 58 75 48
22 36 18 76 88 74 95 61 67 60
25 36 26 90 79 80 89 61 72 51
37 51 16 69 90 65 95 47 66 61
34 36 23 78 80 91 97 41 60 71
53 46 25 76 83 80 95 67 46 40
23 52 15 85 87 89 93 48 59 54
45 46 13 90 82 89 88 58 67 50
48 56 7 77 71 76 98 52 66 49
28 44 14 76 77 95 90 55 68 63
22 59 7 61 82 77 91 77 58 66
27 28 13 72 80 60 88 49 68 60
28 36 10 56 82 85 91 63 62 64
25 24 17 74 88 89 89 71 51 56
40 46 9 85 92 78 95 45 57 56
37 46 16 91 84 82 92 66 85 58
37 20 17 77 78 77 91 64 81 71
40 47 18 60 88 89 83 53 53 45
33 45 10 84 79 78 87 67 55 44
32 28 16 76 84 84 87 55 78 69
16 57 12 71 86 91 72 56 61 64
22 50 6 78 75 78 89 38 64 55
25 30 6 81 82 83 86 74 66 49
45 37 21 73 81 85 73 55 70 52
24 34 31 75 93 77 93 56 59 59
34 46 13 79 62 84 91 70 67 53
13 51 12 80 81 88 93 75 74 52
32 58 12 78 88 81 93 70 50 37
38 29 7 72 79 83 94 57 78 60
24 34 16 73 75 77 95 53 67 76
35 45 20 68 77 77 89 56 49 52
25 40 20 83 80 75 89 48 70 49
15 41 13 82 78 85 90 72 81 50
26 45 17 78 82 85 94 40 56 68
19 42 21 76 80 86 85 59 63 48
33 30 11 69 85 83 93 46 57 75
27 21 10 71 74 80 85 44 73 61
48 46 12 72 71 74 83 43 71 60
41 67 10 75 72 83 89 71 65 66
33 46 16 74 85 89 93 59 67 45
38 70 21 83 86 88 91 47 68 53
22 30 10 66 76 80 91 68 69 53
16 50 22 91 67 72 83 53 54 72
22 34 11 76 80 71 93 48 83 77
24 38 18 86 85 92 96 40 78 35
30 39 6 75 80 79 85 59 45 59
41 39 9 85 88 87 97 65 73 55
19 47 10 80 90 70 91 56 56 52
23 31 7 71 83 81 75 68 63 64
