100 20
34 34 31 24 31 34 20 48 36 44 53 34 50 26 48 32 35 27 24 49
64 33 60 44 43 55 49 42 51 56 53 47 42 42 40 40 52 23 47 47
84 78 86 46 93 81 96 83 85 88 82 72 91 79 76 68 71 74 89 82
60 54 65 48 73 64 58 55 60 50 52 68 74 70 55 70 42 44 59 70
68 77 65 75 90 64 61 79 70 58 82 71 86 65 48 56 83 73 86 63
13 22 20 15 21 16 24 18 14 21 14 21 7 15 10 7 18 13 19 18
49 59 54 65 51 28 58 69 57 64 54 42 55 48 54 73 47 44 35 50
76 78 70 60 55 71 78 83 78 85 69 66 87 79 71 69 69 74 76 60
26 11 21 13 21 18 18 12 14 14 13 20 14 30 21 13 13 14 17 7
74 76 67 71 79 80 67 72 69 70 78 51 55 68 65 73 74 76 73 70
61 49 40 69 59 57 50 41 46 42 59 58 53 61 59 43 45 59 64 70
96 99 97 97 99 97 98 99 91 97 98 97 98 98 98 97 97 98 96 98
36 43 31 33 32 36 48 34 45 40 29 32 60 31 25 41 27 25 42 41
2 2 2 2 2 2 2 2 2 2 2 2 2 2 2 2 2 2 2 2
85 91 96 88 92 95 95 79 80 90 95 94 93 89 91 88 85 95 94 93
58 51 42 37 52 63 57 57 37 60 59 58 30 38 47 63 50 54 41 49
25 54 28 32 18 25 39 24 42 14 28 35 40 30 55 37 56 35 46 42
26 17 33 45 17 21 30 39 25 38 23 24 20 33 32 58 38 35 29 26
61 73 61 75 84 68 58 68 65 52 65 64 66 72 54 50 65 56 49 57
18 14 13 19 7 9 20 16 9 20 22 19 7 26 20 26 12 11 15 24
33 30 16 21 38 25 41 31 32 42 32 34 25 26 44 36 30 26 27 54
56 83 68 50 52 74 64 69 55 68 66 69 66 75 69 72 77 79 63 63
81 89 71 81 72 84 60 59 77 68 81 82 85 81 57 83 68 85 70 67
86 72 53 56 69 65 69 67 66 68 67 55 60 73 65 71 64 78 71 76
84 63 46 46 57 61 47 31 74 43 65 71 52 71 41 47 64 33 60 44
39 37 29 11 25 21 37 21 30 31 29 34 24 35 26 27 34 43 20 37
84 86 60 83 74 89 78 78 74 74 75 88 76 82 67 79 73 83 88 86
8 16 11 21 19 13 13 10 13 17 17 28 23 14 23 24 18 21 22 11
12 47 23 34 61 31 57 28 53 16 53 49 37 30 29 47 43 24 36 44
44 51 44 61 65 56 60 67 64 70 69 67 48 39 65 63 60 42 57 51
89 92 83 89 92 83 83 96 91 68 80 91 97 92 94 83 90 87 94 94
15 15 13 20 18 15 24 27 17 34 5 14 21 16 20 10 15 21 38 19
56 30 18 43 24 27 49 40 45 30 25 24 46 33 32 47 40 45 37 26
40 40 29 29 36 29 19 22 32 17 38 45 25 20 36 37 62 30 24 16
4 4 5 9 4 15 9 8 12 15 14 12 13 16 15 18 20 15 10 6
36 40 47 53 45 44 44 44 52 43 43 55 30 21 55 38 44 59 50 37
51 30 47 29 59 53 36 51 43 67 52 68 48 37 56 40 71 70 47 51
48 19 43 45 49 41 47 54 39 16 46 35 46 50 29 49 37 45 40 41
68 82 85 80 84 54 82 75 61 51 57 80 75 70 89 80 71 77 71 51
49 27 45 22 49 39 51 41 41 38 44 24 25 35 19 38 46 36 45 37
19 6 26 20 20 14 16 35 21 19 22 20 8 21 14 17 25 18 19 5
39 65 51 57 68 62 57 46 50 52 62 62 38 67 57 66 67 61 51 62
55 66 54 72 43 47 64 43 53 64 28 78 62 79 67 51 64 81 39 66
25 35 13 7 20 7 9 12 19 7 12 10 10 18 14 8 20 14 14 9
87 91 95 80 91 90 87 83 83 82 92 81 88 92 88 92 67 89 89 90
59 74 72 71 60 84 54 55 76 58 59 79 55 69 71 81 66 67 55 69
63 39 43 61 46 52 75 41 48 52 72 44 65 46 66 69 65 40 36 52
73 65 60 62 61 63 67 67 58 52 47 63 60 33 69 49 44 54 46 40
52 45 62 67 85 52 59 67 39 48 42 32 69 49 43 36 42 26 41 42
46 76 63 80 80 58 75 62 65 67 71 58 60 79 62 93 77 78 71 43
39 27 37 33 24 34 35 56 49 46 33 38 33 42 32 30 24 18 21 21
42 40 16 22 37 23 42 38 35 33 39 39 31 24 39 20 24 31 40 35
81 75 67 75 77 79 85 69 75 71 55 87 75 79 85 69 81 61 83 75
33 43 48 34 35 37 70 43 41 43 38 39 36 53 56 59 51 65 42 42
22 26 42 47 51 19 33 20 39 45 24 44 48 45 15 25 33 49 27 35
99 99 99 99 99 99 99 99 99 97 99 98 99 99 98 99 97 99 99 97
11 6 16 12 7 5 13 12 10 19 6 17 18 5 9 17 6 11 7 4
63 52 48 38 41 55 69 55 63 49 61 64 53 81 49 68 72 70 55 67
15 22 16 15 9 12 11 22 20 10 9 7 6 22 14 21 15 11 11 9
86 83 84 78 72 79 69 82 77 79 68 75 72 79 75 73 85 69 84 68
19 6 10 34 7 11 6 5 18 13 13 14 7 8 13 10 18 32 12 9
80 57 78 69 75 73 67 86 85 77 75 58 80 89 67 71 76 70 73 68
90 80 61 92 85 82 84 85 86 78 87 81 76 88 83 78 64 78 73 73
46 37 53 31 62 29 45 44 44 34 37 26 55 25 42 35 37 45 24 42
63 57 55 38 42 47 37 40 50 53 71 46 40 48 50 44 42 29 52 51
53 56 42 25 35 51 40 42 45 58 66 53 41 52 29 58 47 33 37 39
97 99 97 97 97 95 98 97 94 96 97 98 96 95 95 98 98 98 99 98
22 20 38 15 35 15 26 25 20 20 19 14 13 16 25 13 21 10 27 23
29 48 39 26 42 29 37 30 35 20 56 47 22 26 35 41 33 46 29 29
39 46 40 20 37 19 55 49 32 33 32 48 38 19 66 24 31 45 21 43
65 84 62 63 56 56 68 45 51 78 50 62 83 75 69 85 62 74 63 61
47 67 44 38 49 36 47 39 44 69 43 45 33 22 38 54 65 71 50 76
8 5 4 7 17 8 10 5 9 8 4 19 6 9 3 2 10 4 5 6
53 46 69 72 62 72 75 85 78 78 69 58 64 68 71 57 59 49 52 80
46 66 43 54 69 28 54 72 49 49 48 55 55 35 22 50 37 59 56 40
51 38 36 45 50 31 26 51 53 41 33 45 37 52 37 51 47 33 44 51
96 97 95 73 88 95 98 92 98 96 95 93 91 95 96 98 95 90 88 97
80 60 64 72 72 81 66 70 69 81 76 74 79 76 45 70 69 76 70 73
47 43 51 45 55 37 48 58 56 42 60 42 43 40 54 64 39 47 47 43
14 36 24 23 12 22 17 14 17 18 21 20 33 24 15 15 22 33 17 16
70 72 43 53 46 49 59 48 67 50 67 74 62 53 67 61 64 51 25 47
62 60 71 77 47 49 64 67 58 62 63 85 72 79 72 63 59 49 60 50
32 43 24 29 33 25 41 19 27 32 34 36 51 45 20 60 37 38 28 45
33 34 32 60 55 37 32 43 34 30 50 25 41 30 43 27 36 34 32 42
18 16 31 15 12 11 9 17 18 29 24 9 9 4 11 10 16 7 24 32
93 98 97 98 99 97 98 96 98 98 97 97 97 96 97 99 98 90 96 97
71 51 76 68 79 75 67 65 47 68 72 74 70 70 71 76 74 77 77 62
85 81 76 82 80 88 85 91 77 65 88 85 88 91 79 66 94 89 79 76
2 4 2 2 5 2 3 3 6 5 3 6 3 7 4 4 3 2 3 4
95 94 95 96 98 97 97 94 97 94 95 97 93 97 89 97 96 94 97 98
47 62 68 72 64 43 48 43 67 78 72 62 47 49 37 56 50 57 71 58
21 28 14 13 11 25 22 43 21 16 15 20 40 29 27 27 26 36 16 18
23 27 29 10 31 22 39 26 24 24 38 29 34 38 23 34 52 16 27 30
10 34 22 22 16 30 37 22 13 44 15 38 14 26 36 34 13 41 17 40
3 5 11 3 5 5 8 3 10 5 10 10 2 4 13 3 9 7 6 7
78 33 66 75 43 55 60 55 66 36 50 53 65 78 63 49 69 48 49 72
94 85 80 96 79 92 85 91 94 92 90 97 91 78 86 92 95 92 89 87
40 47 25 20 28 31 41 32 39 38 41 54 41 38 40 26 32 60 47 21
29 25 34 47 31 27 34 31 29 30 26 27 30 16 35 22 29 44 24 35
91 93 95 94 95 90 92 95 85 87 70 89 95 82 80 86 90 92 96 95
