50 10
90 83 97 49 32 60 4 11 33 50
67 70 83 83 43 49 21 21 20 62
39 82 14 41 70 15 58 61 72 60
85 3 22 72 95 7 89 80 75 42
87 73 22 49 34 96 99 4 71 41
63 38 35 37 24 81 49 56 94 87
3 25 64 56 52 27 39 23 7 31
73 12 24 94 73 13 66 93 7 97
72 25 18 88 49 89 85 40 92 18
53 56 50 58 69 65 50 65 26 70
35 60 49 78 25 17 17 97 36 41
97 46 53 33 73 83 91 79 65 25
74 61 65 36 22 4 31 72 72 23
47 70 22 49 63 99 86 74 48 63
30 36 87 31 17 62 66 89 49 53
6 40 49 30 78 45 54 28 53 69
53 37 63 63 20 61 44 29 65 19
11 44 46 91 37 34 25 84 70 46
14 91 45 4 25 93 41 58 14 42
35 8 4 71 85 26 8 29 57 91
3 76 28 17 27 65 79 59 86 55
23 34 70 78 40 98 23 72 58 30
47 29 51 91 28 52 48 23 92 78
51 51 23 33 56 8 46 20 30 16
87 56 81 55 84 92 4 31 98 73
62 13 22 48 86 16 43 76 31 32
84 78 72 67 21 98 85 25 50 21
82 70 3 61 36 6 73 59 28 89
11 48 69 19 76 35 39 93 91 92
5 8 46 17 40 4 31 68 77 56
47 42 81 8 26 16 61 2 54 85
66 7 55 79 4 73 3 86 51 81
51 52 92 13 54 58 2 46 57 76
81 48 89 17 40 14 71 78 29 22
27 82 39 52 84 21 45 94 6 48
37 56 24 99 92 95 87 22 83 67
28 91 12 53 77 84 76 88 11 57
38 43 91 81 21 86 23 95 25 80
19 16 44 27 51 79 76 88 16 98
4 54 42 91 5 68 83 76 73 87
41 66 41 73 18 96 18 37 22 25
98 94 63 88 99 34 51 25 86 2
45 33 96 13 4 65 16 87 37 85
72 13 12 79 96 58 35 24 31 94
6 92 81 59 63 80 10 46 61 83
3 92 74 73 22 19 51 64 36 69
16 60 17 89 12 53 84 11 87 78
67 11 27 72 17 47 68 6 51 61
97 68 61 57 4 27 22 72 61 25
11 77 21 65 86 42 26 73 12 89
