200 20
30 76 6 33 21 49 59 95 32 2 85 16 84 49 59 34 83 27 49 28
89 98 64 89 65 93 99 78 15 36 29 12 40 68 77 31 46 99 86 36
18 5 3 94 35 18 33 37 3 99 86 70 27 36 53 14 45 81 23 31
70 75 51 10 23 14 78 57 12 74 22 28 77 6 81 32 73 29 83 65
34 25 40 99 41 98 18 55 57 73 8 53 23 47 8 99 93 83 27 93
8 63 46 69 47 87 37 88 30 38 78 76 18 25 98 50 80 56 8 96
10 48 53 44 63 98 93 74 53 34 82 74 86 95 36 84 2 22 78 45
25 24 57 22 68 97 27 54 28 34 42 11 93 94 82 86 73 82 77 38
8 14 22 21 13 68 58 35 52 46 17 94 36 85 27 54 60 8 14 56
99 87 93 8 48 83 85 68 96 93 33 75 42 41 53 57 79 85 69 3
53 45 10 16 3 9 51 42 3 65 6 56 26 57 46 32 60 46 7 31
17 35 76 51 59 72 35 90 88 74 32 21 55 33 55 21 66 82 57 44
41 21 40 4 29 91 27 70 27 27 11 7 19 17 57 20 17 66 70 13
41 93 88 45 67 4 45 2 30 7 65 34 38 98 57 35 18 90 15 10
29 55 55 30 92 2 58 50 18 21 43 74 9 48 87 2 29 23 42 35
12 69 32 12 41 23 21 97 24 33 66 47 27 72 15 85 57 91 73 85
26 11 52 88 87 56 9 38 59 23 82 65 82 26 11 17 84 38 30 90
60 95 97 42 2 66 90 6 95 3 52 4 79 74 57 33 41 73 49 45
14 79 34 9 42 72 55 51 11 7 72 35 99 45 66 77 77 38 33 82
76 38 58 45 42 84 23 57 47 51 84 36 95 99 66 68 93 15 39 95
64 60 8 97 30 23 33 59 94 51 29 25 88 24 27 53 79 16 24 38
39 12 47 24 76 76 76 9 34 88 35 5 32 55 41 92 21 51 97 14
83 28 6 80 20 16 94 93 33 31 42 37 55 42 96 27 45 39 6 81
41 48 4 58 24 2 29 51 20 93 21 19 97 73 37 18 4 3 38 57
80 63 29 31 37 29 59 28 45 81 3 86 36 67 6 66 59 16 57 34
87 84 85 18 81 11 98 22 79 52 76 94 31 25 3 91 82 14 98 92
84 86 25 20 5 31 80 4 31 10 24 63 41 19 45 30 43 58 60 5
98 77 67 79 90 81 11 41 67 83 93 70 88 98 29 8 78 68 72 96
9 11 2 90 83 16 85 74 39 18 16 28 63 56 55 93 69 20 69 30
57 91 47 69 23 56 14 20 7 85 2 66 92 33 56 15 54 43 71 95
26 92 77 32 74 39 75 39 93 31 54 40 84 96 69 34 53 99 13 21
52 85 9 59 57 86 89 63 90 48 38 3 76 43 51 11 70 4 42 90
2 49 95 34 21 34 75 80 75 54 75 16 43 62 49 78 17 11 56 61
67 85 34 52 47 16 81 48 5 54 57 95 36 12 14 70 98 23 48 5
58 89 64 80 96 53 2 30 54 23 72 31 32 88 72 57 79 71 8 41
70 5 52 90 45 96 25 67 74 50 16 98 74 44 73 24 75 55 67 61
88 70 93 28 4 50 38 85 29 97 26 35 8 59 32 23 3 16 71 5
37 54 13 9 54 41 51 98 96 19 59 52 22 25 47 77 72 61 72 75
35 69 86 38 59 17 83 46 4 92 83 32 55 17 76 55 77 10 75 14
36 95 72 89 15 19 65 95 20 52 68 42 88 75 45 31 99 65 54 9
20 76 21 74 23 18 67 51 14 42 94 73 6 93 63 39 84 92 60 73
30 3 2 62 57 79 59 77 86 95 22 6 96 41 8 89 93 11 62 21
11 81 16 56 76 66 26 96 23 56 27 89 38 41 90 61 27 31 3 20
23 51 91 35 38 76 81 79 43 26 20 22 25 28 35 31 88 83 85 97
73 33 80 38 6 89 27 44 61 35 39 44 17 22 70 54 70 26 79 62
25 51 44 94 6 84 53 28 5 89 3 53 83 63 4 15 16 23 23 87
18 42 50 75 64 13 11 90 84 60 82 63 71 72 17 43 77 9 93 89
35 75 80 78 19 73 30 18 85 32 6 8 35 17 12 38 85 66 67 10
93 70 6 59 15 33 31 61 7 60 74 42 17 51 99 42 76 48 46 10
33 31 84 64 8 32 25 74 21 81 79 55 40 80 70 26 65 85 38 26
64 41 85 26 18 42 47 85 84 44 35 4 18 68 83 83 37 16 32 67
57 66 56 32 77 80 53 96 81 35 83 95 28 55 98 54 88 20 73 65
15 65 57 70 98 42 54 7 51 81 50 81 96 84 86 17 77 58 33 95
9 70 82 74 9 6 16 97 41 51 49 70 36 26 85 83 38 16 21 6
29 55 14 67 81 9 8 78 63 32 38 70 24 30 68 8 97 62 4 77
80 3 77 24 58 80 97 44 32 36 15 50 61 14 15 85 81 73 65 5
8 2 33 17 33 35 58 57 44 12 20 3 60 23 18 92 27 79 82 31
72 74 39 50 60 45 95 95 53 72 30 48 61 7 33 3 35 9 45 95
67 7 80 6 47 98 15 7 88 46 32 32 93 17 13 43 56 12 74 38
44 67 29 14 16 37 84 23 49 36 7 91 61 24 13 57 89 71 70 75
9 9 56 50 54 49 49 50 58 70 68 59 83 70 24 28 38 96 9 17
75 22 7 48 35 78 20 93 33 32 29 5 53 39 45 48 75 23 28 66
43 17 63 99 50 56 55 81 84 47 44 20 9 27 31 23 56 78 17 69
66 22 91 82 51 28 13 25 88 35 16 31 26 12 47 99 26 53 84 93
92 97 16 43 39 3 32 51 62 45 59 34 98 6 55 20 75 60 39 25
87 17 8 28 29 98 43 24 57 30 3 75 64 20 38 90 21 85 65 60
58 65 33 82 26 46 65 64 53 43 35 22 3 7 89 70 64 53 38 29
70 93 56 27 88 95 43 3 32 57 61 41 21 69 51 96 6 84 71 12
97 70 21 95 93 15 27 66 23 6 80 63 52 65 28 53 54 71 37 61
5 42 46 55 29 22 56 97 18 36 71 5 86 35 30 21 4 41 53 58
83 14 56 38 26 24 23 75 24 57 74 81 96 43 99 77 37 59 66 66
37 56 83 42 38 19 97 32 17 55 72 34 25 95 79 41 21 40 11 15
62 7 37 51 25 81 82 84 25 85 68 61 12 54 88 81 79 23 90 95
28 13 12 40 21 96 19 70 83 91 99 24 31 74 8 9 24 3 65 96
30 51 78 45 53 91 26 25 69 84 11 9 19 21 64 2 19 23 56 14
18 23 4 53 79 53 29 67 61 90 73 41 51 77 49 26 98 92 90 38
20 44 87 94 76 30 58 24 81 10 78 72 99 4 34 28 35 62 24 85
34 66 98 94 85 93 15 63 25 39 84 32 38 35 54 25 22 14 33 41
28 45 35 16 2 21 80 67 21 39 75 53 81 85 16 45 51 29 62 79
88 79 36 40 85 64 59 42 48 92 61 52 56 48 64 82 82 32 34 12
58 18 15 74 74 93 96 72 49 68 16 42 92 21 63 79 21 67 51 93
74 84 56 91 20 80 95 43 61 52 21 11 65 59 49 74 14 19 66 25
71 39 90 27 17 61 88 45 91 24 40 71 31 8 24 8 80 15 89 67
81 30 32 87 97 51 91 51 22 32 71 26 62 70 36 87 75 10 59 91
30 80 51 28 42 72 68 64 92 16 33 67 60 17 58 33 11 37 93 74
55 39 80 12 30 5 14 49 14 81 84 21 27 22 72 77 24 56 54 8
57 57 29 80 69 12 43 6 63 73 62 69 42 72 5 43 27 43 14 70
82 80 36 21 16 70 24 34 52 77 62 69 23 73 44 93 56 23 31 96
75 22 47 37 71 61 95 85 52 42 76 80 6 4 56 16 97 62 39 5
80 13 26 40 23 42 40 73 73 25 82 62 7 28 34 86 39 41 92 3
49 86 95 20 26 65 52 79 77 79 63 21 5 29 47 76 43 43 20 60
11 79 36 73 93 48 76 60 23 24 72 47 67 47 63 31 89 97 82 31
19 69 66 80 13 87 99 46 25 97 38 92 47 68 18 95 96 26 82 27
81 28 49 65 78 80 38 43 30 57 71 53 40 62 39 52 72 76 66 53
36 46 87 6 82 66 71 53 46 80 43 63 57 13 46 14 38 38 72 61
92 8 97 95 84 32 4 51 17 53 31 46 88 13 5 3 74 97 31 25
56 70 22 76 29 26 88 96 40 81 95 69 59 88 41 4 34 79 78 50
36 52 73 48 78 33 43 51 84 43 81 24 74 49 88 32 4 21 60 79
86 84 39 8 87 19 68 62 94 34 2 67 56 30 84 22 55 85 7 8
39 93 63 94 58 61 16 64 63 92 41 68 37 17 37 91 27 74 94 20
42 58 13 34 72 10 95 48 15 30 85 15 36 94 45 36 51 28 62 98
84 63 77 78 3 16 6 64 92 55 81 33 94 58 41 14 77 75 64 85
3 78 74 89 16 45 50 37 91 83 2 91 19 87 5 3 15 44 60 25
16 24 97 12 98 74 29 10 99 66 91 61 72 11 35 22 98 81 34 84
52 3 52 29 99 39 44 30 82 65 59 35 66 63 65 39 89 73 29 52
23 26 96 87 75 75 64 74 93 21 76 96 81 78 95 86 2 29 37 91
47 53 18 66 18 84 37 78 19 42 87 98 19 14 55 42 52 16 69 13
16 72 28 31 93 50 78 44 69 45 72 81 87 34 50 3 26 13 93 41
50 41 20 17 94 24 61 11 84 21 96 31 39 60 71 58 9 56 99 52
30 99 24 36 97 71 68 11 2 31 13 19 57 82 26 71 52 15 41 10
48 58 52 17 14 52 90 37 80 13 52 3 80 83 21 64 15 58 86 86
79 93 26 88 48 38 89 93 73 38 20 25 23 75 3 22 83 89 4 71
22 2 64 37 2 13 89 18 48 65 88 12 69 68 75 24 31 64 50 73
28 31 75 14 70 91 70 98 83 66 86 76 71 83 68 15 12 43 54 66
58 96 84 90 58 40 57 47 43 91 27 3 99 73 71 30 10 89 6 76
93 7 20 53 83 93 34 96 47 98 94 37 71 14 58 11 3 7 42 18
90 46 69 13 18 18 97 95 26 7 47 9 20 11 43 62 24 43 49 24
35 96 60 86 63 30 65 64 9 99 69 72 49 90 15 25 21 57 54 46
88 42 49 84 31 22 11 79 68 71 10 37 72 86 30 83 68 87 64 5
79 61 81 94 61 84 87 79 67 7 25 74 44 99 8 33 71 57 40 86
65 96 85 60 7 67 86 85 69 59 95 94 61 44 37 74 47 4 17 35
33 97 63 56 37 48 90 6 94 74 62 68 91 72 29 54 19 4 17 47
17 12 88 50 5 51 23 31 49 36 19 6 86 13 43 68 75 88 13 79
29 55 76 68 61 83 53 69 83 24 34 53 86 62 51 36 99 10 12 19
70 78 15 29 93 60 17 82 58 10 79 7 26 49 49 37 28 80 58 63
86 15 56 11 35 68 82 61 14 65 47 28 66 39 83 61 32 34 71 65
88 75 6 44 56 99 6 92 72 28 42 2 89 81 27 51 14 90 87 23
31 3 17 52 49 58 73 51 41 75 49 74 10 42 31 63 15 87 74 52
5 43 63 78 15 93 23 28 49 9 89 33 49 81 24 67 85 59 17 14
30 96 86 84 90 25 17 15 53 30 49 3 60 42 43 41 36 31 17 63
51 81 29 44 64 63 85 39 38 17 86 70 72 56 84 59 50 31 4 52
87 50 24 31 67 80 40 41 30 3 71 20 13 22 68 46 74 81 38 16
64 52 88 91 57 80 93 89 10 71 45 67 33 93 88 66 45 79 29 90
27 94 35 21 11 40 76 69 42 39 56 10 11 22 84 36 20 15 79 23
36 14 44 73 91 73 17 4 35 80 63 86 20 80 30 71 95 13 34 67
70 80 33 99 36 56 96 73 81 74 49 62 19 87 93 52 57 34 38 99
31 31 35 91 3 89 80 7 69 29 96 27 36 8 56 11 64 4 84 80
5 69 93 52 48 70 39 2 17 62 82 39 65 37 19 11 74 39 22 95
32 27 15 31 78 76 63 83 89 53 43 38 53 3 7 19 16 39 47 2
72 33 10 77 32 60 58 30 80 76 41 64 86 91 12 15 49 40 16 7
62 49 48 17 79 44 53 50 96 74 50 26 37 6 68 43 22 5 18 84
74 70 48 25 62 75 43 6 5 38 72 81 85 26 90 4 27 44 17 81
29 90 29 28 6 18 43 97 86 18 95 87 36 45 83 54 55 94 24 27
46 62 33 24 12 79 46 46 98 8 60 65 78 37 80 52 12 23 63 86
94 71 11 66 40 45 74 81 43 47 20 73 96 35 75 42 20 15 88 2
36 48 42 87 58 41 67 14 64 43 50 89 46 81 21 70 63 94 97 74
8 76 3 87 95 38 52 13 46 15 60 91 8 31 23 38 91 17 81 89
29 82 4 68 91 47 54 18 2 52 76 11 28 14 72 76 30 15 20 54
35 51 71 15 36 13 78 5 42 2 20 22 38 5 30 88 40 22 76 86
71 87 15 80 8 6 30 95 55 35 25 23 75 54 7 30 78 82 8 76
23 10 8 27 74 46 30 59 61 58 78 98 28 14 60 70 71 7 87 22
2 57 65 14 65 85 98 92 29 72 6 49 65 32 90 34 40 52 84 2
47 29 62 88 67 62 54 94 34 77 82 24 5 86 33 43 66 63 13 53
37 56 88 20 43 45 34 19 73 3 39 51 71 65 9 91 95 85 2 78
84 73 24 50 76 49 99 5 44 95 40 5 87 64 29 2 82 22 30 96
42 62 72 86 72 65 27 99 77 27 24 8 22 40 3 78 75 28 12 19
60 21 95 82 29 69 63 54 99 3 10 44 75 78 26 7 72 48 43 71
90 4 2 74 47 12 61 55 25 34 78 35 68 16 97 51 89 3 33 90
7 71 46 15 12 41 11 96 52 37 67 80 31 96 9 90 93 16 81 90
27 20 65 37 83 39 43 31 2 82 78 98 27 73 61 69 34 8 73 72
36 95 25 51 74 93 84 9 25 29 4 19 40 24 92 50 58 55 80 16
45 2 30 16 30 93 40 41 64 8 52 66 87 7 94 82 67 91 20 46
50 58 27 4 33 40 7 61 28 88 46 78 52 49 64 19 98 57 29 25
54 87 58 9 17 8 84 16 24 68 50 20 87 44 25 91 70 36 33 60
70 34 24 20 24 71 21 24 67 37 70 9 14 16 25 85 42 54 89 84
78 92 63 63 3 7 11 18 21 49 39 37 32 64 58 71 80 90 95 74
11 88 53 20 73 43 94 93 82 57 45 28 92 25 81 39 59 26 27 63
86 76 5 35 91 47 39 48 18 10 76 33 9 23 33 54 35 8 85 39
3 9 22 55 92 72 93 57 74 64 12 24 81 61 50 84 19 80 73 8
2 19 86 35 10 13 67 62 43 48 61 22 24 75 96 91 41 91 28 8
25 15 22 79 13 96 79 40 93 62 33 56 70 64 92 61 75 11 10 55
12 94 18 58 70 41 91 19 33 84 70 67 56 86 30 85 95 70 88 31
78 73 41 28 39 14 48 18 81 84 32 52 41 46 86 25 96 98 16 52
66 63 72 46 17 35 65 88 83 75 84 9 40 92 96 95 87 75 36 82
30 20 59 14 74 56 49 70 65 83 81 98 41 35 33 67 60 49 84 9
71 99 97 53 38 63 23 96 88 59 83 57 27 67 78 7 91 62 77 15
66 6 3 42 33 90 94 17 23 90 84 73 58 17 2 24 39 58 26 77
40 78 66 11 44 44 40 65 35 3 93 74 28 30 96 68 94 59 16 46
70 82 37 10 22 16 8 98 8 12 65 59 53 97 57 79 10 7 59 84
24 72 87 38 54 17 19 76 67 40 6 40 82 7 33 43 24 29 28 84
46 57 58 53 97 66 6 33 50 36 75 72 89 77 24 15 65 18 7 43
26 62 57 66 87 15 78 26 65 23 66 88 38 7 75 61 76 19 46 55
9 88 47 12 24 38 75 59 15 47 76 21 37 7 49 68 87 40 45 54
72 30 19 33 57 89 53 70 17 28 15 66 95 22 55 65 76 99 36 47
4 32 27 5 84 30 14 88 60 45 84 12 12 13 28 77 83 25 42 6
17 28 29 73 6 74 72 23 88 70 30 24 68 9 87 70 36 53 62 89
3 67 82 70 23 21 44 32 9 66 11 43 22 84 73 61 2 58 54 45
50 90 19 91 31 39 50 39 53 4 30 72 47 76 55 88 5 12 75 63
8 95 55 35 18 76 19 31 7 14 64 37 36 86 42 3 70 90 21 67
89 98 20 57 23 10 90 11 29 66 69 96 5 89 26 68 65 69 78 48
4 94 58 79 60 15 29 76 44 66 15 98 7 56 15 23 44 66 7 31
59 99 84 85 20 18 44 74 22 31 45 88 81 25 45 14 57 27 77 10
38 70 97 40 42 91 49 25 93 56 81 52 58 98 23 48 18 6 57 60
24 14 12 52 88 44 4 91 39 19 18 62 32 33 84 7 90 19 5 92
26 51 44 61 57 29 39 70 25 2 15 82 84 10 76 41 83 33 54 19
38 99 71 42 84 96 5 25 58 40 33 9 52 60 64 8 23 62 77 10
66 34 72 11 95 16 82 79 87 71 3 99 55 73 47 15 67 23 59 98
69 29 55 10 99 52 8 62 41 8 20 87 74 85 49 48 9 10 56 8
75 13 59 9 92 50 2 66 34 17 46 95 55 56 88 22 66 78 49 49
17 51 80 15 43 89 23 40 58 80 98 46 74 16 6 65 76 84 58 35
