100 20
54 86 44 21 46 41 9 79 95 21 95 61 91 14 76 83 45 88 75 85
70 78 71 29 35 25 9 89 97 24 92 47 90 11 68 48 54 87 44 94
83 88 54 25 26 19 17 72 93 19 91 77 96 12 83 42 47 85 67 88
63 75 60 9 71 49 12 80 93 14 87 46 91 10 58 64 31 81 47 95
72 86 69 11 25 26 16 91 97 17 86 70 79 11 86 68 57 82 69 92
73 60 54 26 49 30 17 75 81 30 95 53 96 9 71 60 55 86 53 88
71 71 45 22 42 30 15 79 87 17 92 45 91 15 82 64 46 81 80 95
63 67 49 15 47 27 8 69 97 13 82 72 94 8 85 48 58 90 73 92
58 78 47 17 18 27 14 88 93 29 59 64 87 14 75 48 25 90 74 94
60 59 63 15 47 49 13 90 90 24 80 62 89 6 74 60 47 80 71 85
63 76 51 12 40 42 21 74 94 26 89 85 83 24 84 75 26 78 69 91
76 86 42 18 42 13 15 75 96 16 90 51 89 5 80 71 39 91 50 89
55 79 46 10 31 26 11 78 92 17 88 60 95 21 68 71 57 86 74 89
72 90 45 14 31 38 20 78 93 13 87 72 92 9 63 63 59 92 68 88
57 63 43 24 44 34 18 86 94 18 91 66 96 11 79 59 36 84 57 93
60 71 38 19 50 45 21 83 93 27 88 46 92 11 77 58 30 88 83 94
77 78 51 14 27 42 29 71 98 13 92 55 93 10 78 65 50 90 76 92
70 73 44 22 38 52 16 76 96 19 83 67 94 8 79 69 33 89 61 88
87 84 64 21 65 41 16 67 90 21 83 46 95 10 79 55 44 88 51 83
66 84 39 22 48 32 7 79 94 22 86 59 88 13 84 64 55 80 52 93
69 77 47 14 49 55 21 74 98 19 93 60 84 16 76 68 30 87 81 92
81 90 50 9 53 46 14 72 94 26 86 46 88 9 65 51 49 85 46 90
69 64 44 7 54 17 22 78 91 20 85 69 93 8 69 53 18 82 67 91
78 76 48 13 50 64 15 80 91 24 86 58 75 9 71 44 41 83 46 86
76 78 51 18 56 36 14 79 93 36 89 27 92 7 54 49 40 90 68 88
41 69 42 21 42 26 9 82 95 22 85 72 90 3 81 71 25 94 56 91
91 79 45 32 49 32 13 60 87 26 94 52 84 7 70 66 49 83 65 88
71 72 40 14 31 39 12 77 93 25 81 60 91 6 72 52 37 78 46 94
77 76 63 14 20 33 20 85 94 17 95 54 87 6 63 64 44 92 65 83
79 83 41 7 46 31 26 70 90 14 77 51 86 7 78 52 57 83 69 97
62 57 57 19 50 25 24 75 98 43 86 62 88 9 88 75 31 82 55 94
76 89 35 24 51 42 16 82 90 20 94 43 76 14 76 58 50 87 80 71
53 68 43 12 41 24 26 81 97 24 97 58 93 17 76 65 39 89 83 90
76 78 54 17 46 40 9 77 92 17 92 48 97 11 86 65 34 88 63 88
78 85 51 18 48 48 12 88 97 19 77 64 88 11 52 36 40 95 85 92
65 87 43 13 39 33 15 80 95 30 92 57 90 16 68 38 37 80 75 87
62 64 66 14 48 41 16 92 98 25 87 58 92 11 86 68 41 95 60 93
52 78 54 21 44 49 16 71 94 26 92 49 81 6 85 67 40 88 49 90
74 69 53 19 39 24 19 81 95 24 76 43 97 21 68 66 36 90 56 95
80 87 61 14 57 48 12 74 95 23 90 52 95 20 73 70 48 93 60 93
88 67 30 17 46 21 7 88 94 26 88 55 91 11 71 42 35 88 63 89
65 64 73 10 41 38 8 79 92 34 94 63 93 5 73 61 33 86 75 82
74 79 46 17 36 42 14 75 98 45 83 66 96 21 84 57 48 95 66 84
76 56 37 11 55 31 7 68 96 10 90 25 92 8 66 75 30 92 73 80
82 83 77 13 56 34 30 88 92 13 93 54 89 4 72 42 64 91 68 92
73 86 52 12 21 24 11 79 86 18 91 64 94 9 88 43 29 91 70 81
56 61 44 19 61 17 10 56 92 26 85 52 88 10 80 50 52 72 53 84
66 81 62 12 55 34 23 78 95 15 89 46 89 9 87 74 28 96 53 84
57 87 60 11 60 45 5 71 95 22 83 73 92 13 74 48 35 87 64 76
77 84 59 19 35 47 22 68 91 15 98 64 93 26 61 40 61 86 50 96
79 71 57 17 61 34 6 76 87 25 87 41 92 9 89 56 47 84 70 95
67 79 70 17 57 28 14 81 95 7 91 59 78 11 79 53 49 89 46 79
62 91 35 17 44 34 14 76 93 12 67 78 86 13 77 68 35 87 60 87
79 91 62 19 23 25 17 71 91 20 90 50 94 9 73 65 31 80 74 93
38 81 32 27 22 27 28 61 88 22 74 52 92 7 85 55 31 88 67 86
65 86 60 17 50 39 22 72 93 5 78 66 92 11 80 55 24 84 70 85
86 80 52 25 72 41 12 90 95 26 85 66 96 12 88 60 44 88 55 78
77 87 55 9 34 36 8 83 91 18 82 59 79 7 80 56 45 67 74 93
69 81 43 23 44 30 13 89 95 16 93 64 91 23 87 72 40 68 80 89
52 57 40 14 37 17 19 77 94 26 95 86 91 9 86 65 44 85 59 90
87 68 66 13 73 24 23 81 96 32 83 61 93 12 90 67 55 82 63 91
78 64 44 19 50 35 8 76 94 12 91 72 88 11 81 64 53 82 38 82
82 88 37 25 30 40 5 82 92 38 88 65 87 3 82 67 39 84 46 87
67 81 62 21 48 35 12 84 97 17 73 70 90 6 84 68 23 88 69 89
90 74 48 13 27 42 22 79 93 33 85 52 90 7 76 59 49 73 49 93
70 73 33 11 39 16 16 67 97 29 84 61 89 9 78 70 26 93 60 91
67 81 72 13 50 33 27 64 93 17 96 58 95 10 81 54 58 86 53 94
81 68 39 12 31 49 18 67 98 15 90 68 89 8 76 60 48 78 81 90
61 86 55 9 61 44 12 81 93 25 88 67 89 10 65 55 52 78 82 89
64 77 39 29 47 26 17 77 98 17 90 75 93 6 87 69 20 91 59 94
49 80 44 8 28 34 15 77 94 8 93 65 92 14 69 70 27 94 51 88
74 79 40 13 37 32 14 85 95 21 85 49 92 25 77 45 66 96 64 92
55 66 35 31 39 46 11 71 93 28 87 79 91 13 77 51 54 93 65 88
76 86 66 16 58 30 13 57 91 17 93 61 87 9 91 60 53 93 65 94
79 93 61 12 43 42 19 82 96 32 94 69 94 8 89 76 70 81 75 83
71 93 39 12 65 23 8 69 89 24 88 70 93 10 90 68 29 85 71 91
68 73 49 17 58 40 28 90 95 18 82 49 93 18 89 74 56 91 41 96
78 87 65 10 50 33 7 81 83 21 92 59 79 13 85 62 18 52 81 78
55 59 44 6 45 36 17 77 95 27 97 66 90 16 89 55 34 88 58 77
75 74 62 17 62 53 12 92 93 42 95 68 81 21 79 64 30 94 49 92
68 64 48 16 36 56 22 66 91 22 80 59 92 12 73 43 59 64 51 82
78 73 51 16 63 22 14 57 94 31 87 57 89 8 77 76 41 74 76 85
74 82 54 24 40 21 13 74 94 16 92 50 94 16 88 70 40 88 47 97
72 75 59 5 32 47 7 79 90 7 83 69 95 12 83 67 55 82 71 86
78 82 30 24 42 37 20 81 94 30 90 70 88 10 65 54 38 91 71 88
76 72 62 24 58 41 15 71 95 27 71 47 85 16 82 77 31 87 84 94
84 72 49 17 60 29 16 79 97 23 88 64 91 12 88 54 49 97 61 86
75 79 53 21 39 42 17 76 96 16 86 51 91 13 88 62 43 86 65 91
85 64 55 8 34 40 9 76 93 33 88 56 88 16 67 55 39 79 63 94
71 81 34 18 43 47 16 81 93 14 94 42 84 10 78 64 31 92 54 90
82 81 65 12 61 33 26 69 94 16 81 60 90 10 87 65 55 97 63 88
74 78 45 16 59 32 16 83 89 15 86 64 83 27 84 73 42 93 76 80
75 61 44 9 37 22 5 85 96 19 95 71 93 13 58 60 44 85 72 91
79 89 54 38 63 44 24 59 92 39 93 54 93 19 71 65 41 86 39 88
71 75 63 23 32 32 14 80 95 22 78 68 85 14 91 73 42 97 50 95
67 86 17 8 27 17 18 83 94 17 93 53 86 15 70 62 49 92 57 91
65 82 58 23 60 47 7 92 92 45 86 55 91 6 83 61 44 82 57 89
79 69 51 24 37 28 12 77 96 22 80 51 98 12 86 57 35 84 70 87
87 86 54 16 65 45 17 80 94 17 85 61 90 14 84 65 46 91 72 95
65 67 22 14 29 16 18 94 96 21 76 71 95 8 57 68 50 80 61 87
