200 20
98 76 57 73 88 87 4 98 35 6 53 37 17 21 13 7 86 38 37 19
96 45 60 72 94 90 8 99 43 4 66 39 7 14 21 9 91 43 39 24
86 69 20 90 88 84 8 99 54 3 42 68 12 16 19 14 83 46 52 18
93 62 45 63 88 77 8 98 28 4 59 56 29 16 17 10 80 41 40 36
95 69 47 88 84 90 6 99 45 5 71 31 9 7 13 8 87 26 44 8
92 72 55 76 90 75 9 98 49 8 56 24 30 31 14 15 86 48 54 20
95 71 48 78 89 79 10 97 33 6 38 57 11 11 13 17 83 28 51 11
94 83 59 69 75 86 3 99 46 4 49 30 19 16 28 16 85 48 46 18
97 72 40 75 82 76 6 99 17 5 38 68 16 24 9 9 77 43 65 27
92 68 42 79 90 73 9 98 26 7 38 38 12 14 9 18 92 40 36 18
88 62 42 59 90 78 4 98 35 3 44 33 12 14 25 45 79 41 48 33
95 79 46 73 90 86 5 99 50 9 28 68 14 17 16 9 84 50 33 10
96 65 48 70 96 73 8 99 31 20 52 42 23 36 18 34 81 45 45 10
90 83 64 83 90 80 5 99 46 9 71 48 14 18 11 9 90 36 34 28
95 53 48 87 88 71 2 98 46 9 51 39 11 20 13 15 87 46 44 17
92 81 41 84 91 84 8 97 49 10 37 41 16 19 19 16 63 40 44 20
98 66 58 70 75 88 3 98 44 5 43 43 6 10 37 18 86 52 68 16
94 74 39 65 96 90 8 98 67 11 37 38 13 18 14 11 94 30 46 35
81 56 59 71 85 71 5 99 43 5 39 33 25 22 13 11 77 19 49 21
85 69 35 76 95 70 5 99 38 10 39 46 9 8 14 14 81 53 61 24
93 65 40 75 91 78 4 98 34 6 59 44 14 10 10 13 82 65 59 25
89 82 36 77 83 78 7 98 40 6 53 27 14 12 11 15 93 41 71 12
97 59 46 65 89 75 5 94 46 6 72 60 25 6 18 13 79 46 64 16
93 74 61 88 93 88 4 98 58 6 50 40 18 9 12 24 93 37 45 19
90 50 48 67 91 81 11 99 54 8 29 23 15 9 9 15 81 33 53 11
95 58 39 70 71 81 8 98 24 6 48 31 29 13 20 20 86 35 41 13
90 68 30 77 84 78 6 99 38 5 51 50 21 8 13 19 68 46 45 15
92 73 63 67 90 72 3 99 51 7 60 54 10 9 9 23 72 50 66 14
95 69 60 63 79 70 12 99 35 4 57 39 5 9 13 5 87 27 63 18
95 70 44 74 81 79 7 98 60 16 41 32 22 14 15 23 77 47 23 14
91 78 37 75 87 90 5 97 23 5 36 19 13 12 19 16 90 30 69 12
95 59 49 76 91 76 6 99 79 4 44 42 6 14 9 17 88 30 54 33
85 70 68 74 87 84 2 98 31 7 36 31 17 23 24 8 92 32 17 20
94 63 39 80 95 65 4 96 63 10 44 38 13 10 11 9 79 21 33 36
87 46 45 65 95 83 8 99 53 7 47 58 13 18 18 17 90 42 69 32
95 74 38 80 79 92 8 98 48 6 52 45 14 13 17 12 88 30 38 5
89 80 56 82 93 89 3 99 60 6 43 35 23 15 12 15 94 47 59 17
92 57 49 71 95 81 5 99 47 6 47 37 6 8 14 5 79 46 52 13
95 56 67 81 74 93 9 99 70 8 44 47 6 8 16 29 71 35 40 12
94 57 28 64 83 70 5 99 42 16 45 53 12 8 12 8 59 40 48 8
91 69 28 84 91 79 3 98 49 15 33 56 4 14 6 14 80 35 45 20
89 50 48 68 75 81 7 99 53 5 49 46 10 20 10 15 89 43 47 15
86 69 62 72 74 68 3 97 60 12 44 54 25 17 6 14 86 16 43 15
95 83 22 75 77 87 4 98 43 12 47 39 12 19 27 14 81 26 45 32
99 54 47 74 90 80 10 99 19 17 36 50 6 19 31 24 86 25 64 9
90 72 42 79 89 74 8 97 63 6 44 48 9 11 6 21 84 27 50 22
88 60 47 78 72 76 10 98 30 9 32 47 28 19 22 19 87 46 45 15
91 51 46 85 88 76 4 99 32 4 40 53 10 7 11 5 86 42 37 11
93 62 50 88 90 77 6 99 25 11 52 42 35 4 17 8 80 59 47 19
91 80 51 88 80 85 4 98 34 5 44 37 9 8 7 20 85 32 41 16
89 59 49 84 89 68 11 99 29 2 51 48 35 20 9 6 93 45 58 31
96 46 43 85 91 79 5 99 41 9 30 37 17 17 4 17 71 47 44 18
88 65 60 70 88 72 4 99 62 9 68 49 8 20 13 14 86 51 57 14
96 71 52 91 79 87 3 96 31 8 47 47 10 12 23 28 81 27 56 27
89 55 32 69 88 86 8 99 51 7 48 47 17 13 10 14 93 38 52 33
94 57 61 69 82 69 3 99 49 5 47 47 9 14 20 27 78 46 55 15
90 60 50 76 80 82 5 97 26 14 41 65 29 14 8 11 84 25 45 21
87 66 45 75 94 84 3 99 40 2 59 36 11 28 16 14 86 25 46 40
96 84 55 67 90 64 7 99 31 7 28 54 11 25 10 19 85 37 65 21
94 76 59 75 86 78 9 99 44 8 38 39 18 12 11 19 87 33 60 15
96 84 63 63 85 69 4 99 51 7 66 41 9 10 12 9 81 40 44 12
93 53 43 87 96 81 11 98 40 4 45 40 10 15 15 14 85 39 52 12
96 73 50 66 77 83 8 99 33 10 59 53 22 21 15 21 86 30 46 15
95 63 50 59 84 86 4 99 33 4 52 61 12 18 12 25 86 33 64 9
87 67 57 71 93 88 6 99 38 4 65 70 15 24 18 14 76 39 49 42
88 67 48 82 91 62 5 99 39 3 45 63 11 13 13 14 75 43 49 23
95 70 58 94 80 82 3 99 33 12 36 43 20 24 20 5 84 22 58 22
91 61 55 70 90 90 3 99 55 9 69 60 17 13 16 14 83 43 58 22
95 49 38 70 90 80 7 98 33 16 52 48 19 22 18 17 89 44 61 16
96 67 41 81 89 82 4 99 38 5 42 36 16 9 17 18 78 48 74 14
96 67 35 58 90 75 4 98 25 8 71 54 8 12 10 13 82 39 45 31
97 71 24 74 91 86 3 99 36 8 43 31 25 15 23 11 79 21 29 16
91 62 68 87 93 90 5 98 44 5 57 57 11 6 10 10 94 49 41 9
92 54 52 66 77 81 4 99 41 13 41 44 10 14 34 10 79 23 56 14
90 78 36 73 91 82 4 98 46 11 54 35 14 37 26 13 74 40 35 13
84 56 53 82 92 76 22 99 41 11 32 42 24 17 19 16 80 24 19 8
97 58 57 92 89 78 6 97 33 7 45 39 6 5 15 15 93 46 53 16
95 77 54 70 80 77 4 99 62 8 37 34 23 13 17 11 85 43 30 19
89 45 53 75 83 81 8 99 49 9 53 44 21 7 11 7 74 21 48 10
90 68 34 54 75 84 11 99 35 13 48 48 9 16 12 17 77 39 58 14
90 65 42 61 89 57 10 99 29 10 55 33 13 29 13 13 88 58 43 28
92 54 29 70 82 63 7 99 53 4 49 39 12 10 14 5 74 38 49 19
94 60 58 73 87 72 5 98 43 6 50 43 20 22 15 6 93 48 58 16
95 77 18 82 75 72 8 98 52 6 45 56 9 6 20 16 80 55 68 26
96 73 47 76 76 81 5 99 42 8 43 73 13 12 21 8 92 45 57 23
94 61 67 72 80 86 5 98 40 3 58 61 11 6 21 19 85 30 54 20
90 62 64 72 81 77 4 98 40 9 69 39 10 14 30 18 84 52 68 21
92 68 67 84 93 83 4 99 41 6 55 47 9 19 12 6 86 39 61 27
95 66 40 84 68 89 4 99 30 4 68 52 15 52 8 14 89 26 31 15
97 69 46 82 85 90 4 99 43 7 45 61 13 15 22 7 86 31 63 30
90 79 50 84 94 82 9 99 53 12 30 48 15 14 24 6 86 55 46 15
84 82 46 79 91 70 6 99 72 7 42 39 6 8 10 13 90 20 67 17
88 60 42 71 82 63 7 99 40 9 46 40 13 13 7 15 81 30 44 22
92 58 29 87 82 66 2 98 46 6 45 37 30 10 16 22 69 37 32 23
88 64 45 85 83 87 5 99 30 9 40 48 20 12 19 21 89 24 47 21
91 81 40 84 90 82 5 99 39 9 35 68 8 7 9 31 78 41 56 31
79 66 30 83 88 74 8 99 53 10 30 37 16 16 26 24 81 39 61 21
94 57 29 80 90 81 7 99 41 12 46 65 11 12 36 18 72 42 42 24
82 71 36 90 82 72 4 99 49 5 54 34 7 15 15 26 87 21 71 25
86 50 64 72 89 61 11 98 52 8 41 47 7 12 15 10 75 37 39 16
98 73 42 69 89 77 5 99 46 4 51 44 29 10 31 7 89 20 36 16
92 48 41 86 93 86 6 98 48 6 55 16 10 21 8 9 75 36 53 14
91 77 52 86 85 91 8 98 46 3 53 48 19 13 16 10 77 53 39 21
91 83 57 74 94 72 5 98 38 3 41 51 10 11 15 13 75 41 49 31
89 72 45 75 87 90 2 99 49 3 47 44 21 14 41 27 89 34 60 30
86 68 62 76 88 73 9 99 39 10 57 78 11 13 33 13 75 32 39 14
95 57 61 69 88 85 6 99 44 7 34 58 12 20 9 17 78 63 48 15
94 77 49 69 91 82 3 98 47 8 39 42 16 17 16 15 93 24 53 19
88 47 43 76 95 80 4 99 57 11 37 52 29 11 9 18 81 41 42 14
94 86 53 71 92 84 7 99 46 7 63 37 20 10 19 15 91 46 38 18
91 65 51 82 93 88 4 99 49 5 52 37 11 17 15 5 89 31 54 13
92 51 55 74 93 77 6 98 68 6 36 31 4 27 15 5 88 58 40 7
98 56 47 87 86 74 6 99 37 11 48 46 7 18 10 21 86 22 58 24
93 79 52 76 88 73 4 98 31 17 40 44 9 10 12 14 86 40 24 25
92 66 31 85 88 92 9 98 43 11 39 44 17 9 17 12 84 46 48 20
95 64 32 70 89 73 7 98 50 6 42 67 25 11 16 11 67 46 50 25
89 76 67 86 91 77 5 99 60 6 54 45 12 21 21 10 93 33 49 35
84 41 65 88 76 85 5 99 19 3 49 35 6 15 16 15 86 42 38 15
95 67 63 65 74 77 7 99 50 9 59 46 18 6 14 21 87 46 43 21
95 68 31 93 70 76 3 98 36 7 47 31 18 6 14 9 92 38 43 18
97 72 33 65 82 74 6 98 23 13 60 36 10 23 11 17 85 26 39 21
91 67 30 86 93 78 3 99 36 9 54 54 6 16 15 15 82 39 50 16
96 70 48 71 89 78 3 99 31 5 38 35 28 10 11 15 86 46 57 16
86 56 33 85 92 83 3 97 38 5 43 43 24 22 26 6 75 29 47 9
94 66 77 65 88 75 7 99 37 17 64 41 11 12 9 15 94 24 64 23
94 68 24 72 92 62 6 99 27 5 44 48 13 34 10 17 86 40 68 22
92 63 59 80 92 86 6 99 39 5 44 40 22 7 15 15 80 22 40 25
97 53 20 79 84 84 6 98 39 6 50 59 8 15 12 10 89 41 51 20
93 74 49 73 84 83 6 99 42 8 41 44 11 10 14 14 70 31 41 16
92 63 43 75 77 74 3 99 30 8 55 30 15 12 5 14 83 32 45 14
90 65 20 64 82 49 13 99 37 6 54 46 15 25 7 21 85 29 55 13
93 74 50 82 94 76 5 99 45 8 35 44 11 24 17 9 80 46 56 17
90 75 43 90 82 79 2 99 33 10 45 57 10 10 7 17 82 24 71 22
95 48 44 84 85 83 7 99 48 9 30 28 14 21 13 21 85 24 36 25
90 66 69 80 92 92 7 99 32 10 66 41 15 8 10 21 89 40 59 14
84 45 44 81 87 73 5 97 34 4 53 33 8 10 13 14 89 22 65 10
95 61 45 66 82 89 5 98 36 3 45 48 17 16 17 10 91 33 40 11
95 65 63 73 95 70 3 99 43 4 40 39 19 15 13 28 80 36 56 11
90 56 49 90 93 91 3 99 45 2 33 44 11 19 15 9 89 37 35 24
90 65 50 81 74 89 2 98 32 5 66 41 16 6 8 9 86 27 59 22
97 62 53 59 75 95 6 97 38 6 59 60 24 7 10 16 73 25 53 23
96 48 70 69 84 79 5 99 38 6 60 44 8 10 19 33 85 47 41 16
89 75 49 55 93 76 3 98 58 11 56 38 15 13 19 10 92 46 50 14
92 84 43 73 87 85 13 99 62 13 33 45 21 14 23 7 84 46 42 28
92 37 51 80 90 75 3 99 41 7 54 50 6 14 14 5 84 53 40 17
95 82 24 73 86 92 6 99 55 19 71 48 8 15 24 32 86 38 59 44
94 73 43 78 92 78 6 99 34 9 34 52 8 11 15 23 93 44 63 23
88 63 45 81 96 84 4 99 56 5 56 61 17 21 10 14 47 51 50 12
96 58 30 66 81 89 6 98 52 3 24 35 11 9 11 9 84 53 45 29
89 41 40 64 94 79 5 98 47 6 48 56 26 9 12 14 85 38 42 18
92 69 44 82 87 57 5 97 42 5 38 56 11 16 15 9 70 14 56 20
97 55 50 60 87 79 3 97 63 14 59 37 13 6 9 5 85 23 60 38
92 72 57 81 85 75 8 99 39 8 28 58 23 12 7 22 77 23 52 14
90 84 50 58 86 65 11 98 34 6 32 34 11 11 8 17 86 22 40 12
93 70 39 71 83 77 8 97 43 7 44 55 19 15 14 14 81 42 45 23
98 75 38 93 92 70 2 99 61 5 54 53 40 19 12 12 86 38 41 27
94 53 65 70 87 80 9 98 37 8 53 47 20 18 19 14 70 40 67 15
93 70 40 71 84 63 4 99 54 15 32 42 12 6 17 7 82 41 40 18
94 84 44 69 83 90 10 99 33 6 29 45 7 17 14 22 89 41 38 7
95 74 40 72 95 85 5 99 42 8 44 50 12 9 8 10 85 24 54 17
88 74 32 63 84 82 13 99 40 19 47 49 14 10 12 22 78 29 48 15
92 67 55 84 93 80 5 98 33 7 35 56 17 12 36 9 88 38 36 30
98 71 56 75 92 73 5 99 55 5 68 36 19 4 30 8 78 19 44 13
92 84 50 79 75 84 3 99 36 5 51 20 12 13 13 10 87 56 51 25
84 61 57 62 92 91 7 99 27 6 61 34 5 12 20 11 92 45 57 18
88 55 40 77 83 75 7 99 28 5 48 46 9 6 21 28 84 40 47 14
93 72 62 69 90 85 5 96 43 9 57 52 10 5 9 14 71 29 65 22
92 50 43 83 96 81 2 99 32 6 33 40 17 8 11 11 92 47 28 22
97 70 49 84 92 70 3 97 36 3 45 49 13 18 18 26 79 50 38 20
94 58 72 87 82 79 4 98 35 6 61 38 26 8 8 22 75 54 66 30
85 72 59 74 76 77 2 99 52 9 64 27 16 16 30 10 64 41 54 15
95 86 56 65 88 77 6 98 64 6 47 40 15 18 10 19 68 61 47 22
96 78 43 89 84 82 2 99 64 6 56 42 19 19 6 7 79 14 56 19
95 76 50 84 87 93 6 99 61 7 60 69 7 15 6 10 84 21 66 24
89 57 74 72 96 76 6 97 35 6 56 63 9 18 17 10 93 39 43 26
88 78 58 63 97 81 13 99 45 7 32 67 11 21 12 19 84 40 28 15
86 79 43 77 93 74 5 98 43 10 33 47 19 11 20 11 81 28 53 10
95 72 54 71 94 83 11 96 32 7 65 46 19 8 9 14 85 21 57 15
76 67 39 67 97 74 7 97 49 8 59 56 15 25 24 10 93 30 33 12
89 58 43 86 85 82 9 98 39 15 47 57 10 21 18 9 92 7 58 9
87 67 54 77 76 49 7 99 52 9 57 34 18 13 22 27 81 47 36 27
93 60 63 81 88 79 10 99 25 20 32 54 12 12 6 17 79 38 70 15
96 50 48 68 92 82 5 99 66 3 31 58 15 20 19 21 85 19 44 17
98 70 55 71 79 78 11 99 31 9 45 42 23 8 10 6 80 40 62 23
93 58 55 83 85 72 7 98 34 5 45 45 11 18 13 9 85 28 59 17
88 51 46 62 89 55 3 98 19 5 31 50 15 11 17 19 71 29 57 9
85 55 55 83 90 64 7 98 41 5 62 23 10 7 12 11 83 33 48 20
97 72 37 67 88 76 3 97 53 8 60 47 8 14 11 13 67 35 67 21
97 62 51 84 86 76 3 98 49 4 28 42 13 4 7 29 95 28 45 24
94 72 82 83 87 81 5 98 59 3 56 52 15 5 13 27 81 21 49 10
97 43 40 89 84 86 7 99 37 9 26 42 17 8 17 21 89 35 50 17
98 60 38 72 85 81 9 99 26 6 75 39 4 16 11 20 97 37 65 18
93 58 34 64 90 94 4 99 55 2 58 34 25 10 14 9 83 51 66 16
97 63 54 77 94 83 5 99 41 10 30 45 12 7 14 17 81 32 52 21
82 73 52 76 93 82 2 99 32 11 48 56 18 19 29 23 82 20 44 19
96 58 34 74 80 88 5 99 33 3 38 48 30 11 14 11 95 51 58 25
91 84 54 84 88 77 4 96 31 6 59 39 14 28 17 13 80 49 53 16
83 67 36 81 83 87 4 98 40 6 68 56 6 10 14 6 74 21 46 22
89 57 31 77 82 91 8 99 34 7 47 34 16 17 13 9 79 36 27 35
92 75 52 87 91 74 5 99 54 15 36 23 13 10 21 13 89 51 44 27
