50 10
39 60 37 90 50 26 40 49 67 12
38 14 71 47 53 65 87 88 45 29
34 97 86 74 30 76 26 94 62 43
18 84 96 83 97 38 9 57 30 91
4 48 23 38 56 45 31 69 99 5
4 73 70 37 83 62 66 83 17 8
8 38 58 99 78 74 19 65 24 62
37 33 78 90 98 83 75 66 94 53
32 5 13 85 26 5 43 70 6 5
85 33 25 45 76 90 82 19 68 63
29 83 53 98 94 59 83 87 24 79
38 56 31 67 11 95 45 4 36 9
30 62 89 64 78 42 81 14 76 16
17 13 50 10 95 47 51 16 76 65
96 4 67 29 55 2 47 97 3 98
51 61 5 85 16 65 81 24 2 4
20 86 37 46 32 33 11 25 67 48
27 22 87 51 76 88 30 98 75 17
45 96 13 14 42 3 8 19 94 98
21 62 25 79 5 80 43 64 16 98
97 58 44 79 15 46 72 41 81 60
61 74 60 50 81 22 60 56 26 53
45 2 71 46 3 36 24 32 95 91
15 13 63 42 93 67 70 54 26 60
99 9 60 10 2 64 15 54 5 68
8 26 84 36 16 30 29 61 55 85
75 89 76 28 81 89 85 10 80 65
52 60 56 9 19 66 15 58 66 91
54 37 19 4 62 40 49 56 5 14
85 13 42 75 69 73 90 66 80 27
51 63 68 95 66 52 50 95 33 90
2 85 5 63 66 61 44 40 93 40
52 35 58 48 6 34 2 42 61 54
36 77 19 49 4 70 37 92 84 86
21 76 57 60 62 86 28 78 18 66
79 5 4 88 96 38 66 16 79 58
54 68 3 44 9 81 20 83 13 2
29 20 99 15 27 7 57 54 13 64
98 25 26 45 80 98 72 19 3 57
60 71 94 38 34 78 42 95 32 42
32 21 2 78 90 81 84 35 36 43
73 37 53 23 42 26 11 23 95 83
7 32 57 74 23 52 15 53 56 35
7 56 35 93 99 3 24 88 52 59
44 4 82 53 38 7 12 88 79 14
53 3 78 59 80 65 24 28 55 42
17 52 43 41 30 75 93 23 4 56
24 81 50 25 61 80 86 74 48 3
68 21 34 99 70 33 38 76 74 78
97 76 44 47 36 83 32 55 84 45
