100 20
35 60 39 41 39 30 40 43 54 30 32 53 45 52 64 50 26 47 49 40
15 11 23 22 18 21 25 11 21 20 21 29 26 12 8 32 18 16 21 20
5 4 10 9 8 8 4 3 6 6 4 8 3 13 21 12 5 4 9 8
14 8 12 9 12 9 14 9 13 17 13 27 24 24 18 16 21 8 9 33
3 5 6 7 2 5 3 3 14 4 3 7 7 5 4 3 4 2 3 6
47 57 52 34 63 43 69 44 57 59 70 59 60 72 47 24 53 77 61 63
67 55 66 51 34 38 45 42 46 51 33 37 65 32 61 52 66 35 40 67
86 88 90 90 90 90 92 89 88 91 91 91 84 97 89 89 90 87 90 90
75 69 56 60 37 72 61 78 43 70 65 63 68 70 56 62 67 56 45 49
28 11 47 37 31 24 22 38 23 25 15 41 40 26 14 40 27 30 19 42
41 42 36 15 31 38 16 33 40 35 49 27 25 34 56 28 20 43 32 17
19 18 13 29 32 20 14 14 26 27 22 20 23 24 15 8 17 33 20 22
55 73 70 45 30 66 33 60 85 63 72 42 37 67 33 71 73 60 59 58
85 92 95 96 91 88 89 85 92 92 92 73 96 95 95 85 89 77 91 92
14 12 15 16 17 12 6 19 17 18 9 17 12 6 11 10 6 10 6 16
68 69 68 89 71 84 83 88 85 72 74 74 84 88 72 75 90 82 80 83
60 53 61 83 49 27 49 59 73 65 48 77 55 55 52 54 46 52 73 66
54 56 54 61 43 39 72 54 67 59 44 54 38 52 39 67 30 32 48 36
91 97 95 91 94 94 92 93 95 94 93 93 93 93 94 96 93 93 89 94
85 80 84 71 68 85 77 71 76 70 66 76 68 78 87 87 83 80 71 70
39 47 50 37 47 31 32 44 47 38 22 18 34 37 25 44 27 18 25 23
21 17 11 30 18 39 12 16 13 18 9 39 14 22 15 15 25 22 15 14
32 47 20 50 29 40 37 43 19 28 41 31 20 43 39 21 39 39 37 38
90 78 83 87 69 80 92 79 60 58 85 65 68 73 84 76 63 79 67 64
28 24 14 19 8 13 21 18 47 7 39 38 11 33 18 21 18 9 27 10
74 86 47 77 77 85 72 60 62 65 83 76 77 78 76 68 64 83 57 75
52 34 54 66 42 56 40 48 46 67 42 77 62 43 52 71 47 54 40 51
84 70 86 86 78 88 89 79 80 77 77 80 78 76 70 88 84 71 53 80
62 87 67 72 78 50 78 66 63 61 71 42 71 76 70 65 73 68 64 70
26 25 7 5 19 16 10 17 27 13 15 15 13 12 21 14 25 13 19 18
42 46 48 46 67 41 50 61 40 60 57 61 70 52 52 32 48 31 47 57
30 18 11 12 13 4 21 26 14 14 9 5 7 6 12 7 23 19 11 6
91 95 96 95 97 97 92 98 95 94 92 92 96 97 96 98 99 97 96 98
57 90 82 84 62 83 74 61 64 78 62 70 74 60 80 85 63 51 72 59
39 29 31 39 30 57 39 29 37 44 37 50 29 32 51 38 42 58 27 36
15 16 17 31 18 21 25 35 32 44 24 39 21 14 7 26 25 13 22 17
78 66 61 61 74 63 41 73 48 52 52 60 81 50 57 73 50 70 56 61
43 63 79 64 58 68 48 72 68 38 61 50 78 58 57 61 60 67 54 73
80 78 86 60 78 67 73 70 81 81 77 73 83 68 74 67 80 72 66 82
75 74 86 84 62 93 74 75 82 62 86 82 73 57 75 84 87 72 71 89
17 21 24 15 15 23 31 13 21 15 19 28 26 14 13 26 15 13 23 22
93 94 90 82 92 88 95 81 90 93 95 95 94 90 84 86 87 88 96 96
61 65 65 73 83 69 75 61 81 64 58 63 64 82 78 79 83 64 82 71
78 64 61 78 58 70 56 69 42 59 72 74 57 46 59 66 67 66 74 53
8 16 19 23 10 12 9 5 10 6 11 9 14 15 9 21 27 9 18 18
82 83 87 85 87 86 86 91 81 90 78 88 81 95 83 87 88 79 81 73
78 84 94 85 78 82 89 66 86 77 89 76 78 85 74 79 59 88 64 68
88 83 70 68 87 90 69 78 80 93 90 69 75 89 81 81 85 91 75 86
55 71 56 47 62 77 68 51 71 67 78 70 61 76 68 53 77 65 60 72
60 41 54 66 45 30 55 34 57 37 53 38 51 43 54 41 71 59 33 40
28 34 28 45 38 53 37 22 35 52 28 37 40 46 50 42 33 29 45 35
79 83 74 79 79 83 69 82 72 65 75 50 76 60 67 78 77 83 76 69
4 11 2 4 2 3 2 3 3 2 4 2 5 2 3 2 3 2 3 2
56 58 41 46 64 64 56 27 66 66 59 50 58 52 37 62 50 50 67 48
41 73 45 66 42 44 51 36 46 64 38 52 45 77 59 37 58 38 36 65
63 76 76 54 84 49 60 76 64 71 56 40 44 50 66 69 53 79 56 64
7 10 9 9 11 13 10 19 8 11 15 11 8 9 6 12 8 14 11 6
8 10 11 13 23 6 8 14 17 14 13 15 10 11 13 15 21 11 19 16
33 43 26 31 66 42 37 31 34 52 40 13 34 14 45 40 27 25 42 36
92 81 92 80 78 73 72 87 89 64 82 77 81 88 88 91 74 89 81 77
78 66 80 73 69 67 61 82 80 61 83 86 74 64 73 71 70 76 88 85
8 17 22 14 11 23 33 25 26 14 16 35 23 28 20 23 24 17 18 10
97 88 88 91 77 88 92 94 79 88 96 98 81 87 87 77 93 92 91 85
93 55 69 79 54 71 84 68 73 82 83 63 66 61 82 79 79 82 89 74
4 6 13 14 6 7 24 18 5 8 14 8 7 9 11 9 17 18 8 15
33 47 32 24 27 22 46 22 25 14 23 41 16 43 34 23 50 39 29 24
55 22 52 45 34 37 50 44 23 61 32 75 61 27 64 50 54 40 42 36
36 70 79 50 51 46 52 48 78 73 71 68 83 66 64 52 63 19 64 64
20 30 54 34 22 30 36 23 35 27 29 20 43 20 17 16 39 23 46 23
29 16 26 19 28 17 32 26 32 20 12 14 11 16 26 55 16 24 16 30
84 77 71 75 83 85 80 67 79 78 60 66 82 72 83 75 77 89 91 80
13 14 21 36 21 21 35 20 20 12 44 30 35 38 27 13 13 16 30 31
59 55 48 45 44 46 34 29 34 36 34 56 38 68 35 55 32 41 28 25
68 70 78 70 47 56 72 65 84 46 69 83 67 52 55 52 58 85 60 63
50 80 52 61 77 73 75 67 62 82 66 68 60 74 59 55 74 75 32 75
93 95 97 91 86 90 90 87 79 87 79 84 98 87 97 87 90 90 89 91
93 91 95 93 92 83 93 97 92 86 91 91 96 94 87 93 92 81 92 91
66 54 70 63 70 78 45 64 62 62 78 58 81 61 61 54 74 72 66 70
20 22 19 21 15 29 51 29 31 9 37 23 30 31 35 22 12 19 27 29
77 52 67 71 81 70 54 75 76 75 70 72 68 84 41 65 65 55 68 72
36 33 44 37 39 41 21 27 48 27 29 31 35 42 46 49 39 24 35 33
3 3 5 4 3 4 9 2 4 2 3 2 3 8 2 7 2 4 4 2
9 10 5 3 3 3 3 8 9 6 2 5 8 7 9 3 3 3 8 4
68 84 74 86 68 67 79 76 78 87 74 87 90 84 88 87 77 84 85 73
3 2 8 2 11 5 3 2 5 4 4 4 3 2 4 4 4 3 3 2
79 84 88 76 89 70 68 76 91 73 69 62 89 80 89 74 85 74 64 76
7 4 8 4 12 12 6 6 14 15 8 6 5 6 16 4 5 7 11 20
17 29 32 13 25 24 17 37 22 16 22 20 14 37 37 20 22 35 18 11
68 69 53 45 50 70 57 55 68 64 43 71 58 70 63 59 72 51 62 49
79 58 57 65 68 78 66 78 62 82 62 51 66 78 75 82 69 61 56 59
51 71 39 51 59 53 59 69 37 72 74 48 59 75 49 55 61 50 55 56
53 76 60 68 57 61 60 61 31 65 60 67 60 74 57 45 58 70 66 75
46 50 58 27 58 70 46 61 67 50 71 44 57 53 68 59 35 59 33 60
22 36 10 22 17 36 16 24 33 22 15 26 36 14 13 12 47 18 38 13
35 12 9 25 19 31 14 21 36 12 27 20 16 30 31 28 23 18 20 34
85 67 74 83 81 86 90 74 66 87 82 70 93 78 60 82 74 91 91 87
85 69 80 74 82 72 79 57 56 65 67 70 56 70 72 60 73 70 67 82
99 99 99 99 99 98 99 98 99 99 99 99 99 99 99 99 99 99 99 99
62 70 74 54 80 57 51 66 49 39 61 65 78 61 70 65 64 75 63 72
73 53 60 44 62 53 43 61 63 67 59 69 62 50 65 41 59 57 35 53
