100 20
91 91 93 90 82 80 96 85 85 86 89 90 89 95 83 96 90 94 91 95
4 3 3 2 4 2 2 2 2 3 3 3 2 3 2 3 4 4 3 2
97 94 95 97 98 97 94 97 96 97 99 98 97 90 96 97 97 98 96 99
58 44 54 57 62 37 62 70 40 50 46 74 64 60 66 45 45 49 59 65
85 97 95 94 97 88 98 94 92 90 98 95 94 96 86 95 93 91 94 95
71 66 64 77 73 80 78 76 68 70 80 63 67 67 68 70 68 70 74 73
33 19 32 55 39 53 54 37 57 24 56 62 34 33 31 22 52 30 22 28
12 28 41 17 19 46 18 16 21 20 37 28 13 25 28 18 31 20 14 26
35 29 21 40 52 32 18 33 47 24 19 24 28 26 32 56 34 33 25 40
64 78 69 69 78 87 82 81 65 78 78 88 85 81 79 85 85 82 76 68
56 46 50 41 39 34 51 55 60 50 66 34 59 15 40 46 43 30 29 53
29 31 20 25 25 19 22 24 31 31 30 11 15 16 26 41 36 27 23 11
75 62 89 64 58 72 67 85 60 72 83 79 75 72 80 79 85 72 66 76
70 65 80 72 73 71 76 54 68 76 75 75 63 62 66 51 80 78 53 62
17 26 17 28 23 25 21 21 20 27 15 16 29 7 9 20 24 17 20 13
60 45 46 59 33 60 57 47 52 31 32 54 48 40 48 60 58 52 59 56
26 13 23 15 25 13 22 21 23 42 36 7 27 21 25 31 34 28 12 19
64 57 52 52 78 46 66 60 44 67 40 76 57 64 72 58 62 51 64 59
11 12 29 8 14 9 31 11 20 18 11 26 14 19 28 15 12 29 10 9
60 83 63 77 44 83 76 74 70 67 70 72 57 53 57 75 64 66 63 77
35 44 38 62 43 43 35 42 53 37 53 36 38 41 43 52 54 84 50 49
99 99 98 99 99 99 98 98 99 99 98 95 99 99 99 99 99 99 99 98
35 38 36 34 50 37 66 42 46 41 62 55 26 61 38 54 58 54 35 45
33 26 48 54 37 20 35 42 18 29 35 41 28 53 42 34 48 42 52 54
23 19 34 28 49 44 53 21 17 23 48 22 38 17 40 32 24 31 36 43
97 95 96 95 96 95 95 96 97 95 95 98 95 92 97 98 98 94 97 98
97 96 93 97 97 96 98 93 96 98 96 96 97 95 96 98 97 94 93 93
77 77 73 71 63 60 66 66 73 75 82 46 69 46 64 75 46 71 71 84
43 33 33 29 37 38 29 20 37 30 48 45 17 20 34 41 17 36 35 33
5 7 28 7 21 13 14 22 13 7 14 13 16 22 21 16 15 28 18 19
95 96 97 84 91 95 79 87 88 86 93 80 90 90 93 94 97 94 94 96
26 34 48 33 35 38 19 44 28 42 30 33 33 25 41 31 29 42 29 27
93 97 98 92 96 96 91 92 98 93 94 90 97 90 92 85 96 98 96 92
61 47 47 38 41 59 49 70 38 51 57 69 55 58 61 45 73 47 49 40
76 60 38 73 79 46 42 57 58 52 60 66 61 42 41 45 34 41 41 63
74 77 54 55 76 54 64 73 72 64 75 66 78 56 68 55 43 62 66 67
42 35 51 57 24 47 17 39 55 51 59 32 34 52 39 42 52 37 27 47
67 33 60 58 60 55 47 47 56 49 59 58 43 69 45 73 56 58 73 55
91 73 80 71 63 81 81 75 83 87 77 74 71 87 71 84 69 81 80 72
65 60 59 70 51 51 65 29 49 67 52 54 40 48 65 48 42 58 63 52
22 33 39 31 28 28 29 57 43 45 40 40 42 23 31 42 45 33 34 29
62 49 63 61 69 69 75 63 69 53 72 65 54 57 81 67 60 69 63 63
48 70 40 71 76 54 79 56 47 56 70 59 54 84 55 48 68 28 69 46
83 79 63 59 72 84 71 80 63 78 78 74 79 78 77 71 55 54 80 45
79 67 57 77 59 76 57 72 71 58 66 49 63 53 71 57 68 69 76 71
63 46 57 56 58 73 42 61 58 57 72 40 60 60 58 50 66 60 55 65
93 97 95 84 92 95 95 95 88 95 90 95 96 95 92 96 95 93 93 94
13 3 14 9 11 16 12 13 16 8 11 3 11 6 12 19 20 7 12 21
44 69 43 33 45 38 73 64 36 38 55 51 56 48 62 46 48 53 42 29
81 79 76 88 84 84 88 79 88 92 79 89 71 71 72 83 79 90 76 72
38 27 53 48 62 48 56 51 57 69 39 62 48 53 40 53 59 44 53 57
90 94 85 75 74 82 86 88 88 95 89 88 90 82 82 77 86 88 77 87
6 22 25 23 23 35 15 21 7 23 18 30 10 45 14 11 14 14 8 25
65 57 58 58 57 34 56 59 60 46 52 50 68 65 52 77 68 42 66 57
35 29 15 26 17 23 30 27 30 38 36 27 30 38 29 19 33 37 36 15
6 6 12 5 3 4 3 5 5 8 6 3 5 8 4 7 4 4 3 4
83 87 83 79 93 89 87 85 87 90 82 90 88 64 83 81 82 66 68 90
46 34 56 36 39 54 15 57 66 46 54 75 56 64 50 40 54 51 35 54
49 27 27 25 34 19 26 36 18 43 37 46 15 46 32 44 35 37 17 27
57 26 37 41 43 35 51 44 57 55 37 39 48 59 32 58 48 53 50 52
42 69 50 79 54 65 56 42 57 64 52 59 47 55 61 63 48 78 61 64
57 74 51 59 53 52 50 57 46 45 36 64 46 64 56 40 48 53 29 47
13 17 10 34 18 20 25 20 21 21 19 22 13 34 31 13 21 10 22 16
72 84 73 70 81 88 81 75 85 62 73 64 70 81 77 69 86 76 57 73
14 15 11 17 20 9 25 29 13 24 13 16 12 11 23 15 12 37 26 14
10 11 19 13 8 3 17 7 9 6 9 11 11 9 9 7 6 5 5 7
50 39 58 56 55 43 44 33 43 50 77 50 60 62 52 51 44 56 48 30
42 39 32 38 20 43 35 54 51 38 58 24 40 36 44 33 57 42 49 27
87 79 84 85 90 75 83 84 84 88 77 84 80 94 87 89 79 78 85 79
93 94 94 86 85 97 92 95 94 88 96 96 97 96 90 94 98 95 89 95
28 11 15 23 38 9 32 21 35 20 17 21 18 11 19 14 19 29 18 18
76 86 78 79 80 78 81 74 86 80 89 84 61 94 90 84 78 87 74 78
49 46 44 45 35 49 49 59 41 43 35 63 36 56 47 41 42 16 35 24
84 88 92 97 93 87 96 94 95 96 88 94 91 95 94 93 95 91 97 92
17 5 14 10 9 7 5 19 6 8 10 9 10 8 7 4 20 17 13 10
94 91 90 90 98 90 84 91 93 97 92 91 96 92 96 92 95 90 88 87
66 67 79 74 84 62 66 75 86 84 69 75 76 79 84 83 75 76 75 75
30 44 26 43 26 25 26 26 28 20 30 20 16 32 23 23 24 32 46 39
97 80 93 89 97 84 94 96 89 89 96 89 95 91 94 79 90 92 93 93
11 14 10 7 5 30 7 13 19 12 10 7 6 9 4 13 10 7 13 8
66 77 68 57 72 69 53 33 62 66 77 73 65 60 48 73 78 61 82 63
51 72 49 60 54 65 71 40 47 43 24 64 42 64 44 35 58 58 45 66
4 12 5 4 5 7 10 6 6 11 16 5 8 5 6 2 8 11 5 11
82 87 86 85 85 82 75 78 96 89 72 83 76 76 87 86 79 90 89 82
86 80 90 91 77 84 85 95 90 90 87 84 89 85 88 91 86 87 94 95
40 35 56 29 55 31 36 55 26 20 31 69 61 28 39 40 37 41 74 37
5 6 10 2 7 3 5 6 3 3 2 3 5 7 3 4 6 5 4 5
21 25 28 31 29 15 41 26 35 38 26 41 25 37 24 29 26 29 19 23
7 20 10 6 10 10 6 6 4 10 7 10 3 5 12 6 17 7 12 11
32 47 42 56 42 60 41 45 43 39 50 48 63 46 57 47 59 40 56 38
11 7 26 9 22 16 31 19 44 10 10 44 27 15 14 6 13 11 28 9
87 91 93 89 90 77 96 86 82 81 87 77 86 88 87 73 76 74 86 94
80 81 86 87 88 89 82 83 77 73 83 91 84 88 77 83 81 86 64 78
71 77 90 78 70 77 76 70 76 82 43 86 81 79 80 86 82 84 86 93
29 32 41 29 30 31 40 27 21 15 28 37 24 25 31 39 29 43 20 35
56 64 51 69 43 49 74 65 66 45 61 74 42 68 57 58 63 42 69 49
56 62 59 61 54 71 35 48 69 65 53 56 55 60 70 65 39 61 59 36
45 47 51 63 55 66 34 57 45 65 65 53 58 71 54 77 64 32 44 73
23 47 14 19 24 34 25 27 27 21 28 22 37 45 21 28 22 17 45 40
59 62 50 59 48 55 31 54 55 61 41 50 42 44 61 51 37 67 64 31
