200 20
55 43 62 83 16 4 6 60 53 19 90 60 76 50 42 60 4 65 95 57
78 15 57 74 31 7 10 52 52 16 87 80 82 38 35 78 3 51 93 42
70 13 83 71 46 3 9 60 51 15 90 79 92 20 33 82 8 74 86 59
52 33 78 66 11 3 7 62 37 18 94 72 78 42 29 76 8 55 78 58
55 41 62 76 25 5 9 66 62 12 92 69 97 24 29 81 6 62 84 59
63 21 76 87 14 4 16 53 59 9 81 87 83 20 35 64 2 74 87 50
34 16 57 72 21 3 14 63 80 21 89 73 82 24 24 73 7 50 83 62
42 18 82 72 35 3 8 55 72 21 95 91 93 32 44 70 6 61 92 47
48 20 70 57 39 2 5 30 55 23 92 73 88 32 26 87 5 66 84 65
39 22 81 68 17 2 5 64 32 33 84 71 89 20 31 90 7 78 92 40
62 16 72 68 18 2 9 69 66 15 87 65 87 41 27 85 2 63 87 31
61 14 78 79 23 3 11 26 69 21 87 85 95 35 39 78 2 60 93 18
66 26 70 92 36 3 7 57 38 13 97 81 87 32 33 86 4 51 90 48
49 15 63 66 22 6 6 55 55 26 91 81 88 43 10 85 5 55 92 37
57 17 65 69 31 3 13 63 48 20 90 84 97 35 30 60 3 49 88 69
55 19 82 71 39 4 4 59 52 8 88 74 89 39 37 78 7 47 89 33
52 21 60 57 32 3 7 56 66 21 93 82 80 33 38 89 12 54 89 47
60 15 69 80 21 3 14 61 72 31 91 87 89 34 50 84 3 61 93 81
55 31 74 75 36 5 7 63 47 12 93 61 89 35 31 75 10 57 87 56
38 35 78 75 42 2 15 55 44 30 93 74 84 29 38 66 9 52 94 61
50 22 69 68 25 3 11 57 48 34 85 82 93 33 25 78 5 60 68 64
54 22 69 68 31 3 13 38 57 25 92 85 96 26 29 75 4 50 90 49
38 21 36 72 28 6 6 46 46 13 96 77 91 21 17 82 7 47 84 56
42 19 51 61 39 4 15 54 55 19 88 82 87 32 15 73 6 52 85 57
49 10 85 84 21 3 10 47 67 14 96 82 93 53 30 85 6 50 93 63
64 10 63 89 21 2 14 68 56 17 79 81 94 48 36 74 9 61 89 52
72 16 62 77 19 4 7 45 56 9 89 71 87 21 39 86 7 66 89 65
63 34 62 53 24 4 18 36 68 12 96 78 89 23 32 83 3 67 95 64
47 21 64 62 22 2 9 71 74 12 87 83 93 45 31 81 4 64 90 75
43 24 71 50 46 4 17 62 59 25 78 83 94 36 34 75 6 48 80 50
46 16 74 83 12 4 22 65 48 14 89 84 78 36 27 89 5 65 86 46
51 11 80 71 16 3 9 66 73 5 83 82 82 25 34 79 13 64 90 44
59 26 64 85 22 2 20 77 69 29 92 74 86 32 20 76 4 70 83 51
47 13 66 75 34 3 7 67 67 10 86 79 89 19 32 80 11 53 95 27
29 10 76 77 18 9 13 51 44 51 83 79 85 34 28 82 7 49 80 59
72 26 83 53 28 4 15 54 70 16 91 88 79 36 36 75 5 45 93 70
38 15 75 83 34 2 15 67 40 29 90 83 81 47 44 85 4 75 87 73
69 11 84 80 24 4 15 68 68 13 95 88 94 28 27 91 5 74 87 70
51 17 62 76 18 2 8 57 49 23 90 76 87 55 49 91 3 51 93 70
56 19 80 59 32 3 20 65 60 9 89 81 93 37 23 75 9 60 84 37
58 5 81 88 28 3 16 62 41 15 96 88 89 35 27 87 3 65 83 47
58 12 69 77 19 3 15 43 73 14 93 74 93 43 35 76 9 79 87 76
65 31 66 75 25 3 5 59 68 34 82 77 93 13 70 79 14 55 87 62
67 30 70 63 17 3 11 37 34 16 86 79 89 38 40 73 9 40 87 58
47 17 77 59 17 3 9 41 51 18 83 81 91 37 42 77 4 61 93 35
37 19 59 83 14 4 21 65 49 11 84 73 86 37 29 82 7 60 93 47
64 18 76 76 25 3 8 62 40 16 76 87 86 33 55 88 5 41 80 68
72 10 75 74 28 3 13 67 49 18 90 76 82 45 30 78 5 48 98 43
53 10 58 65 18 3 14 65 50 13 84 79 96 37 24 62 13 47 95 50
53 18 76 76 29 3 7 79 69 17 93 83 89 29 27 87 4 50 89 48
60 15 82 72 26 2 9 60 55 17 93 82 95 33 32 76 8 35 74 61
54 15 81 77 13 4 5 58 61 37 92 72 90 38 25 79 5 62 95 50
48 10 79 72 8 2 11 72 60 16 91 74 89 25 34 83 3 66 88 38
38 18 76 70 30 3 26 68 48 20 91 72 91 22 34 81 11 68 92 44
46 21 66 76 32 2 15 58 56 9 85 89 92 39 25 80 8 56 80 58
58 29 70 79 27 3 8 49 62 12 93 85 92 38 39 77 3 58 88 41
53 12 74 60 16 4 19 84 62 16 92 57 94 39 27 84 6 64 87 52
67 15 65 69 12 2 9 36 58 20 93 85 84 35 43 74 12 59 78 66
50 19 77 80 34 3 27 50 58 28 93 79 78 24 32 73 3 36 87 43
29 29 55 26 16 3 10 26 66 24 95 70 90 25 37 85 2 55 93 61
45 34 71 87 29 2 9 32 56 8 93 70 87 48 29 85 4 32 92 55
66 19 65 61 15 5 12 54 41 20 86 64 83 27 38 76 4 55 89 61
54 8 60 71 11 4 19 59 71 35 95 80 87 29 51 82 4 39 95 50
68 27 40 73 38 3 8 61 59 11 93 73 87 42 30 91 5 51 87 29
48 14 67 74 40 4 8 56 61 27 82 81 82 19 39 79 4 62 88 61
59 26 69 71 34 10 5 63 55 18 93 73 91 41 40 83 7 49 87 43
58 11 63 84 40 2 8 53 53 14 85 77 85 21 41 75 10 57 83 49
34 15 68 46 8 2 4 53 42 16 96 90 93 19 23 80 12 69 87 54
63 18 70 73 10 2 27 82 60 47 91 86 95 31 33 74 5 44 78 60
44 10 74 80 28 5 6 64 48 22 84 72 93 35 20 85 10 69 82 56
71 30 71 63 16 2 7 28 55 16 92 85 83 24 38 61 10 54 87 46
64 8 65 66 34 4 7 59 79 19 89 84 93 44 38 71 5 65 92 49
49 21 84 78 26 2 11 58 33 9 91 88 93 35 35 86 8 69 93 56
40 14 71 72 21 3 11 66 59 13 94 66 85 27 22 82 8 49 89 51
60 28 73 74 22 3 24 55 55 21 93 67 83 40 28 84 8 53 71 51
48 18 70 81 27 3 10 57 81 21 81 83 90 40 39 66 4 73 90 57
67 8 71 77 12 9 8 65 35 19 77 83 81 27 46 75 4 43 87 47
61 16 70 84 26 3 14 59 60 7 92 67 87 39 30 90 7 47 93 36
60 15 84 60 20 6 7 47 41 14 86 76 89 30 25 89 4 42 83 48
43 27 67 46 14 6 11 58 68 16 90 88 93 39 34 80 9 66 88 67
53 8 73 63 24 4 7 61 63 29 92 58 90 36 23 89 4 61 97 53
54 13 69 84 28 2 11 65 66 21 90 63 82 16 13 83 5 73 90 69
44 10 73 67 23 3 12 50 43 14 95 80 86 38 29 65 4 62 94 64
40 14 77 84 36 3 9 45 55 14 71 78 94 38 37 91 17 66 93 42
52 16 67 68 16 10 6 53 75 13 95 72 91 31 25 76 10 64 77 47
64 17 62 72 32 4 10 57 51 5 95 87 86 33 32 86 4 41 92 50
69 8 73 87 26 4 20 48 44 11 77 88 87 41 45 81 7 43 89 44
67 29 66 90 15 2 4 47 59 19 91 87 86 12 27 73 4 48 82 54
50 31 51 78 26 3 10 39 65 27 91 75 97 36 23 78 15 55 86 60
65 21 68 51 24 3 16 33 71 22 86 81 89 39 39 75 5 50 88 68
57 33 78 64 22 3 11 36 62 25 67 90 89 28 31 85 5 71 77 35
75 17 73 77 14 3 13 57 62 12 92 82 93 28 23 86 10 65 89 53
47 22 69 80 22 4 12 46 49 13 87 74 94 37 43 81 4 45 88 64
47 13 72 73 20 5 9 69 61 6 83 73 83 30 44 78 7 66 95 47
83 14 77 77 18 4 6 50 41 26 87 71 90 21 24 79 10 61 76 47
59 31 66 56 34 3 7 78 46 29 91 71 92 26 33 94 6 48 87 49
62 38 82 60 24 3 7 34 59 25 88 74 86 60 33 78 11 66 85 54
57 24 80 52 40 2 12 64 76 15 92 73 82 31 47 87 14 68 88 52
58 31 76 79 22 3 3 37 58 17 91 69 90 39 41 79 4 53 85 60
31 30 78 53 37 3 19 43 65 14 72 81 85 29 13 72 7 52 83 56
70 15 58 70 17 7 7 65 44 39 87 81 80 41 22 82 8 85 86 57
46 17 62 65 27 4 13 50 63 12 92 75 93 39 24 90 13 58 96 41
38 30 67 70 33 2 11 63 48 27 91 71 93 38 40 73 3 54 83 55
47 19 52 70 12 2 11 55 44 12 85 90 81 38 26 63 6 80 89 52
50 31 78 64 19 4 12 43 69 25 95 77 92 62 54 87 7 68 92 51
73 5 85 78 30 4 8 67 64 30 86 89 90 22 37 79 7 52 95 46
68 16 67 58 11 5 26 47 61 14 94 89 90 45 35 73 15 48 85 41
45 20 55 81 32 11 11 49 52 19 89 52 93 25 18 67 5 48 92 69
53 13 52 83 16 4 9 45 57 19 86 78 91 30 41 80 6 44 90 56
58 8 67 77 21 4 13 47 76 20 87 71 92 31 24 88 7 44 97 48
43 27 90 79 33 2 11 67 70 18 89 63 89 35 47 92 8 55 91 60
70 12 82 78 18 4 20 49 64 14 85 78 85 28 23 79 4 41 87 60
64 15 61 71 30 3 10 67 80 19 79 89 96 44 43 79 4 56 83 54
53 25 83 80 20 2 9 69 46 12 83 75 94 23 44 87 6 68 74 48
66 20 70 67 27 2 6 40 46 8 97 90 92 34 34 85 6 45 82 50
73 24 79 69 21 2 7 69 47 14 94 76 90 30 44 67 3 69 72 59
55 8 77 57 17 2 9 44 40 10 86 84 93 22 24 81 4 65 75 66
39 29 68 56 28 4 7 68 55 10 69 91 88 40 61 80 7 66 90 42
43 13 74 68 28 2 11 58 52 12 78 63 81 32 43 93 6 54 94 44
51 10 87 60 30 7 46 32 64 16 96 77 79 37 47 87 7 54 92 44
40 13 65 75 11 2 13 62 30 11 89 88 76 32 27 80 4 67 81 42
54 22 50 86 20 3 27 40 75 20 84 76 88 31 28 88 6 71 89 61
51 8 70 59 12 2 8 51 81 18 76 77 70 35 23 69 5 76 96 75
55 21 75 69 39 2 14 72 59 21 92 75 93 25 28 71 5 71 81 44
47 17 71 74 25 3 11 33 61 10 89 78 71 49 34 76 8 47 97 45
53 13 67 64 18 3 12 71 75 23 95 90 96 30 32 78 4 64 92 65
63 19 84 75 16 2 8 54 45 20 82 79 92 26 31 75 8 76 91 33
41 18 54 66 19 4 8 63 45 22 94 74 88 39 30 82 7 41 90 72
73 24 54 62 26 3 9 62 35 27 87 86 88 37 36 73 12 46 90 56
49 24 60 53 13 2 8 75 54 37 95 80 85 19 50 84 11 55 93 51
55 35 68 67 11 3 9 72 58 15 91 88 79 39 23 87 7 63 91 42
43 25 71 70 28 3 14 55 60 17 93 81 93 29 38 80 7 39 90 62
63 19 75 60 38 3 7 65 35 19 91 74 87 30 48 86 5 39 89 50
45 18 75 84 41 2 5 61 56 12 80 73 86 27 41 87 4 53 93 60
56 14 60 77 33 3 12 62 63 9 91 80 95 41 40 75 5 37 94 72
36 9 64 52 22 3 10 56 50 13 95 93 90 37 20 75 8 61 92 40
60 8 86 79 15 2 8 67 64 33 85 78 75 44 33 81 5 64 92 41
69 11 77 50 14 3 10 60 63 20 89 84 93 32 22 85 3 43 90 57
43 16 70 51 20 2 12 59 65 6 93 84 85 47 26 89 5 74 84 46
51 26 67 88 18 4 8 59 66 7 92 82 80 19 27 81 12 59 96 57
64 32 71 80 33 3 7 75 54 16 84 94 89 21 43 89 10 48 91 39
58 24 66 62 39 3 16 67 64 18 82 71 85 40 45 74 10 74 79 32
72 23 74 64 18 3 14 59 41 21 93 72 91 18 61 92 8 62 90 47
64 12 43 63 26 8 11 51 59 10 94 91 85 25 31 76 6 51 80 46
40 16 65 76 20 4 17 61 57 13 73 91 87 50 35 83 3 59 90 29
41 19 46 71 31 2 15 52 69 15 77 69 97 26 21 84 5 61 96 49
48 14 83 77 14 6 16 60 64 11 91 70 83 48 34 79 4 46 94 68
68 15 90 82 20 2 10 59 47 9 91 87 80 24 35 84 5 41 90 49
55 18 62 70 21 3 10 31 53 17 94 78 78 14 41 86 5 45 97 58
53 25 67 70 13 4 15 46 48 9 87 77 86 47 33 89 5 61 94 71
48 12 70 81 18 2 15 43 57 16 90 66 79 25 45 86 5 63 85 49
70 11 45 57 25 2 4 54 49 11 95 74 94 31 28 78 4 45 91 49
60 23 78 60 32 2 18 53 46 12 84 79 84 29 40 86 5 65 91 68
60 7 61 54 20 3 15 62 71 46 95 84 74 18 46 64 4 55 84 49
60 6 84 87 28 2 11 65 40 10 92 75 88 29 30 88 7 38 90 51
62 33 78 75 18 4 8 81 55 25 85 84 66 46 44 88 4 52 93 36
70 21 55 61 36 4 9 59 55 17 96 57 95 39 21 71 4 67 93 36
40 20 56 88 23 2 7 68 57 33 96 82 91 20 45 79 4 70 95 29
37 28 48 53 17 3 18 66 46 20 94 57 90 20 43 81 3 46 93 45
28 10 79 81 31 2 21 53 45 11 94 84 91 19 34 82 4 52 82 48
42 13 81 85 27 11 16 60 50 22 83 88 78 34 30 76 2 62 93 65
49 23 78 74 17 6 13 68 72 12 86 80 90 37 39 77 5 37 95 66
50 13 55 67 22 2 6 55 71 18 95 87 80 27 47 84 14 81 92 54
59 26 48 82 23 3 11 51 36 25 89 73 76 39 43 77 9 53 90 55
70 14 74 76 22 3 15 73 56 21 95 72 79 21 39 63 12 60 92 35
65 41 76 75 20 3 6 50 34 19 90 78 92 44 44 73 5 54 95 52
41 6 65 68 23 3 18 48 51 14 94 83 90 21 38 74 12 33 95 50
59 25 75 55 50 5 13 71 43 13 94 79 94 33 35 83 8 50 91 56
41 24 76 71 26 3 7 36 71 15 91 88 89 22 36 73 5 57 91 54
56 26 73 55 33 4 6 44 54 11 91 75 90 38 42 65 8 53 91 44
49 20 81 79 29 3 12 62 64 14 95 71 90 15 26 75 7 64 77 62
67 9 66 84 27 2 26 59 48 21 94 87 79 17 44 76 5 55 89 62
64 21 55 75 22 4 9 71 57 46 96 84 78 27 38 76 3 41 96 52
59 31 70 51 11 3 8 44 67 19 87 71 84 37 35 89 4 57 82 51
54 29 75 82 23 13 9 31 62 14 88 81 85 45 42 81 7 63 88 46
46 20 66 81 18 5 23 64 35 22 79 75 93 44 51 87 3 70 89 46
49 16 70 57 22 4 6 73 61 12 80 72 90 20 27 70 8 58 96 58
66 26 67 75 22 2 4 57 54 16 94 79 84 34 21 71 9 61 93 44
62 25 67 69 17 5 7 62 62 18 95 72 93 27 31 78 4 51 95 46
54 35 46 63 21 2 7 56 66 8 86 65 87 54 40 83 2 47 91 67
67 26 73 60 21 6 6 58 37 7 94 85 75 17 34 86 9 32 90 42
44 22 91 74 20 3 9 73 54 23 89 72 85 53 45 87 17 44 89 43
55 11 60 66 19 2 18 74 60 19 83 66 75 50 26 90 4 42 96 68
48 36 79 70 32 4 7 55 54 20 87 85 86 23 42 82 7 69 91 33
26 7 73 68 28 3 18 80 64 8 87 73 92 38 40 86 7 33 81 26
54 27 59 76 34 2 6 41 70 18 86 67 95 22 53 62 3 69 92 68
74 17 70 79 15 3 12 69 63 16 87 29 81 27 42 82 3 59 85 40
60 16 61 81 32 7 13 66 51 9 88 72 84 33 31 79 7 64 90 37
49 24 74 80 34 4 15 73 73 14 95 80 94 51 18 87 6 63 92 63
57 14 46 59 19 12 11 57 65 20 96 80 80 29 21 90 2 75 86 49
68 50 61 87 41 2 6 56 55 15 82 80 87 16 55 83 2 61 87 66
54 18 80 51 16 2 5 47 57 16 93 61 73 28 32 89 3 50 92 47
41 16 84 64 24 3 11 50 53 23 92 76 86 41 30 77 3 60 86 40
40 15 86 43 18 3 19 51 42 18 81 83 91 34 28 89 5 49 86 43
40 25 57 78 23 2 8 83 45 33 79 87 83 18 24 83 3 42 89 50
79 18 66 61 27 2 10 67 54 45 93 84 85 25 27 91 10 47 89 51
42 27 67 84 18 3 16 60 76 11 82 70 88 40 21 67 4 70 81 57
62 16 78 70 20 7 12 46 76 15 94 82 87 44 33 72 7 70 92 46
63 18 79 70 11 6 16 55 61 10 88 83 91 33 26 88 4 45 95 44
39 17 51 71 18 6 7 42 73 10 90 90 92 35 21 74 5 46 82 46
