100 20
32 76 46 23 69 32 85 45 36 78 31 88 84 98 79 38 91 10 80 48
36 87 79 97 8 53 86 51 90 37 40 30 14 11 33 13 75 80 74 68
48 81 14 83 66 6 35 14 89 85 20 81 25 73 45 70 20 47 31 34
84 62 45 68 15 13 36 38 56 2 8 52 99 24 95 11 59 6 31 39
36 99 67 58 64 60 19 13 31 62 5 9 9 55 22 89 95 90 39 95
15 63 17 78 58 95 68 27 46 79 49 27 71 77 5 13 76 84 5 17
30 52 8 45 27 33 49 62 97 58 4 31 34 67 51 77 68 73 97 68
86 80 82 3 96 25 62 72 58 26 92 26 9 65 56 57 8 48 99 35
53 55 70 23 66 96 92 19 98 17 4 19 49 51 95 11 42 18 4 86
34 73 38 57 85 52 43 33 54 73 79 40 67 76 86 55 8 38 26 44
54 87 61 34 51 98 44 12 39 28 62 81 75 93 5 36 29 88 29 97
15 2 60 32 96 99 15 87 71 23 82 34 37 45 77 9 55 24 74 20
54 72 43 87 61 4 2 69 72 79 77 83 62 50 72 55 55 32 73 54
67 49 89 72 15 32 74 15 92 6 62 72 63 46 69 27 61 78 28 86
10 7 9 20 46 68 87 24 20 19 98 83 85 50 53 39 2 45 87 53
82 44 8 83 47 46 82 10 12 92 63 87 68 60 73 44 94 58 81 70
48 72 22 93 61 66 10 35 27 25 80 53 49 29 47 18 79 57 56 11
13 79 26 86 39 90 52 63 98 81 67 75 30 51 73 49 60 92 51 24
18 67 87 89 84 17 55 84 72 76 86 83 23 42 43 15 68 85 6 82
70 54 69 60 53 56 32 74 21 73 39 66 29 22 53 53 14 75 75 45
83 69 5 45 77 63 20 59 80 82 78 61 80 57 38 76 76 77 92 77
95 78 57 78 69 15 48 81 21 59 92 8 42 78 85 67 35 21 82 79
32 86 8 83 38 52 80 83 58 73 95 53 53 28 8 20 21 49 65 22
50 38 24 99 85 81 85 17 21 54 84 69 27 17 2 66 94 98 81 10
12 22 27 58 20 30 30 24 47 11 50 46 45 49 7 16 28 93 72 19
8 23 37 87 8 37 92 85 28 11 32 88 97 61 71 48 43 81 22 97
94 11 42 6 60 60 5 87 2 4 35 97 20 44 8 74 4 13 65 14
54 52 28 65 32 15 87 29 42 25 83 28 74 34 68 75 78 98 96 53
16 89 90 50 23 40 46 16 95 50 93 64 19 9 30 9 77 34 2 8
40 22 90 67 31 69 53 4 93 69 18 54 48 15 28 11 24 4 76 23
99 90 22 33 3 41 79 76 65 45 84 97 41 44 8 59 18 78 55 4
52 85 71 74 48 6 8 91 48 17 74 44 36 26 18 49 87 47 89 74
28 11 33 52 31 77 26 56 30 80 15 56 91 23 57 73 53 58 68 11
17 33 84 26 94 95 78 10 65 21 94 26 93 70 11 74 60 37 50 20
20 25 48 19 58 48 96 84 11 14 41 53 13 19 22 20 35 87 20 4
66 76 95 4 20 25 49 64 73 46 67 58 56 67 67 6 58 40 55 74
90 55 50 39 74 16 73 27 84 63 24 23 56 23 2 16 82 69 27 58
54 27 80 73 50 44 85 20 95 74 85 61 42 70 3 92 53 71 26 38
82 4 70 49 3 61 92 13 75 6 62 48 38 51 53 46 59 2 29 33
76 7 71 19 43 25 18 45 33 3 41 27 73 38 70 90 51 3 79 33
61 33 44 69 45 82 19 98 86 78 77 24 76 23 83 68 61 89 19 8
52 43 68 26 71 94 24 71 46 83 84 72 78 7 27 96 89 97 76 64
12 54 69 85 62 56 62 82 96 25 30 24 87 24 4 87 40 27 85 55
58 56 35 32 19 49 54 60 2 21 7 34 81 9 29 10 28 51 32 61
38 34 41 87 39 57 93 42 20 23 12 36 24 18 71 11 64 97 99 3
54 17 32 96 74 80 7 31 16 46 15 58 6 85 35 5 66 35 52 50
79 73 56 78 34 21 14 40 13 6 11 95 66 24 97 29 31 58 77 49
86 71 19 85 44 54 89 16 61 48 22 41 12 84 20 75 67 74 48 33
44 3 15 36 83 78 57 37 41 40 5 39 96 14 71 83 7 6 42 56
32 3 7 34 61 2 68 42 80 13 6 15 62 77 58 3 94 44 5 85
44 34 95 89 82 84 90 38 93 35 83 29 31 25 5 61 45 64 68 90
71 74 23 17 23 44 17 62 60 19 79 25 59 57 35 81 51 81 93 97
3 59 20 83 53 9 97 82 35 28 68 22 59 41 44 58 28 64 33 23
90 59 6 56 11 15 14 40 11 45 33 32 32 82 61 21 62 7 17 55
75 78 91 28 54 80 61 10 87 85 84 11 81 43 12 57 74 54 91 35
87 35 56 79 88 15 4 47 16 42 53 78 36 43 76 88 20 42 57 6
61 57 54 61 72 16 59 88 62 57 61 69 24 17 98 26 2 24 9 3
71 93 71 65 32 94 71 2 53 27 31 27 14 86 82 15 2 98 50 97
39 81 95 98 29 42 88 97 14 7 76 68 67 13 99 14 54 82 17 96
49 32 11 38 44 78 60 96 81 84 56 18 12 98 50 27 53 99 90 91
86 68 71 18 7 29 37 70 10 25 72 10 67 17 93 36 6 19 26 10
58 64 41 7 51 82 34 86 20 67 45 24 48 79 89 3 16 8 14 10
78 30 73 62 74 14 54 11 91 34 71 22 42 47 8 48 63 57 77 11
21 23 4 86 84 54 93 75 50 88 34 10 33 32 41 4 65 82 28 10
4 81 2 27 5 55 59 75 99 13 10 63 25 12 96 42 61 60 8 8
99 7 94 43 14 58 15 19 7 95 97 5 42 50 90 67 27 76 28 86
25 17 12 4 21 23 65 44 16 2 84 74 14 85 67 28 52 34 14 99
12 57 6 63 49 77 70 85 19 82 83 18 24 27 93 6 97 25 84 36
8 75 28 22 68 31 70 47 9 92 2 3 89 40 35 87 37 74 21 67
44 93 19 86 31 78 9 51 20 6 19 77 64 71 75 26 16 82 67 52
33 30 25 17 97 49 41 10 73 63 97 67 56 55 73 13 85 32 85 47
18 16 97 94 93 76 24 70 98 68 32 99 42 55 63 45 95 8 57 11
88 34 86 42 4 32 42 37 81 24 47 15 35 99 77 33 18 8 32 8
87 75 38 23 58 83 97 74 71 8 30 62 94 7 89 13 54 78 69 47
13 12 78 5 39 91 80 28 56 41 69 96 66 6 37 96 83 77 85 47
20 6 81 58 33 58 33 26 11 48 18 97 58 76 67 84 77 42 49 47
97 31 44 52 35 78 58 75 48 10 83 26 41 3 80 89 40 74 99 76
94 60 25 96 43 50 47 46 74 69 2 8 48 88 86 15 28 44 17 63
69 87 82 72 23 10 98 77 79 37 19 22 16 60 9 84 10 71 87 55
6 81 12 11 88 70 55 39 68 51 39 4 40 5 28 26 12 40 57 33
68 85 81 56 37 39 54 14 23 89 5 52 66 29 54 87 32 22 3 51
31 87 15 26 90 38 88 99 86 88 67 32 6 20 67 91 13 69 26 8
25 20 29 3 83 97 84 94 93 10 12 49 84 64 75 18 58 69 47 56
11 95 22 60 86 17 32 64 43 42 22 34 75 91 57 69 41 70 40 68
44 35 52 19 35 12 54 69 58 47 98 47 60 30 30 7 71 9 62 48
92 56 79 86 49 77 62 81 48 68 20 77 27 14 3 24 8 11 74 96
52 74 10 18 23 93 19 93 28 74 98 62 73 11 83 96 68 98 8 35
24 31 4 87 86 95 9 21 51 13 72 5 67 74 62 39 26 63 61 6
80 25 33 15 4 23 68 54 67 75 70 55 8 65 97 95 89 90 97 30
96 7 80 68 82 10 86 7 24 62 30 76 94 36 90 43 67 39 61 92
22 24 95 7 10 13 29 9 59 53 59 98 32 48 19 52 36 33 36 38
17 7 64 83 71 8 90 3 17 24 79 59 36 14 90 82 17 2 48 21
44 5 79 44 93 50 81 53 11 2 62 80 39 59 33 34 65 2 89 96
2 9 77 5 8 6 29 26 98 40 71 29 79 83 82 6 71 85 31 47
50 7 51 10 4 9 6 17 37 14 4 76 2 83 21 14 21 69 8 11
97 71 99 13 4 31 55 46 19 55 78 91 24 16 19 8 18 11 3 18
15 10 66 91 22 7 65 4 5 36 83 76 61 8 10 7 77 51 38 81
51 63 34 24 95 68 97 9 58 88 34 17 15 21 22 78 13 92 52 99
63 8 24 42 60 57 33 92 40 6 96 86 44 15 5 52 7 61 63 44
28 97 65 78 70 51 73 84 19 32 22 25 62 62 59 32 71 39 50 46
