50 10
16 34 17 42 75 65 34 14 36 13
20 81 57 78 14 52 73 35 37 5
38 4 97 48 83 95 57 52 77 63
96 29 37 38 79 34 11 5 24 49
22 34 30 56 22 38 71 12 14 53
95 89 27 3 65 90 9 61 62 77
50 36 31 26 13 38 86 70 35 75
49 12 75 16 18 15 35 46 39 14
75 91 32 22 86 49 46 93 57 32
38 56 46 66 83 59 95 31 34 28
95 29 70 26 8 25 43 43 25 78
91 69 78 79 88 49 5 83 50 57
24 62 96 77 86 18 28 92 25 57
39 70 80 74 61 44 58 51 74 4
64 94 30 64 36 63 40 80 70 52
88 10 8 58 35 67 37 68 3 38
24 86 74 83 43 12 13 49 74 14
98 86 25 14 79 95 9 5 13 65
53 2 55 18 83 58 47 35 99 22
87 35 84 69 14 72 82 56 53 60
7 89 22 20 75 95 21 77 89 92
51 43 21 8 27 98 82 19 33 10
50 88 51 4 74 38 38 15 37 51
87 29 89 12 41 4 88 29 63 37
45 30 53 2 66 74 81 10 67 46
14 50 69 62 25 54 44 58 4 40
47 49 67 57 27 93 98 65 68 37
25 19 8 72 15 71 3 12 5 36
80 27 3 50 58 32 24 66 11 87
3 63 61 10 81 32 41 80 58 6
63 88 42 54 72 11 25 78 52 90
38 32 48 32 91 44 89 76 46 15
3 62 36 12 25 23 15 41 11 86
57 66 46 8 76 5 75 70 6 82
84 67 93 85 63 6 77 88 14 34
7 93 81 63 93 82 28 98 48 92
40 23 31 42 30 46 79 40 20 98
57 10 30 78 46 94 88 28 83 66
60 64 60 56 48 98 5 92 86 3
91 47 98 36 6 2 92 20 70 88
9 56 71 9 58 51 42 69 94 90
31 19 47 32 31 42 51 63 70 6
99 78 53 42 78 46 74 72 57 36
80 70 10 4 22 58 30 67 66 35
59 67 9 91 60 15 81 88 23 65
22 17 27 80 56 63 78 48 81 77
31 87 84 69 50 17 66 42 8 45
14 10 40 47 4 17 12 19 46 48
81 41 83 9 52 12 15 90 17 35
53 69 79 30 25 60 21 3 94 38
