100 20
50 50 82 91 80 59 26 62 26 89 6 30 67 2 34 57 77 8 15 78
53 45 30 95 84 44 26 50 28 77 6 20 76 5 29 64 69 7 11 68
51 38 44 96 83 63 26 61 38 84 5 20 78 2 38 56 59 7 13 62
46 50 33 92 88 33 19 37 26 80 11 42 78 5 17 79 50 5 7 60
44 40 39 99 86 63 35 49 19 73 4 21 68 2 10 61 73 9 4 76
45 58 48 96 91 70 24 62 27 85 8 16 69 3 39 65 75 4 9 68
37 36 55 91 93 46 19 65 17 77 8 32 80 3 25 51 72 10 12 69
42 46 49 94 81 61 33 67 26 87 6 17 79 2 35 80 65 6 10 26
38 55 36 95 81 76 33 58 17 91 3 20 65 2 16 57 77 3 17 77
56 37 46 95 72 63 31 65 27 78 7 22 79 2 31 58 73 5 17 70
62 45 32 97 96 47 24 63 23 92 6 16 65 2 12 67 88 8 25 75
41 49 31 90 81 67 20 39 40 85 11 24 57 2 20 56 73 6 24 79
50 41 42 95 87 43 32 76 14 94 2 41 72 2 30 71 83 7 8 59
51 56 71 96 67 68 22 73 40 91 5 31 71 3 31 61 74 11 9 55
56 66 43 95 83 75 19 54 36 89 11 24 58 3 22 69 65 7 10 50
52 47 48 97 81 76 43 85 16 70 7 19 61 3 33 81 78 3 11 63
36 61 54 89 83 56 25 53 20 83 6 18 71 3 30 56 40 3 14 71
42 41 52 87 82 75 28 76 15 92 7 28 82 3 25 70 48 4 12 61
46 52 53 79 86 71 11 51 34 90 4 17 79 5 17 70 41 4 8 64
47 61 43 91 90 54 24 58 13 93 5 14 52 2 27 58 71 4 4 69
50 36 55 90 87 45 38 45 19 91 15 26 80 2 36 62 80 7 17 57
41 34 15 95 81 82 22 57 19 90 4 29 76 2 22 52 51 9 19 81
48 61 39 86 88 59 14 49 26 94 7 14 83 2 13 64 55 7 13 68
55 53 42 97 93 71 33 49 22 82 7 18 65 4 25 46 67 6 10 67
48 48 37 91 85 58 37 71 22 93 5 19 54 2 22 65 86 5 9 78
44 37 45 90 77 60 16 65 24 66 6 32 86 3 22 42 58 5 8 49
41 39 57 95 91 53 29 68 42 89 11 28 56 4 57 63 56 7 10 68
49 34 37 85 93 78 29 74 7 93 6 8 90 3 28 56 61 6 9 50
54 34 16 89 91 55 21 74 20 82 5 19 71 2 20 62 79 14 19 65
45 44 48 91 82 63 24 58 28 90 5 25 58 2 12 60 48 9 8 78
37 47 61 90 91 70 26 75 23 90 15 15 74 2 45 74 56 8 12 59
49 41 49 94 95 59 21 82 35 84 10 23 77 2 18 63 83 5 10 73
41 46 34 92 90 87 31 55 18 88 4 31 51 2 15 40 54 5 16 65
49 50 44 93 71 68 35 60 42 81 5 16 56 3 21 67 69 6 11 67
34 57 30 93 92 48 26 66 24 76 4 15 68 3 18 57 56 4 13 59
52 61 35 95 81 59 33 51 26 80 10 30 74 7 44 56 78 11 5 73
39 58 55 95 78 63 18 60 18 84 4 16 79 3 17 74 76 9 8 46
54 32 36 95 93 66 28 63 16 91 3 19 61 2 13 52 75 7 23 43
53 44 47 82 83 82 25 64 25 85 11 18 74 4 36 66 83 5 7 71
46 65 39 93 85 63 24 61 25 71 5 7 72 4 21 67 72 6 6 70
48 49 36 93 71 76 15 70 15 83 9 22 66 3 20 52 62 7 17 66
59 59 79 94 87 54 27 59 25 86 5 16 76 2 17 69 83 4 4 46
58 48 46 91 91 64 18 41 28 70 5 17 64 3 25 70 55 4 6 65
60 40 18 97 87 48 16 45 22 87 8 28 80 4 22 61 81 4 7 53
53 35 49 89 82 77 26 67 30 90 8 29 72 2 21 61 66 4 12 59
52 62 39 95 85 61 19 59 36 73 8 42 76 3 19 41 76 12 12 52
36 47 35 83 90 58 27 45 24 78 4 24 70 3 19 77 73 12 11 80
28 47 31 94 91 71 35 37 14 74 8 21 74 2 15 49 80 6 27 76
48 46 38 89 89 65 23 71 25 88 9 32 81 3 16 58 87 5 19 71
48 49 59 93 91 81 24 75 18 91 7 13 41 3 24 73 73 4 13 37
47 27 41 96 85 73 18 69 31 84 3 16 87 2 21 68 74 14 8 79
43 72 28 94 84 66 14 55 30 72 6 22 79 3 22 69 78 7 5 59
43 50 40 88 92 59 26 67 22 76 8 20 86 3 19 74 70 8 10 54
62 41 35 93 96 54 24 42 22 86 4 28 56 3 29 63 59 6 12 76
39 50 47 93 88 71 50 57 20 84 4 44 78 2 10 51 72 10 4 75
35 37 30 94 85 60 35 61 38 85 2 27 78 2 20 69 72 4 13 63
45 41 48 82 88 62 19 64 40 91 5 31 68 2 32 60 74 4 11 59
58 66 44 96 88 61 21 65 29 91 10 22 61 3 18 84 77 6 6 72
46 52 45 90 86 72 23 49 35 91 6 39 82 4 31 74 74 4 4 76
57 40 56 93 85 62 23 70 16 73 6 27 58 2 29 80 45 9 18 71
45 39 37 93 83 61 17 63 35 85 5 20 84 2 22 68 62 4 23 67
58 56 51 96 81 83 16 68 24 89 7 39 79 3 27 75 64 6 23 68
33 74 53 96 90 76 23 66 35 88 10 22 75 2 32 67 61 11 5 45
24 47 33 87 86 74 43 78 16 84 10 26 71 2 27 78 55 6 20 66
36 39 41 97 95 77 30 68 29 93 3 28 63 4 28 58 77 4 9 74
76 60 27 95 90 59 23 64 25 92 2 29 75 3 16 60 76 4 7 62
28 55 34 95 97 85 25 53 15 89 3 27 74 4 15 61 71 8 14 49
43 44 25 95 93 35 41 71 32 82 4 15 75 5 24 54 63 6 10 78
59 40 61 84 93 50 23 45 20 85 7 13 58 3 24 49 66 5 12 65
37 25 46 87 83 82 24 54 23 88 17 29 46 2 19 65 74 5 12 55
36 59 37 91 86 60 25 58 10 77 7 30 74 2 13 55 78 6 8 65
37 67 35 87 85 44 34 55 27 82 7 26 78 3 15 67 72 12 15 58
48 39 38 91 86 37 36 40 41 87 6 14 69 2 26 54 65 6 4 67
49 41 33 96 95 54 12 68 21 92 12 17 80 3 22 78 75 3 14 63
18 49 55 87 91 54 10 68 21 82 5 29 90 2 13 71 59 5 11 56
65 61 40 90 88 41 33 47 31 83 9 21 70 3 21 51 84 3 6 70
42 49 45 92 87 65 30 53 14 93 3 29 60 3 27 76 73 7 4 60
58 45 54 77 84 52 39 31 16 84 5 21 70 2 30 50 57 5 7 53
61 45 45 94 91 66 12 44 14 87 3 12 80 2 16 40 77 6 10 67
63 56 48 93 84 60 14 68 21 81 6 33 81 2 12 39 75 3 7 76
53 47 25 96 84 29 15 54 29 88 3 18 70 6 25 70 85 8 5 72
38 56 59 94 80 58 26 40 14 87 6 27 47 2 21 59 70 5 13 77
43 65 48 97 76 59 15 60 23 79 3 17 72 2 32 68 59 5 8 66
54 38 38 95 88 63 30 61 27 81 9 15 72 3 26 32 61 12 11 52
58 49 46 91 94 68 25 77 20 91 3 36 61 2 15 60 65 20 8 56
48 60 62 97 92 62 35 54 18 84 6 11 73 3 28 78 77 9 6 60
42 46 52 86 85 51 30 57 32 82 17 12 52 3 34 42 68 6 15 61
53 26 30 93 72 71 16 48 19 83 4 35 71 3 12 53 59 7 3 71
53 45 49 95 85 58 12 56 15 77 4 32 61 3 19 70 62 5 11 51
61 52 26 94 89 53 23 87 10 90 6 6 66 2 16 70 77 4 6 46
45 35 46 85 72 69 39 54 15 87 7 28 87 3 42 64 73 5 5 83
57 52 37 95 86 63 46 71 19 89 6 31 79 3 29 79 56 8 14 76
40 40 31 92 95 57 47 62 41 90 6 15 81 2 28 61 61 6 11 85
51 41 49 90 98 67 33 56 37 88 2 9 81 2 38 61 74 7 12 54
46 44 40 81 87 67 30 54 40 73 11 8 79 2 20 74 52 8 9 74
60 37 43 93 92 50 23 64 9 85 5 17 86 2 42 54 72 6 22 61
44 49 48 88 88 75 24 83 28 81 6 33 66 2 23 70 63 7 20 57
47 54 42 97 80 47 32 60 19 80 8 18 78 2 20 78 70 3 14 66
57 45 46 90 87 66 24 66 21 93 8 28 76 3 29 57 78 5 12 76
39 56 31 95 89 68 29 54 23 77 11 30 68 2 37 69 65 7 25 62
