50 10
57 64 71 34 27 82 78 31 96 18
48 67 78 87 29 74 76 54 89 15
58 73 61 69 36 83 72 41 88 18
41 58 61 85 35 82 76 48 92 27
79 72 65 77 13 61 67 45 97 37
49 80 64 72 35 83 71 34 90 32
56 71 59 59 22 73 65 25 94 22
58 68 54 78 25 84 66 33 87 16
70 72 30 81 26 68 74 38 88 26
53 82 76 83 43 78 79 50 93 25
80 72 76 72 29 85 61 41 98 14
57 74 38 71 35 61 63 41 92 14
71 86 67 81 13 82 83 28 87 17
40 88 35 75 51 77 64 39 92 20
73 80 39 60 37 77 80 36 95 10
80 69 45 82 28 82 77 36 97 32
71 85 54 68 37 82 88 23 86 24
50 78 65 60 44 72 95 41 93 18
65 77 60 66 11 76 72 55 90 25
65 70 62 78 38 76 68 56 94 19
71 83 57 59 10 69 56 25 82 33
49 74 59 59 25 81 78 32 90 47
58 62 68 70 30 75 85 41 93 20
58 83 47 84 22 76 75 31 73 26
76 73 51 66 18 81 66 38 91 24
55 77 56 78 35 79 62 23 93 17
73 73 61 60 37 87 84 27 90 22
55 93 68 82 34 69 68 44 96 23
69 84 75 55 43 56 68 34 92 15
61 69 68 65 39 75 51 36 94 18
67 79 43 71 32 69 57 49 91 17
66 67 58 76 36 75 79 29 91 23
70 74 43 67 30 83 57 50 88 9
70 70 78 78 10 71 79 43 87 31
56 66 60 61 34 79 69 43 93 32
82 80 66 67 30 52 59 31 95 28
53 81 68 74 25 71 62 23 97 33
74 82 60 68 14 60 80 39 93 32
72 70 52 74 35 74 74 38 95 33
72 73 52 64 47 74 71 36 86 18
64 60 48 63 23 93 61 34 91 18
61 75 65 70 51 84 72 39 85 17
44 93 37 78 37 63 63 25 97 18
82 84 62 69 34 66 52 53 92 17
52 85 71 75 29 62 70 50 97 34
49 67 48 79 29 78 82 35 88 25
61 54 66 73 22 84 59 37 85 13
81 67 69 43 23 62 61 49 94 21
64 91 42 68 29 75 94 31 95 9
44 86 65 54 40 68 74 42 92 18
