200 20
21 19 92 89 78 55 89 56 96 34 18 65 25 35 19 81 52 9 7 40
14 59 62 58 83 29 32 13 24 51 76 55 46 26 10 33 91 60 6 6
12 72 47 68 90 41 68 47 48 36 40 89 16 10 85 33 89 14 87 59
73 23 10 52 36 24 81 98 46 50 41 91 40 83 91 65 44 45 19 50
79 81 10 51 91 13 98 20 65 16 26 45 60 5 93 90 26 58 66 98
66 79 43 43 8 35 14 40 38 55 73 62 40 10 44 18 30 31 95 94
25 9 4 38 52 50 99 4 19 32 32 22 39 61 39 19 65 41 4 81
85 67 7 22 61 91 37 64 45 14 33 25 26 91 29 53 48 68 99 78
26 96 45 94 56 95 37 66 32 29 39 63 41 11 81 66 16 99 87 47
34 54 54 73 6 76 22 93 8 22 36 70 41 8 96 96 53 23 48 41
8 72 40 91 29 57 18 89 20 38 98 82 88 66 22 71 85 82 79 11
45 56 73 4 14 23 60 33 11 28 8 87 90 35 6 24 31 90 65 91
11 88 15 50 99 29 91 12 37 63 90 85 23 65 84 37 31 64 81 61
77 53 20 61 72 34 55 92 29 18 81 22 49 82 28 52 97 72 66 63
26 26 19 88 89 96 58 62 26 93 5 5 31 60 32 6 75 67 94 95
99 9 2 23 9 38 6 14 9 98 74 43 6 48 17 82 25 71 58 12
68 38 64 30 97 27 51 25 83 80 31 8 44 55 39 13 36 31 87 62
10 51 52 29 95 38 38 3 7 48 30 36 70 42 90 31 10 39 86 60
40 66 98 31 26 60 68 15 75 60 2 94 14 34 86 57 72 31 96 39
93 47 78 23 69 96 8 43 8 10 77 6 31 26 55 35 72 42 5 81
60 68 48 61 51 33 98 36 9 80 94 67 51 17 93 18 18 76 16 88
20 51 11 96 54 70 14 47 33 3 71 36 18 34 76 24 2 35 93 30
98 43 38 20 23 2 10 94 87 84 47 91 60 50 34 84 37 66 16 10
10 10 78 47 30 77 73 74 8 40 85 90 22 35 23 9 50 98 90 22
48 46 14 11 17 85 35 57 62 29 48 6 24 11 78 92 77 81 35 36
78 16 90 32 67 16 81 54 57 56 2 5 55 79 36 47 18 48 20 60
39 84 92 6 69 30 61 73 84 37 52 23 22 33 90 37 76 27 57 99
88 37 78 87 35 10 59 80 92 18 29 89 92 80 95 52 59 86 34 94
81 49 35 99 35 68 46 30 39 42 96 30 9 90 29 49 10 35 54 7
47 69 83 92 71 49 12 74 39 64 8 57 40 98 85 92 64 71 59 24
90 45 55 6 83 83 89 33 65 45 52 77 99 22 96 17 43 43 18 31
25 26 21 94 17 53 21 75 86 64 26 41 48 63 62 31 54 84 75 83
18 47 73 41 18 98 73 76 69 23 89 7 62 95 43 88 93 39 16 88
60 54 96 42 44 77 86 88 66 73 75 78 3 7 55 27 88 51 49 37
82 24 72 87 16 47 87 7 28 80 27 19 20 88 82 9 58 24 33 32
17 8 56 62 79 75 44 4 73 42 92 57 87 89 24 79 11 14 76 5
20 10 62 58 32 22 70 81 90 27 85 22 71 47 29 32 74 30 23 44
83 40 84 3 36 27 71 28 41 15 77 6 19 42 11 63 68 39 40 56
68 74 58 88 86 85 55 48 27 67 64 76 55 10 91 98 77 31 63 7
35 33 26 14 99 78 40 14 58 15 36 21 57 23 15 62 32 71 76 70
26 78 46 59 29 90 92 69 16 38 5 73 80 29 86 55 20 85 90 15
29 74 34 63 71 12 86 84 95 80 65 27 14 77 68 13 39 55 48 42
31 64 41 81 26 18 2 63 72 22 92 63 55 18 26 85 56 20 62 66
80 54 29 99 7 56 26 90 22 22 58 44 86 46 68 32 96 11 74 38
79 93 42 52 45 71 57 87 50 53 72 34 38 79 28 37 94 35 73 34
34 68 52 46 61 40 35 34 19 62 89 39 38 41 61 34 72 57 45 94
63 59 96 70 23 63 23 30 17 86 66 16 9 57 73 61 7 39 52 34
70 30 80 64 61 22 16 44 47 17 27 71 5 18 86 64 68 17 55 97
40 66 24 99 93 23 93 17 33 87 11 63 28 83 11 64 79 24 91 98
57 29 33 25 4 8 70 25 41 54 58 16 83 18 57 84 83 75 76 84
77 8 51 89 78 73 20 34 44 97 76 34 71 79 78 96 91 7 31 38
51 80 56 52 60 28 5 53 98 70 20 77 90 45 98 23 33 79 78 20
3 40 54 33 31 75 96 20 82 7 36 75 12 97 75 71 99 28 97 84
61 24 64 45 40 94 24 76 43 2 72 52 45 54 53 57 53 13 83 51
30 31 8 42 68 80 4 98 41 45 97 73 6 75 51 9 42 60 23 11
57 72 69 28 12 70 93 89 86 38 7 22 87 94 54 66 48 46 24 67
28 53 64 23 46 90 86 27 29 30 46 12 55 79 6 99 72 76 12 95
78 42 80 4 48 24 44 2 84 23 65 67 29 75 96 8 32 58 22 7
90 57 57 62 71 52 53 96 69 53 91 89 70 81 40 27 33 68 27 67
96 16 54 88 19 16 31 11 41 87 52 73 3 48 49 81 99 35 74 75
71 87 34 59 93 70 25 81 54 88 35 62 11 45 18 74 43 21 49 44
11 85 29 4 2 49 75 78 26 4 44 91 20 76 16 13 84 79 92 70
28 10 40 93 32 31 19 96 32 92 4 26 43 65 12 46 76 54 66 2
3 36 28 24 22 65 13 29 63 23 62 79 49 6 20 31 31 85 98 81
96 21 58 11 90 12 12 59 23 60 54 46 73 59 30 36 99 41 5 4
12 98 22 42 48 53 90 27 76 94 30 66 94 53 23 52 20 43 73 62
74 40 83 84 10 14 25 62 83 19 77 49 34 10 54 83 19 14 74 85
84 64 9 9 32 27 5 48 68 76 78 37 66 94 54 33 87 56 33 69
86 22 95 36 36 30 4 39 58 4 59 98 64 97 14 32 32 79 81 41
71 93 37 23 66 89 51 61 30 32 89 96 48 53 52 93 78 40 9 7
21 85 77 79 62 57 14 87 18 52 76 22 58 30 25 42 54 60 14 28
21 21 64 20 53 48 77 74 77 43 74 42 84 9 39 16 8 64 45 96
57 95 18 97 68 63 30 88 15 7 54 52 13 84 55 49 4 78 12 43
78 28 76 11 98 28 93 53 5 25 83 71 37 99 37 60 18 6 85 59
36 69 11 26 35 72 43 37 7 15 14 27 78 5 74 34 30 28 43 66
4 23 29 87 21 82 32 73 86 86 38 15 63 57 88 92 76 88 56 46
12 14 55 72 20 75 53 32 13 95 78 79 67 38 13 96 3 32 42 55
54 32 88 9 24 49 27 59 88 88 54 32 51 47 49 27 4 93 69 40
31 70 55 95 23 74 47 76 17 39 20 48 73 20 95 90 72 52 57 18
82 63 97 23 41 46 89 40 55 66 8 29 73 4 55 56 43 29 52 36
57 37 41 88 19 84 50 40 39 14 64 69 30 69 62 58 20 86 87 59
42 63 82 23 99 13 36 83 96 81 24 68 46 5 65 13 15 92 82 75
84 63 39 39 53 57 17 91 69 78 10 75 80 33 64 38 48 46 85 73
57 93 61 75 72 10 27 79 4 63 85 96 45 11 73 26 65 24 64 40
42 88 81 84 21 45 3 92 67 67 32 10 42 58 97 52 42 56 12 25
22 17 27 47 78 67 72 85 42 17 43 63 79 73 10 85 18 32 81 10
98 39 28 11 51 52 47 60 73 77 60 71 49 16 61 96 41 92 99 82
5 45 2 87 3 77 11 74 7 61 73 18 87 54 61 4 26 66 10 33
42 88 64 27 77 95 45 98 39 61 86 40 35 33 16 30 10 14 45 74
45 39 89 3 28 7 42 45 75 26 24 97 44 66 5 75 43 33 37 27
49 29 30 57 30 17 80 83 31 39 35 15 70 37 13 40 82 55 7 83
38 87 69 4 95 70 92 52 36 38 30 45 41 3 52 33 75 35 87 12
91 29 75 84 53 19 74 9 72 59 3 19 16 86 26 23 49 28 36 89
95 76 32 36 60 19 78 89 95 75 90 16 27 68 62 95 3 60 27 67
64 61 85 52 69 72 33 38 40 63 29 24 61 44 23 58 26 29 92 52
35 92 47 80 52 36 66 22 77 46 34 77 44 73 92 10 3 93 29 87
79 40 98 82 28 12 47 97 41 80 71 25 30 84 8 35 79 13 64 59
13 60 33 54 44 72 36 94 44 5 37 88 11 45 42 79 37 75 60 57
68 63 9 52 68 93 19 88 18 6 98 92 49 23 23 16 9 82 15 89
37 49 79 42 17 5 94 88 23 96 87 87 37 56 56 91 11 7 2 57
89 5 55 53 96 35 37 26 44 56 66 86 74 66 20 9 3 11 27 5
57 67 5 37 13 61 53 19 71 96 2 41 92 97 59 16 36 65 23 50
99 13 60 67 82 3 49 62 42 86 50 63 15 68 35 11 57 87 18 43
35 9 38 3 37 76 22 41 78 89 50 87 50 95 20 84 73 41 95 80
78 16 14 84 46 9 29 46 52 97 80 76 8 52 82 44 59 69 29 55
76 77 88 12 4 79 77 30 3 70 77 25 93 60 7 87 71 78 39 87
63 70 94 77 27 69 78 3 84 68 51 3 89 14 80 46 43 55 24 73
94 3 48 66 83 9 37 43 4 94 69 81 93 78 43 16 61 37 11 37
76 84 2 63 20 66 58 53 4 45 31 66 11 21 12 98 83 49 97 69
83 5 5 70 50 30 69 57 55 31 8 51 24 47 30 85 36 38 15 6
3 21 69 47 45 71 30 26 63 29 37 83 46 94 11 98 60 72 53 45
87 56 68 55 84 62 92 41 44 86 25 21 25 93 42 96 63 7 6 34
14 56 95 82 50 31 95 24 44 62 35 20 77 44 61 20 96 73 76 36
8 48 92 60 66 53 62 4 56 26 93 26 20 76 91 74 22 71 33 48
71 54 70 8 24 37 30 92 19 30 65 32 40 31 13 85 30 82 71 51
70 41 48 77 26 18 71 79 95 24 45 85 26 43 53 27 49 45 55 53
72 2 85 19 17 75 62 80 39 54 80 95 28 43 8 47 51 68 83 86
31 59 36 76 90 76 97 8 9 60 65 14 45 50 50 22 15 20 46 61
8 92 88 52 38 36 9 29 41 57 28 93 41 63 11 69 35 85 74 92
57 63 63 83 96 36 15 20 40 50 90 60 84 20 43 33 29 57 27 32
87 81 7 51 6 89 52 49 93 48 95 51 8 11 24 44 29 34 76 87
99 75 16 29 22 31 93 94 70 14 55 82 33 79 15 29 55 83 72 58
84 27 23 36 54 67 29 13 88 52 8 34 58 67 8 43 47 34 73 18
36 90 29 54 3 60 43 18 62 76 57 55 98 76 27 96 67 93 93 67
48 20 46 20 53 6 59 88 35 19 89 91 48 44 87 6 36 68 87 90
81 9 56 95 34 38 57 88 60 97 17 69 28 67 61 69 16 37 82 87
84 22 36 87 21 21 28 45 83 11 70 9 52 24 52 97 55 51 26 96
94 35 60 78 14 27 45 97 66 31 25 97 65 19 73 36 76 88 40 87
13 70 20 74 93 58 93 58 5 56 38 44 85 83 5 72 4 44 89 47
91 75 59 37 77 30 95 55 24 25 79 67 19 31 29 69 72 6 83 13
38 62 8 5 96 82 61 91 63 56 25 39 96 27 38 32 57 20 5 69
93 94 31 58 39 75 97 27 76 78 69 43 11 94 45 26 11 51 53 75
68 29 82 78 92 45 27 60 88 7 78 96 74 83 78 3 38 65 67 83
35 5 96 64 64 72 11 74 41 30 61 91 95 16 69 16 16 6 16 69
6 26 78 29 24 60 88 89 38 16 77 63 27 44 90 48 41 54 79 55
15 5 51 25 7 13 36 58 3 72 5 17 22 41 77 3 78 95 32 87
64 11 86 36 47 34 21 95 80 64 41 57 17 14 91 80 87 11 65 3
24 81 11 22 20 44 76 23 16 79 85 90 18 63 15 52 65 11 35 46
39 19 40 14 77 31 32 7 63 64 8 41 4 79 90 52 67 34 41 9
6 72 83 32 31 22 98 83 30 5 29 97 58 97 18 29 98 39 59 68
43 70 20 17 81 61 51 41 24 37 43 82 90 51 54 86 80 11 83 89
31 67 19 60 68 22 62 92 15 74 94 86 9 73 25 4 62 80 19 59
53 65 84 28 59 16 28 22 56 62 79 36 82 48 88 78 93 62 60 24
2 18 7 74 14 18 57 9 26 42 50 69 61 19 96 79 8 28 5 60
16 29 54 97 38 31 23 76 6 85 91 84 95 93 54 25 16 94 98 2
86 81 22 41 5 91 39 61 50 68 74 56 84 5 45 14 60 27 24 33
47 77 53 30 61 30 33 25 35 44 47 48 18 56 34 9 98 6 91 59
26 86 15 70 16 41 58 92 77 42 97 26 68 59 41 98 61 52 43 23
34 31 83 57 49 66 13 68 83 83 29 34 84 36 21 78 80 39 10 58
60 87 36 19 95 64 58 61 4 35 45 6 12 40 28 5 22 53 15 97
36 7 20 75 78 88 74 22 96 84 36 17 80 81 60 76 4 59 64 24
73 36 2 79 36 74 38 18 92 24 65 38 93 76 74 99 47 68 59 77
49 11 56 87 63 3 85 52 81 8 2 72 27 56 16 62 51 31 50 30
67 47 15 48 90 74 59 79 37 84 67 15 67 23 86 56 38 94 3 87
29 95 88 75 55 40 23 37 86 94 32 27 34 48 63 2 74 17 93 45
26 9 15 51 91 62 55 98 11 8 35 20 54 62 8 47 55 51 51 39
51 73 51 23 72 86 31 55 73 91 30 99 77 75 91 10 68 83 82 55
81 83 69 67 72 11 47 95 69 84 91 83 79 93 81 54 17 24 27 8
6 98 43 11 63 16 95 95 45 83 64 82 61 94 45 62 98 9 95 76
44 11 83 65 53 83 3 71 53 86 91 76 48 53 98 11 70 31 84 5
61 30 90 48 49 73 19 57 3 2 68 76 64 59 75 15 56 74 58 61
62 7 65 84 2 55 15 10 55 32 79 29 20 5 31 45 71 21 52 8
45 98 53 15 70 66 92 12 4 42 12 27 38 84 5 22 8 77 84 89
49 35 24 92 74 99 70 59 58 88 17 17 68 71 48 89 80 81 65 10
76 34 55 30 44 30 91 2 22 84 62 75 84 17 41 20 95 7 55 21
57 58 96 28 67 93 4 33 43 16 62 72 59 69 93 69 66 57 93 77
74 49 34 72 53 17 75 84 51 20 96 65 30 54 62 96 21 50 69 82
30 18 38 84 71 43 84 3 56 57 64 83 48 55 94 8 17 98 16 22
85 49 8 71 42 84 65 65 29 44 27 26 31 42 73 16 27 21 54 26
91 52 77 23 6 2 74 8 78 70 18 90 79 37 49 41 57 15 10 20
34 30 57 42 32 17 48 35 98 80 51 19 93 19 87 33 16 24 28 62
82 67 54 25 75 18 41 32 28 83 59 62 43 8 26 31 85 86 45 46
28 84 58 69 73 66 54 66 7 18 18 29 99 15 38 12 31 41 75 49
5 90 68 45 90 17 86 74 4 72 34 92 32 78 27 75 83 31 67 49
14 32 81 72 21 82 55 49 32 43 40 24 86 9 30 51 8 41 73 37
3 51 41 76 84 11 2 56 34 46 47 69 95 84 92 39 19 3 43 39
4 57 47 4 27 50 12 71 9 39 23 47 79 16 18 12 52 4 3 81
32 74 51 88 38 99 59 43 2 92 41 88 87 52 47 22 87 38 76 30
35 39 57 83 35 60 20 82 59 43 82 80 68 73 25 30 49 6 10 56
13 74 94 49 99 62 73 67 43 50 30 37 49 90 94 6 97 89 47 75
95 45 73 67 34 38 47 82 70 71 70 65 26 46 65 76 48 72 87 73
91 20 98 85 69 78 76 65 98 37 60 26 37 18 40 44 32 88 99 5
81 24 20 47 76 85 49 85 78 20 32 17 74 73 8 97 4 39 51 23
83 53 52 50 41 37 44 6 37 81 36 97 42 14 9 3 69 95 40 37
93 36 62 40 4 77 53 33 3 6 95 92 13 80 43 33 78 12 86 40
54 57 27 76 11 50 61 48 48 35 15 92 19 92 24 29 30 35 29 51
61 53 56 81 70 39 71 31 37 21 42 88 46 13 83 9 67 70 45 8
47 54 46 39 91 52 18 73 64 39 99 36 17 31 85 28 19 17 68 12
12 16 12 36 56 30 14 77 79 81 63 62 61 14 78 49 47 77 74 98
73 11 39 20 23 76 35 75 15 62 31 25 93 27 77 44 9 86 21 32
59 50 26 19 10 85 47 93 21 40 40 8 9 43 97 54 99 45 90 69
53 33 17 84 36 6 69 4 37 67 4 21 82 37 40 42 81 80 66 76
4 26 97 48 7 81 37 24 22 64 20 61 61 52 7 77 7 55 64 61
61 60 9 77 11 59 43 51 2 44 76 34 47 38 78 30 76 38 90 84
60 94 14 14 62 56 66 52 47 4 60 12 56 3 31 80 73 13 23 95
87 92 76 32 41 87 33 48 75 38 51 25 47 54 65 48 64 56 59 51
14 81 29 62 65 34 88 85 14 15 44 11 46 22 44 16 64 30 56 31
49 95 89 47 37 64 82 52 91 24 93 41 64 35 15 43 81 44 7 9
71 2 48 15 2 33 38 22 26 8 65 87 34 45 59 34 88 46 38 68
92 60 80 6 48 54 71 99 99 86 84 12 70 46 28 53 68 24 14 49
