200 20
93 93 90 90 87 89 92 73 92 93 92 94 77 82 96 88 89 87 91 86
64 76 65 70 79 68 74 60 53 79 70 65 54 65 52 66 66 76 70 83
46 28 44 59 50 65 48 37 38 58 42 33 32 28 38 39 63 64 62 60
15 9 7 15 14 7 9 10 32 5 10 8 11 8 14 23 21 11 13 9
55 46 68 84 52 84 53 71 83 77 83 79 74 74 68 78 52 71 67 74
23 24 13 15 19 31 28 31 14 14 12 16 9 20 16 30 23 20 12 19
80 69 67 70 82 51 50 69 68 59 65 71 72 81 66 66 39 73 54 44
21 44 26 57 29 26 35 29 54 21 33 37 45 19 42 31 28 32 29 17
71 80 60 54 79 68 64 81 84 77 61 72 65 81 84 79 61 82 86 73
92 95 95 89 94 93 87 93 90 95 93 91 98 94 85 91 89 95 97 93
85 90 88 88 96 94 87 93 88 87 92 90 88 91 88 95 89 96 93 91
80 89 75 71 57 65 71 55 71 53 74 71 78 43 85 62 80 74 84 59
23 36 27 19 18 22 17 10 19 26 24 20 34 31 37 26 48 26 26 12
5 9 3 9 11 16 6 10 6 6 9 17 6 10 5 16 6 16 6 14
69 54 75 57 67 51 70 74 63 56 56 57 63 53 43 67 62 65 86 77
42 33 45 37 41 41 43 50 45 37 48 38 44 45 46 30 47 42 40 56
19 21 15 12 11 21 25 29 17 16 31 24 22 34 24 22 30 42 24 23
48 59 63 40 56 57 44 34 38 35 54 61 48 75 23 42 46 43 42 59
73 54 61 58 63 69 62 52 48 59 52 58 56 68 56 76 48 79 46 77
5 15 18 23 17 14 21 25 14 8 14 20 22 27 24 4 21 25 8 24
88 77 86 84 90 96 88 87 88 83 87 93 84 90 80 84 71 86 80 96
99 99 94 98 98 98 96 96 98 98 97 89 87 96 96 95 96 93 95 93
72 75 82 58 73 81 71 60 77 83 69 87 78 74 77 62 52 67 61 76
34 39 48 31 37 20 23 31 21 18 23 27 42 29 18 25 18 33 16 28
95 86 93 91 92 88 78 90 68 84 78 72 88 76 92 91 93 92 84 87
2 2 2 2 2 3 2 3 2 2 3 2 2 2 2 2 2 3 2 2
25 6 12 10 9 5 20 16 10 12 10 13 13 35 18 24 13 19 9 34
27 16 9 21 46 20 17 36 32 19 12 19 8 16 10 19 14 18 30 24
14 10 32 22 14 13 29 12 13 15 14 29 32 37 27 34 22 15 9 15
42 58 64 42 51 33 50 46 47 37 26 35 69 63 63 54 49 43 50 62
19 40 35 23 41 41 62 48 71 46 34 52 26 48 46 38 24 48 39 32
81 65 57 66 64 53 55 56 80 61 71 59 68 62 66 61 61 40 77 70
17 20 25 25 36 48 38 22 31 13 23 33 26 27 23 20 38 23 25 22
32 20 30 23 21 15 20 33 16 24 19 23 25 25 21 20 27 26 12 23
85 90 76 86 78 84 74 70 64 69 86 84 80 90 70 66 87 85 72 78
6 12 20 7 10 11 12 8 8 6 6 15 8 4 4 17 8 15 8 9
53 39 31 22 31 33 32 32 51 41 27 24 30 23 22 27 33 24 31 20
87 94 84 87 96 83 91 80 94 94 96 94 86 88 78 78 95 79 95 88
90 70 83 76 90 84 80 85 79 85 87 86 86 70 81 86 82 78 56 88
46 28 26 44 23 31 45 16 47 39 50 18 29 22 28 33 19 15 25 34
84 84 78 82 84 80 80 90 86 93 75 66 75 76 91 64 83 81 88 81
30 19 19 21 25 20 14 22 31 27 23 14 18 18 16 9 23 23 19 40
8 6 20 10 5 19 11 10 22 9 20 13 13 14 5 10 10 5 8 14
74 78 63 77 92 85 72 86 75 52 68 79 85 68 73 84 77 64 80 82
16 16 8 18 13 17 13 13 10 11 8 18 14 16 10 10 10 11 6 9
91 84 85 89 94 73 88 89 95 94 71 90 95 85 90 87 97 95 91 92
89 84 80 71 84 85 90 78 73 91 85 85 67 70 81 76 54 80 80 91
32 18 21 24 19 32 22 34 27 30 20 36 35 45 25 23 37 42 24 22
41 43 13 31 42 25 21 20 13 30 25 27 19 26 21 19 30 30 16 31
19 9 25 13 8 19 20 29 7 8 34 18 10 18 14 9 15 18 18 25
51 49 64 65 38 48 31 47 33 39 43 29 66 35 54 49 50 50 34 35
17 26 33 66 46 27 17 56 20 41 42 23 43 38 42 32 32 36 44 26
22 34 10 36 21 24 23 23 17 21 15 20 21 16 29 24 11 19 18 24
13 34 32 17 23 18 33 24 42 22 30 18 24 20 31 35 23 31 18 44
78 76 52 58 54 49 72 50 77 67 53 64 47 71 60 84 68 57 70 58
39 43 61 49 57 66 29 51 39 61 58 39 58 53 68 70 44 46 47 51
12 14 20 18 16 11 24 22 19 21 34 23 5 19 10 23 13 8 21 25
9 9 12 14 12 9 13 18 12 19 21 7 8 9 18 8 9 11 12 20
80 77 64 89 69 63 85 86 78 87 75 87 78 87 74 72 66 81 79 63
15 25 39 16 32 27 29 37 44 18 15 30 25 51 22 32 34 29 17 30
11 5 19 7 6 7 11 6 8 11 12 12 16 13 13 7 17 9 12 9
86 94 87 78 69 89 92 83 94 74 77 85 83 66 76 79 73 68 81 82
67 49 70 49 59 45 49 51 43 47 64 43 67 61 53 56 62 40 69 23
95 88 95 95 96 97 96 91 96 84 89 87 96 95 95 90 95 88 90 95
84 86 91 84 83 65 86 79 81 88 85 84 91 90 73 96 83 95 88 92
35 38 46 30 35 40 45 60 49 32 21 39 39 32 54 50 52 34 45 33
90 75 87 90 95 74 64 81 82 83 93 88 85 88 80 77 78 87 76 76
91 88 88 92 89 82 83 84 89 74 91 84 83 88 91 87 81 87 88 90
2 4 3 2 3 3 2 2 2 3 2 2 3 5 2 2 2 2 2 2
24 27 22 51 27 44 22 41 30 43 48 21 19 20 37 30 10 39 33 16
54 51 55 60 68 76 56 83 61 60 69 60 68 75 31 77 49 51 78 68
69 67 68 59 68 75 86 65 81 59 67 55 82 81 70 86 75 86 81 84
41 69 56 34 69 49 71 44 66 52 48 50 45 68 49 42 50 52 43 61
63 72 82 55 69 67 58 75 54 51 59 81 42 43 55 72 49 39 56 61
82 66 86 71 77 53 69 88 68 81 70 86 72 82 77 72 80 63 87 89
56 62 74 76 82 19 64 70 50 58 41 63 44 53 60 61 49 66 71 55
56 52 62 69 60 61 61 54 47 56 55 46 69 57 41 40 61 51 41 64
37 28 34 38 40 32 53 41 42 70 35 51 36 63 32 55 44 35 36 48
7 7 12 7 7 10 8 13 17 13 7 20 19 17 16 6 7 14 5 14
86 77 88 85 70 69 80 72 86 91 77 78 81 71 74 56 69 80 66 96
17 15 15 14 27 23 19 15 13 10 9 26 26 27 7 12 13 7 7 24
30 22 25 35 13 16 16 13 14 12 14 14 11 11 19 9 16 9 18 18
16 26 18 24 12 31 12 7 6 16 14 7 15 23 23 14 16 21 14 20
50 63 51 53 62 67 56 68 69 45 68 56 81 54 40 58 30 49 59 49
53 31 25 55 41 32 20 53 34 47 58 45 30 31 54 31 34 38 29 40
55 70 41 55 50 77 66 55 66 57 50 70 57 40 61 69 61 69 59 70
47 56 72 62 70 66 61 56 73 52 44 42 55 60 73 74 69 56 44 69
11 35 13 31 23 37 14 19 10 33 22 36 16 15 12 32 11 7 16 46
3 6 5 4 2 6 12 3 2 3 5 3 6 2 3 4 5 4 8 3
99 99 98 99 98 99 98 99 98 98 99 98 97 99 98 99 98 99 99 98
85 84 90 89 52 88 90 90 96 89 88 82 77 81 78 95 72 84 94 89
53 75 88 77 82 65 69 84 85 68 63 78 69 73 77 66 53 68 73 79
11 31 24 26 21 23 7 18 30 19 24 25 23 44 29 42 25 18 31 13
32 33 24 26 30 42 29 28 41 49 25 19 37 18 32 43 17 23 27 24
20 17 31 21 24 17 18 37 23 31 20 39 38 25 24 20 21 21 35 17
46 54 37 26 42 39 30 52 45 26 49 50 32 47 47 41 27 52 43 30
26 41 14 17 18 14 17 16 6 17 12 41 15 36 14 23 27 16 37 30
28 33 27 30 14 29 32 37 22 31 34 33 32 44 23 12 19 29 39 30
87 64 76 80 68 90 88 89 79 89 91 85 84 85 84 71 76 79 82 78
62 90 31 76 78 73 71 53 62 87 69 64 79 81 54 70 75 57 61 70
86 90 93 92 85 78 96 94 91 86 84 91 85 94 91 86 84 97 93 93
90 72 93 86 84 91 96 89 98 90 92 93 90 82 92 90 88 90 97 95
29 14 27 51 18 46 27 24 38 36 25 34 53 25 39 38 32 33 36 24
7 17 10 13 14 20 9 16 11 26 13 15 7 9 18 8 12 5 8 22
42 72 35 56 83 58 78 72 83 47 60 45 56 59 59 44 47 58 53 59
21 9 16 14 20 16 25 22 12 21 23 12 7 22 15 18 33 30 10 9
15 18 16 25 14 37 14 19 20 27 25 24 7 18 30 29 26 16 22 22
54 60 56 46 53 26 51 41 43 75 41 48 45 48 50 26 44 27 55 59
5 9 5 9 3 12 6 15 3 8 7 4 11 10 9 6 14 6 11 4
77 69 81 67 79 70 85 68 80 85 82 87 82 81 63 82 85 81 73 91
37 60 28 53 58 60 44 50 35 43 58 25 38 49 43 67 44 40 26 41
3 4 3 5 4 3 6 6 6 3 4 4 4 5 4 3 3 3 4 5
76 76 86 82 76 85 81 68 64 69 59 81 87 64 65 71 79 85 85 89
38 21 42 37 28 19 16 14 13 20 26 13 11 17 9 16 27 15 14 29
5 4 6 5 3 6 6 3 8 4 10 5 4 3 4 4 6 5 4 5
65 85 57 82 69 65 90 70 56 73 54 58 74 57 59 85 59 66 77 80
99 99 99 99 98 97 99 99 99 99 99 99 99 99 99 98 99 99 99 99
21 36 29 21 50 30 30 25 29 12 39 18 39 26 34 37 19 41 48 41
35 69 65 59 77 52 53 61 60 34 73 48 53 52 58 62 68 56 62 61
70 30 16 42 35 34 23 39 25 19 31 38 42 54 38 29 35 46 22 21
51 72 59 48 50 77 45 51 55 50 68 59 59 54 55 53 51 47 46 50
41 51 38 33 32 12 22 32 38 39 34 31 41 22 25 29 13 42 24 43
41 59 59 71 63 50 54 72 54 62 42 69 57 76 56 76 69 73 75 52
47 73 47 57 56 67 68 76 56 60 50 78 49 52 57 60 57 56 49 64
88 76 92 81 76 81 83 87 93 82 79 89 83 75 84 90 93 86 75 93
21 28 13 19 10 21 30 12 28 16 19 32 21 23 23 11 29 23 22 27
94 96 94 90 90 98 97 95 94 89 96 93 95 88 98 90 86 96 92 97
41 42 31 60 40 29 43 24 24 70 35 22 27 48 28 34 31 56 56 35
70 66 46 67 61 68 60 76 64 80 87 64 74 68 60 57 74 91 49 66
50 77 58 50 61 66 87 58 47 63 59 58 81 64 61 73 75 60 78 74
47 48 61 70 58 49 65 39 73 71 63 44 46 61 42 72 64 64 41 37
95 96 97 95 98 98 98 95 99 97 99 98 98 99 99 87 96 99 98 97
56 71 36 61 64 63 58 68 65 59 77 78 67 65 57 81 46 49 59 64
98 98 97 97 98 99 97 98 94 96 97 98 98 96 99 94 96 96 98 97
59 64 59 62 83 61 66 79 76 78 63 55 80 70 40 75 85 70 67 64
21 15 17 17 19 13 17 12 23 6 41 10 19 9 17 12 11 16 14 20
37 26 30 32 23 36 18 40 25 45 23 19 22 20 24 35 35 43 14 29
7 14 12 4 17 7 5 11 5 8 16 8 11 14 31 14 8 13 10 5
76 32 57 65 72 80 78 71 57 68 79 60 64 81 79 66 81 72 61 58
65 77 83 74 84 83 77 76 77 77 76 86 87 76 79 96 83 88 82 76
90 77 82 80 82 82 66 78 88 85 75 75 88 84 80 71 70 68 81 89
34 24 14 35 19 16 14 27 30 21 26 31 31 29 24 23 21 28 9 19
51 62 44 51 31 37 45 47 43 49 54 44 56 51 39 67 58 66 69 72
86 90 93 89 83 94 92 88 89 96 89 95 86 87 94 95 75 94 95 94
25 34 31 51 25 27 28 31 23 30 26 28 49 38 32 47 36 35 22 47
76 77 70 70 76 78 66 79 74 54 65 76 87 88 69 83 80 81 72 83
76 87 72 62 64 73 72 80 69 77 71 82 53 72 83 70 79 56 67 78
88 88 91 76 88 92 71 85 93 84 87 83 91 92 90 91 79 86 82 95
36 38 22 54 43 63 40 49 53 42 54 25 42 20 51 44 62 33 31 35
41 26 41 24 43 42 61 36 35 25 57 47 55 57 66 36 34 39 46 43
37 80 45 19 55 30 49 46 30 23 48 40 44 52 28 50 37 39 37 62
22 27 17 40 56 34 48 24 34 16 24 18 38 39 33 34 40 55 35 61
41 49 34 52 66 41 62 53 46 32 51 22 47 65 48 43 30 31 67 45
76 80 77 73 80 77 85 71 75 80 74 71 72 87 81 73 78 55 80 79
74 80 77 79 82 76 92 70 69 68 69 76 80 85 69 60 62 91 52 78
85 63 70 88 52 91 86 85 92 68 81 87 74 76 75 69 62 70 64 79
42 46 34 47 40 40 61 31 58 64 53 51 34 47 49 44 43 58 29 33
77 74 35 65 49 45 39 41 43 54 50 58 33 37 55 51 55 55 36 44
45 62 35 48 59 57 62 56 69 54 45 54 54 61 46 47 47 41 53 47
62 38 84 59 65 55 45 44 66 71 55 70 66 75 58 54 72 42 64 46
48 59 43 60 56 44 32 23 44 51 54 26 25 47 41 38 41 51 43 35
38 42 42 27 28 49 33 37 61 61 41 61 32 27 18 40 48 34 44 29
81 64 84 82 88 82 87 83 85 80 91 71 93 88 94 88 78 91 64 88
89 89 89 91 79 77 83 93 85 89 80 80 78 70 70 80 75 51 78 82
70 69 60 51 63 67 78 51 79 51 78 67 68 64 64 60 42 60 71 74
57 66 59 80 69 78 53 74 83 72 56 58 70 57 65 68 63 63 79 71
75 60 77 37 77 67 62 74 68 77 67 58 60 83 71 51 77 73 81 73
77 74 76 89 84 84 94 81 97 85 86 79 92 75 75 77 85 84 71 80
13 17 24 16 28 21 20 12 20 18 15 19 24 14 11 16 27 29 11 15
68 52 45 68 66 38 55 64 37 37 68 42 66 41 53 51 44 59 65 58
8 10 8 4 6 5 7 4 7 7 6 5 12 14 5 6 8 11 4 4
75 62 76 70 63 66 51 45 62 65 61 68 54 59 75 54 51 71 55 55
50 64 79 64 61 67 55 83 66 69 60 51 60 57 49 59 51 47 68 72
26 41 38 30 40 48 49 35 24 32 62 52 46 44 31 27 32 44 30 42
29 26 16 12 38 27 27 37 51 30 33 34 42 21 27 26 39 15 33 41
82 91 81 68 83 82 86 89 82 72 92 85 71 77 63 81 81 85 80 81
89 96 92 94 93 95 95 93 94 96 96 90 95 95 94 94 96 85 87 92
34 23 42 26 28 29 51 59 41 41 28 67 55 55 33 56 26 52 43 52
68 87 91 70 82 76 69 85 75 78 80 78 77 81 75 83 83 70 72 78
77 70 69 67 75 64 85 89 67 84 77 58 73 69 74 77 48 83 60 80
39 67 21 32 50 66 48 50 32 30 52 41 36 37 32 45 45 38 33 26
26 53 58 38 27 45 63 45 55 48 55 32 29 39 27 36 35 42 32 45
12 12 7 19 14 16 18 15 6 14 30 10 10 23 11 18 10 20 8 14
46 50 50 42 50 54 65 53 62 41 44 53 50 62 57 49 36 51 62 59
75 57 58 44 38 52 49 33 32 41 59 55 52 78 38 51 33 52 40 40
82 95 83 93 92 80 96 92 90 93 94 88 84 91 94 86 90 97 93 81
3 11 5 2 3 3 2 3 5 5 3 2 3 3 2 2 4 3 3 3
85 93 91 97 97 89 94 95 95 83 95 90 96 87 97 97 89 91 95 86
89 82 92 89 87 92 94 97 86 76 90 92 82 79 88 88 84 95 88 90
33 31 20 28 41 16 30 25 35 28 42 35 19 41 49 28 22 21 32 33
68 71 52 65 81 86 69 73 69 67 47 85 88 64 47 60 67 83 59 79
28 22 28 23 14 36 24 30 31 13 27 14 19 22 16 16 25 16 25 44
35 17 14 29 35 23 31 25 34 40 17 21 42 18 39 36 24 27 36 43
45 41 38 14 66 29 29 21 39 31 46 36 29 25 50 36 40 28 33 56
11 7 14 17 20 10 10 6 14 20 13 7 6 5 25 14 15 9 8 10
71 71 60 55 65 72 67 54 75 74 67 60 58 71 55 63 46 64 49 66
27 41 38 39 34 39 48 35 10 34 39 39 25 22 31 42 20 45 63 67
91 84 93 86 82 94 81 76 94 93 84 88 90 92 87 93 81 89 91 95
77 55 76 78 66 62 62 65 67 78 68 61 63 76 68 71 81 52 70 68
95 98 99 99 99 99 93 94 98 98 98 97 99 98 97 95 98 98 98 97
