50 10
27 34 37 26 25 32 32 20 31 38
75 82 86 88 91 90 76 87 75 89
3 3 6 4 5 4 4 3 3 2
50 45 30 52 44 36 49 30 22 25
58 72 47 74 77 65 69 76 63 58
10 10 10 10 10 4 9 7 16 12
19 21 12 22 22 22 15 8 30 28
23 22 19 18 15 17 12 19 9 17
16 34 45 22 49 24 28 30 57 10
12 18 15 8 14 9 15 18 28 18
10 18 16 20 18 29 30 23 12 33
85 88 70 87 67 75 93 91 72 92
35 37 32 12 27 21 34 23 24 47
53 52 42 58 38 52 36 55 60 52
27 33 22 24 27 40 14 39 39 23
42 51 55 56 66 45 70 67 75 57
87 91 94 84 91 86 90 92 88 93
76 68 58 48 48 70 55 43 62 39
41 40 76 44 41 70 68 49 54 48
78 73 47 59 67 67 39 78 74 53
66 33 63 66 52 52 42 62 39 64
73 65 53 33 45 57 51 67 53 53
44 49 64 40 64 55 43 49 52 53
58 45 59 59 56 62 41 51 37 50
53 69 50 43 53 73 61 39 67 58
81 62 75 84 78 73 57 67 67 72
83 88 71 92 77 80 65 74 81 93
13 9 8 12 14 14 11 26 10 14
71 71 73 60 60 72 66 59 72 77
51 51 60 34 38 74 38 58 57 41
62 68 62 50 58 42 59 58 40 37
64 64 62 58 68 60 51 50 40 68
36 51 57 50 30 51 25 53 47 45
17 11 12 11 15 9 15 6 15 12
49 51 53 49 52 58 72 39 56 52
49 38 60 32 69 54 54 47 59 48
56 50 58 47 61 57 48 56 40 52
92 97 95 94 94 97 95 83 97 96
16 20 15 17 11 8 7 13 29 12
57 73 47 53 37 58 43 49 62 59
53 77 41 50 53 52 31 69 65 72
58 70 24 54 41 58 61 66 53 40
49 64 76 72 54 44 64 55 76 64
25 25 45 42 36 32 38 14 21 30
98 96 96 92 91 91 97 92 87 89
22 20 48 39 28 28 19 31 31 43
44 50 61 45 47 38 32 57 45 42
91 87 84 95 86 79 94 72 90 89
65 55 47 60 70 68 59 62 29 63
14 13 9 7 7 11 21 6 7 10
