100 20
31 86 70 72 82 21 23 93 2 69 19 67 70 80 63 15 71 81 52 97
74 8 70 89 35 22 72 45 43 78 8 6 4 10 79 5 54 79 15 76
49 78 90 56 83 59 28 39 53 65 84 19 99 79 4 16 5 32 75 76
92 23 76 72 31 6 19 56 23 67 64 4 93 80 20 39 90 74 71 86
61 65 8 77 14 17 28 95 8 19 9 4 20 22 71 40 50 49 20 12
11 24 21 54 63 56 37 38 97 87 69 8 96 37 61 58 73 44 71 30
51 61 3 42 62 86 83 93 29 59 56 78 83 62 12 24 39 3 85 58
57 46 91 41 73 53 69 82 30 24 48 32 88 97 78 11 96 95 4 66
48 98 10 27 36 16 17 93 90 39 31 72 77 74 78 30 31 91 26 10
40 76 18 73 85 33 95 82 47 38 93 16 36 52 77 52 70 63 61 18
34 33 5 29 84 95 76 93 6 82 92 31 97 49 16 10 55 39 30 6
94 65 29 78 83 95 15 73 7 8 37 12 90 95 19 91 56 25 27 13
66 95 70 70 36 72 96 45 41 36 9 49 80 73 38 35 28 43 53 96
37 46 61 58 77 11 77 3 22 41 13 60 21 6 6 29 53 62 61 40
3 41 69 4 93 34 94 54 23 89 11 23 41 24 5 35 37 53 97 34
19 95 81 15 27 18 90 34 25 13 37 30 6 28 37 56 19 62 94 10
48 76 99 90 8 63 70 51 8 97 76 61 34 51 90 82 59 7 99 19
80 96 96 79 6 57 85 62 6 73 7 85 15 98 44 12 66 63 83 58
42 18 92 39 3 22 26 87 4 80 51 22 13 78 77 72 73 95 45 74
63 86 39 33 56 25 12 91 11 30 78 69 72 11 84 47 62 43 52 99
55 5 32 28 33 75 40 67 70 49 14 34 7 67 81 73 20 78 35 88
10 81 60 26 13 72 90 21 94 91 11 95 37 87 96 35 24 51 99 87
57 74 9 29 19 33 38 16 20 67 86 49 72 33 15 91 22 32 28 85
88 46 4 3 4 3 76 98 79 67 32 43 12 32 34 89 55 59 68 25
55 57 11 24 40 75 96 8 40 14 45 66 10 34 8 41 82 42 81 78
3 37 70 5 38 19 42 25 44 34 74 59 79 29 36 59 56 55 70 57
39 3 79 32 59 51 33 21 3 40 89 7 45 43 21 74 65 27 54 28
55 76 5 69 79 63 69 16 56 75 23 95 99 39 44 18 68 91 19 30
71 97 85 70 43 98 22 40 25 61 59 32 2 11 2 66 90 25 69 5
94 50 13 62 31 4 8 44 39 49 19 48 98 33 52 96 90 96 37 94
59 64 21 84 2 68 99 77 89 72 43 43 41 60 96 67 47 12 92 90
91 8 84 23 16 66 79 53 39 40 62 6 82 42 64 29 92 67 35 91
78 50 89 92 41 52 19 17 46 8 48 89 70 42 20 41 7 62 36 50
32 33 11 11 48 20 91 42 27 31 9 73 72 19 11 82 68 65 82 69
12 22 98 36 93 86 7 3 63 87 27 21 80 74 51 69 83 22 45 71
38 19 69 46 57 28 55 30 79 49 96 58 25 46 81 3 33 53 25 85
64 46 43 18 98 93 73 21 58 58 28 37 51 48 70 96 21 66 71 70
51 22 61 43 29 29 56 34 30 9 29 7 34 79 45 64 30 26 9 90
43 31 6 79 85 49 13 48 59 41 22 41 61 38 52 23 3 30 46 76
72 6 12 67 3 80 14 70 83 95 83 68 59 12 3 37 12 7 56 67
16 94 6 28 37 95 50 31 46 57 27 61 98 90 29 75 55 26 41 71
25 32 36 61 35 61 95 78 87 64 50 45 25 8 69 61 38 32 22 48
89 97 54 94 68 6 20 43 39 82 86 65 91 57 58 72 66 15 40 60
96 69 16 41 27 97 40 17 78 67 6 52 51 55 52 10 22 77 69 50
8 32 93 86 63 21 20 15 37 35 31 47 29 34 75 32 86 41 56 64
71 24 76 53 55 11 73 36 48 86 57 75 91 19 62 37 83 69 51 58
47 35 47 6 82 21 69 66 76 95 49 52 96 81 92 45 10 41 47 48
37 96 51 19 87 99 77 70 13 32 52 19 85 20 13 88 42 30 81 22
22 98 12 11 8 21 11 15 82 15 15 46 14 98 77 44 17 61 7 73
39 69 80 16 34 99 70 11 85 67 51 25 41 91 30 41 76 18 74 62
84 62 46 68 6 48 27 67 57 66 74 49 23 75 79 4 90 52 36 88
52 7 27 11 67 63 56 4 27 95 98 70 85 74 6 50 51 15 53 69
79 93 95 10 9 67 50 12 93 10 12 66 59 73 60 44 82 44 36 30
60 21 89 73 48 76 98 94 13 44 6 98 53 92 59 95 66 85 93 31
14 18 49 97 92 42 63 55 46 48 18 84 85 54 26 64 91 40 65 46
64 29 32 37 50 99 16 90 74 97 70 60 35 66 40 97 56 18 98 96
16 53 37 24 78 18 25 24 43 10 90 22 30 82 65 49 56 29 23 14
73 47 59 13 47 70 80 25 25 85 84 46 36 44 21 29 47 4 77 87
12 30 13 99 95 95 25 8 54 19 77 33 71 15 90 21 49 65 64 5
29 76 83 2 22 38 15 39 6 76 82 95 31 97 88 23 68 52 8 96
88 52 89 8 59 40 23 55 78 38 13 47 93 26 49 98 38 62 27 42
41 59 4 36 41 45 66 11 66 40 98 6 82 53 59 18 8 83 46 70
88 3 10 34 16 13 48 95 46 83 33 88 64 30 61 32 35 46 20 65
68 78 14 48 98 68 22 40 12 83 47 60 89 3 39 60 62 17 58 16
24 71 50 73 63 86 6 32 75 88 95 11 94 68 32 86 27 10 93 28
99 67 80 72 15 49 88 25 34 7 2 76 41 58 74 30 38 62 80 99
90 41 14 17 36 15 4 42 82 27 75 21 9 92 92 51 80 88 87 77
15 60 62 5 21 69 36 78 37 7 42 70 82 2 40 87 17 2 21 57
79 75 29 52 83 57 52 74 81 56 25 91 52 52 2 43 98 43 59 68
53 50 18 73 99 79 16 2 28 8 2 88 14 13 86 81 81 44 17 94
79 81 17 58 23 78 3 55 50 31 84 69 50 62 91 15 24 73 54 60
23 64 45 94 17 37 75 67 17 63 73 23 9 35 69 91 72 32 19 29
40 50 60 20 31 65 59 93 53 87 86 97 42 71 30 89 29 84 34 47
58 81 39 2 37 73 64 59 71 5 33 52 78 25 75 94 75 69 25 87
62 72 27 50 41 84 28 34 58 45 98 55 86 30 5 46 37 84 25 78
91 55 74 66 67 61 73 50 48 31 81 89 41 54 90 45 3 28 28 97
47 19 14 39 40 49 9 26 85 42 77 43 62 65 52 60 30 11 35 3
35 7 5 54 88 97 93 29 79 96 93 21 41 41 66 85 3 24 52 32
13 41 43 31 23 58 4 17 80 18 60 83 13 21 70 46 79 23 8 58
7 56 23 34 95 75 58 83 30 21 49 44 15 40 71 48 38 81 72 30
57 77 27 35 77 32 46 11 6 31 58 47 18 27 30 46 96 82 60 64
45 85 16 5 40 46 89 20 59 53 43 85 71 49 68 89 23 94 10 97
44 45 18 36 30 74 41 30 25 39 85 84 59 79 90 70 50 32 29 50
60 45 52 6 82 49 47 15 23 36 52 63 71 26 67 93 2 14 71 76
73 84 38 67 89 53 84 79 59 73 71 38 49 24 6 62 17 37 20 52
74 96 42 32 48 29 3 39 23 90 43 27 57 72 24 69 43 16 36 45
30 77 52 41 10 82 65 73 33 10 29 42 38 90 30 36 93 23 5 36
9 89 8 93 14 31 89 32 12 53 16 18 6 40 32 58 5 87 75 33
2 71 46 7 73 56 76 90 52 14 70 4 56 18 67 82 40 36 37 23
99 78 50 9 86 48 5 9 99 77 25 4 37 66 49 63 59 13 91 77
97 26 47 34 74 9 54 12 77 56 88 91 14 70 83 85 79 60 14 56
60 46 3 65 76 70 76 5 48 66 47 32 73 71 80 54 49 57 58 99
54 81 83 15 89 16 79 52 59 4 66 7 19 61 84 92 67 71 99 45
55 29 97 37 71 7 40 5 59 68 66 20 58 61 3 94 50 43 51 64
82 6 93 57 17 27 33 17 23 56 67 77 4 43 25 17 80 25 80 34
35 32 74 33 56 44 4 75 47 58 64 38 63 19 2 56 33 38 68 53
11 26 2 7 31 21 5 34 8 84 56 38 22 48 28 39 93 94 44 15
47 21 2 62 22 93 31 65 48 18 84 34 9 45 63 85 21 24 64 36
68 57 29 7 90 84 47 71 43 22 70 23 82 69 24 67 45 22 24 83
61 64 90 86 74 73 55 34 28 70 32 35 15 33 11 91 40 61 36 85
