200 20
14 64 64 43 25 61 17 35 15 94 52 8 91 25 12 18 69 12 66 83
53 61 34 73 43 40 62 5 57 31 47 22 53 10 10 96 11 31 48 93
54 37 17 11 39 34 30 48 67 14 70 43 67 92 80 85 82 87 14 35
77 87 3 52 48 76 26 82 67 69 47 66 49 78 28 16 39 36 85 18
45 32 29 19 11 46 12 60 83 91 36 74 24 68 68 36 42 11 87 76
75 66 53 27 41 65 12 77 61 33 39 82 68 23 82 12 93 53 49 24
7 36 38 8 71 34 5 93 30 16 71 15 59 93 79 66 64 53 96 5
3 19 50 25 28 30 53 45 50 87 13 88 40 27 20 74 73 37 92 71
51 11 53 65 45 4 21 41 32 49 67 51 39 15 49 8 7 19 17 28
66 66 13 96 25 35 61 69 15 60 3 62 99 22 78 96 8 68 99 96
97 37 16 43 45 88 39 42 2 83 27 45 9 7 93 98 63 82 93 16
26 50 75 74 34 37 15 12 99 26 20 64 14 94 62 53 39 20 75 52
98 54 34 74 7 32 8 50 51 76 68 86 47 96 88 37 48 68 69 68
52 90 88 83 65 12 25 55 52 97 93 6 53 21 94 65 47 61 23 34
49 91 70 12 88 22 3 66 62 89 36 19 9 80 56 96 41 29 77 96
82 88 98 54 14 31 55 51 72 86 6 53 6 5 29 70 59 90 17 81
55 27 69 64 63 91 86 97 45 26 70 16 73 96 92 28 41 15 17 69
49 15 18 18 24 69 96 72 7 66 87 27 80 37 5 52 80 60 87 34
52 75 8 31 53 61 16 45 49 27 25 40 6 55 92 54 41 51 3 28
77 77 51 76 78 48 73 80 87 45 53 39 52 20 75 44 25 19 48 68
37 9 72 94 31 83 31 96 78 19 20 45 95 18 70 46 29 96 65 56
41 3 46 70 20 30 12 11 51 19 94 19 40 4 8 95 61 12 83 33
51 25 83 11 36 79 4 7 15 85 56 52 12 56 34 10 61 15 72 63
43 81 9 66 75 39 75 42 41 15 79 92 19 64 76 56 26 95 64 58
23 44 82 30 85 37 95 37 78 86 31 63 95 88 54 19 89 9 8 32
98 2 65 88 95 88 54 51 45 9 36 34 41 59 13 76 40 57 65 15
43 77 81 85 36 51 65 98 95 39 3 75 7 42 54 34 49 6 38 71
55 35 53 48 27 62 55 59 89 32 11 89 14 24 49 48 39 54 76 99
86 36 18 30 34 99 42 10 49 22 31 57 11 52 45 36 41 64 55 99
46 82 63 58 99 61 31 85 68 18 96 91 39 42 9 8 93 88 94 77
16 31 29 60 55 39 90 54 70 59 22 82 22 43 8 72 39 31 97 32
74 3 42 36 25 90 85 25 16 45 98 19 49 29 48 19 28 30 3 4
45 14 59 33 55 59 51 48 13 56 16 77 69 83 20 81 90 65 50 44
65 15 37 93 42 84 86 80 70 61 76 83 78 24 2 78 40 84 66 47
39 19 55 60 99 28 35 97 70 6 47 16 44 44 38 14 15 3 72 40
78 23 87 35 53 14 95 35 33 22 67 76 44 70 75 73 64 62 37 45
13 23 69 45 54 49 26 68 12 35 49 78 74 99 32 98 60 87 20 77
72 19 77 88 85 42 65 78 27 6 17 8 46 46 43 55 42 99 63 87
84 62 24 89 51 24 87 14 55 77 22 6 38 34 84 28 77 29 9 21
91 67 23 74 80 76 95 33 63 63 48 26 65 3 15 35 97 9 36 65
86 32 36 52 79 30 53 51 55 62 49 40 49 93 36 56 62 37 88 74
6 75 40 48 69 94 67 67 50 59 42 81 48 26 45 63 69 63 4 80
89 22 83 39 42 33 24 21 98 97 54 24 85 8 88 80 34 24 49 15
36 91 21 6 24 81 82 97 10 12 42 21 40 38 79 47 57 38 64 5
86 48 47 36 93 49 87 97 2 69 98 18 74 97 12 61 29 63 22 58
47 15 51 9 50 66 88 93 91 14 68 21 43 11 40 64 64 23 8 71
86 9 79 44 99 50 52 8 4 98 85 36 27 19 69 84 46 62 54 83
51 91 63 86 65 65 33 85 36 42 12 99 8 64 3 95 55 9 95 41
49 60 52 11 68 66 58 44 24 99 85 55 6 95 32 30 76 45 73 6
64 42 48 66 72 82 68 8 23 70 35 30 53 85 47 83 20 46 13 50
79 39 27 63 67 94 2 99 76 37 26 87 48 58 93 94 27 47 95 64
99 86 89 44 99 93 41 53 64 58 68 36 77 9 56 88 22 85 77 80
91 94 87 17 17 53 57 38 27 82 60 79 65 85 9 71 13 27 67 93
90 65 9 49 34 69 80 79 71 11 78 60 4 56 95 28 94 9 59 63
33 83 55 85 21 14 7 83 47 31 90 44 29 72 18 60 59 5 98 97
48 52 91 75 6 5 75 49 11 75 19 93 44 84 98 9 27 98 30 26
99 24 3 74 31 7 79 85 46 59 74 70 12 96 7 77 96 9 69 33
31 51 85 15 23 18 84 41 48 63 76 81 22 10 42 74 15 60 43 49
81 89 87 6 48 76 49 4 58 20 97 25 13 21 44 3 70 6 58 5
45 30 98 56 92 73 7 24 23 37 32 66 84 85 5 28 22 25 73 38
28 29 15 12 50 37 90 4 95 16 7 43 29 39 92 97 58 34 57 58
38 18 41 44 34 19 57 10 89 54 57 69 97 77 92 86 55 24 57 22
43 99 55 83 42 8 89 31 49 90 93 24 92 21 79 84 30 69 17 65
10 69 60 21 32 70 55 98 4 63 99 4 6 17 51 61 76 59 29 87
62 37 71 83 58 45 33 3 58 81 88 2 60 35 62 81 30 62 54 13
82 7 23 15 2 58 65 69 88 81 31 52 93 18 73 56 51 15 63 23
71 89 36 72 68 57 19 14 45 3 51 68 42 50 68 74 13 5 23 4
2 46 97 44 60 30 74 96 35 82 95 19 93 28 84 39 61 7 80 56
37 9 71 23 29 52 22 74 60 16 13 48 24 87 47 20 29 79 2 24
85 43 54 32 12 50 24 42 93 82 24 89 14 97 98 68 97 57 61 23
6 94 90 43 67 89 6 40 16 89 92 24 63 56 18 48 99 14 42 27
39 52 91 39 99 91 22 73 76 21 43 40 25 84 30 77 93 52 77 99
4 41 65 33 17 37 40 67 69 50 18 79 31 5 56 61 4 57 47 62
10 88 33 82 92 77 99 11 6 99 50 72 67 69 51 5 20 12 14 5
39 4 41 7 57 75 73 3 46 78 99 24 60 24 88 36 74 48 16 20
55 38 76 41 39 40 52 8 93 54 60 38 22 93 45 66 82 24 72 60
27 56 75 51 13 93 68 71 39 24 40 62 81 34 4 90 41 47 91 92
63 85 70 38 87 71 62 45 91 59 22 86 51 56 3 90 72 3 5 66
83 42 4 52 73 50 90 77 70 13 84 89 21 67 28 59 2 86 99 86
53 25 78 31 83 2 29 6 45 73 92 84 16 21 10 44 91 57 38 10
41 38 78 9 97 63 85 63 78 90 18 13 93 79 8 29 35 53 38 51
98 62 43 45 53 22 35 67 84 95 25 4 81 48 71 93 34 14 91 21
45 18 41 73 92 15 15 8 71 12 19 31 77 48 40 74 51 43 94 38
14 26 81 39 24 67 77 18 82 90 48 90 60 17 24 41 2 53 87 19
77 95 93 76 33 48 92 69 17 24 54 44 48 68 44 44 80 31 26 24
86 69 41 48 54 61 69 96 52 81 18 97 36 90 55 19 9 61 63 94
84 53 31 37 90 88 39 80 13 77 37 63 53 88 34 90 20 25 12 34
64 69 55 4 84 25 94 60 26 67 78 39 68 79 77 32 86 20 62 94
9 52 71 18 87 58 41 98 58 10 52 78 90 78 41 62 45 14 4 69
31 43 36 18 25 43 55 42 15 78 20 69 57 86 19 76 66 34 49 11
35 44 98 67 14 33 23 50 25 54 38 87 16 3 89 22 95 17 59 30
71 99 34 32 14 85 93 33 98 17 28 80 31 95 54 99 83 38 28 44
55 96 5 68 56 84 5 73 19 6 21 39 33 58 60 29 61 4 18 86
75 91 15 6 58 96 10 6 36 7 27 4 37 44 44 81 81 65 28 72
98 32 85 41 25 22 95 74 31 44 43 81 95 71 96 48 90 44 76 32
40 72 27 2 68 65 37 13 44 2 92 45 24 81 71 66 9 55 29 41
28 57 28 51 90 2 87 73 17 2 53 58 95 61 89 90 8 14 5 52
40 27 79 56 37 85 90 46 92 93 82 47 89 35 69 3 35 51 24 9
10 26 81 84 60 54 28 63 29 91 85 5 81 9 88 95 43 62 96 88
4 3 49 78 84 50 60 87 9 22 27 83 24 2 72 30 51 18 74 14
90 39 7 84 11 6 62 86 77 91 11 27 13 80 34 63 45 50 50 4
92 55 86 36 44 52 58 19 52 36 68 48 70 11 75 86 70 78 76 45
86 87 79 27 86 85 6 69 90 8 86 69 85 31 80 53 26 17 28 91
51 25 32 29 91 45 55 10 58 63 21 81 25 16 12 47 71 59 58 72
22 36 69 86 28 81 13 46 46 10 85 23 69 57 78 16 11 35 2 10
30 49 84 89 5 78 70 65 49 3 91 86 50 4 79 50 71 78 68 52
40 69 8 66 31 45 8 15 39 27 87 98 24 53 71 59 7 9 47 77
6 61 83 10 75 78 45 46 23 39 24 19 72 86 64 3 20 50 68 8
33 13 46 66 67 53 64 73 15 69 96 42 34 62 59 68 18 3 36 57
23 44 61 8 74 63 94 96 40 8 12 27 59 45 19 78 34 17 55 30
19 88 39 64 27 99 75 68 23 67 94 90 94 85 55 14 43 13 40 60
69 60 20 15 37 78 91 35 11 38 33 86 51 17 78 65 40 83 68 22
11 44 18 53 98 53 75 59 79 74 58 21 39 35 45 37 70 97 69 42
55 3 36 86 93 90 93 83 35 82 61 63 70 89 15 69 60 85 52 19
92 70 14 40 13 13 96 21 12 24 72 90 85 46 98 8 17 76 45 88
23 44 74 37 67 22 57 25 20 79 55 72 35 59 74 20 69 2 33 70
28 37 70 11 42 87 24 6 50 75 56 86 90 87 14 43 14 97 93 12
29 31 74 68 4 51 18 64 61 51 52 59 6 84 85 25 39 82 63 67
20 69 55 79 45 91 22 73 24 46 98 51 49 8 38 29 13 32 23 30
76 15 15 57 39 26 30 61 7 73 32 10 49 27 55 95 5 24 6 68
43 5 93 79 32 90 99 74 54 41 46 40 19 3 82 27 3 42 37 56
38 34 83 37 44 69 44 53 41 90 14 59 27 7 40 56 59 75 35 50
80 25 73 20 95 76 99 78 31 87 82 77 23 36 92 3 69 2 89 70
31 94 51 39 53 37 62 47 57 34 82 95 70 19 48 28 68 67 69 58
98 43 9 42 41 9 77 56 81 43 86 95 93 14 91 60 46 30 4 18
40 53 14 31 74 7 6 10 20 44 97 77 27 46 51 21 55 67 52 67
98 92 77 78 32 11 13 90 77 24 51 17 15 42 69 75 4 92 83 16
85 81 96 22 26 45 54 62 62 45 25 80 3 7 19 77 36 21 98 68
67 27 12 81 3 86 34 65 64 57 6 4 83 88 20 93 25 25 36 2
44 82 18 68 88 74 11 8 94 64 11 36 16 33 6 36 2 65 32 54
90 90 67 36 27 52 54 87 16 35 94 98 24 70 50 3 75 22 67 54
29 50 75 28 20 65 36 18 86 2 39 81 94 62 90 49 13 93 86 89
45 37 18 76 78 16 74 8 58 68 28 32 11 89 60 21 63 87 17 4
87 57 52 33 41 14 73 32 53 87 3 94 83 38 70 70 68 97 85 19
95 62 54 61 3 74 68 59 93 15 18 94 97 31 37 60 39 49 47 26
47 28 56 24 30 68 65 96 6 40 53 21 69 18 33 75 46 44 32 93
72 22 53 66 97 47 88 69 14 12 17 73 49 86 34 31 24 36 73 75
20 97 99 74 21 45 21 20 20 15 50 86 27 93 80 53 60 86 61 43
56 81 96 32 70 27 36 64 26 63 93 2 7 54 56 59 33 51 27 22
59 48 23 99 96 72 82 14 12 8 38 9 22 85 15 78 11 18 35 39
85 13 36 20 46 35 18 98 56 11 58 99 81 7 46 54 69 2 15 92
8 52 73 87 96 15 72 76 62 78 93 73 92 86 44 26 5 98 59 27
45 53 6 18 51 18 70 78 90 6 98 58 38 80 19 36 31 32 6 79
63 91 2 20 80 77 19 78 76 8 63 27 94 64 86 74 48 22 82 23
30 61 31 50 47 7 16 61 57 8 91 22 71 70 52 74 61 4 12 23
87 56 25 78 39 89 65 70 2 24 50 79 29 76 36 98 10 51 58 13
20 39 98 65 18 55 82 61 92 30 15 93 11 87 19 77 69 85 13 10
32 93 22 7 56 6 17 59 31 52 69 69 50 45 34 28 86 12 17 7
95 66 49 89 7 15 73 11 80 92 40 50 97 78 14 66 79 19 67 81
13 84 37 97 95 54 26 97 54 14 23 90 43 45 11 69 54 88 71 90
2 75 83 58 82 79 44 51 25 18 3 62 82 21 23 92 6 87 55 92
86 48 12 11 82 85 31 4 99 33 43 66 61 77 34 18 9 17 98 66
81 34 29 2 87 66 76 35 71 19 49 7 32 97 78 34 92 98 74 5
73 56 37 72 12 51 9 15 71 98 93 88 26 59 82 5 32 18 2 22
87 90 7 66 26 36 10 55 21 16 30 45 55 73 67 15 77 65 17 71
27 79 47 98 23 29 98 95 7 35 85 90 17 82 9 19 12 48 51 64
90 81 92 9 92 37 40 36 84 2 10 18 25 71 10 68 28 69 23 29
79 95 18 87 97 64 93 19 67 35 65 64 39 51 64 46 91 75 29 36
11 29 65 14 84 16 7 40 68 81 83 73 97 47 22 17 47 33 88 18
17 2 29 60 9 88 61 73 53 95 27 24 91 30 88 21 41 16 97 67
34 38 32 85 48 25 72 63 24 50 24 28 41 31 17 24 48 30 49 15
96 97 48 74 3 61 66 53 31 72 2 81 87 23 98 7 20 76 86 58
79 62 38 82 45 88 63 51 7 74 76 11 49 23 29 84 92 37 9 26
38 88 80 20 94 93 51 90 17 77 35 86 47 63 92 36 25 24 13 40
82 19 17 4 77 87 91 70 10 78 20 33 42 68 81 68 59 73 90 80
61 69 11 73 71 50 2 8 24 46 62 75 25 30 80 96 5 62 51 52
49 42 90 44 65 94 3 92 69 18 95 40 44 83 63 57 87 94 46 81
79 17 53 65 34 17 99 54 99 9 3 94 8 82 41 89 24 90 32 74
87 73 17 37 94 8 45 81 22 48 51 48 86 7 20 77 30 81 63 43
43 45 72 85 90 27 23 32 64 71 3 74 72 78 85 66 8 50 11 81
52 73 17 18 3 61 79 95 24 14 59 95 80 57 84 32 40 97 63 6
99 74 25 12 74 50 67 17 98 77 56 44 9 62 17 63 39 7 82 32
71 17 95 16 11 92 12 23 34 62 30 81 93 71 68 42 69 98 13 19
75 54 25 53 73 39 74 17 23 46 51 72 94 87 91 4 34 65 48 66
61 84 93 53 16 32 25 77 15 51 73 61 37 25 51 46 30 54 84 86
92 42 95 79 96 13 13 87 69 7 75 64 51 88 14 75 40 39 52 64
73 97 53 7 25 71 46 13 46 2 38 40 64 83 63 89 87 83 92 22
25 88 23 78 3 73 29 71 28 24 40 51 24 6 95 88 8 13 81 25
69 94 26 21 13 75 59 63 98 16 81 31 23 51 78 86 7 33 25 84
76 83 24 11 92 48 83 57 37 69 62 96 73 9 86 30 86 83 37 57
6 33 37 19 57 49 12 74 30 54 4 33 34 5 11 42 96 58 90 30
4 87 95 10 33 31 84 33 20 62 29 50 58 9 85 87 17 82 67 95
16 45 3 5 76 69 55 47 66 41 26 24 73 14 76 29 5 97 2 10
94 48 82 72 27 45 19 76 64 61 76 81 43 48 71 10 12 76 91 23
93 94 9 14 13 99 73 62 91 33 17 29 64 33 16 76 51 29 71 48
98 98 19 27 4 60 82 78 7 34 34 97 92 18 93 68 77 24 9 35
40 64 45 87 53 79 57 28 48 45 63 30 28 3 88 31 44 57 85 91
10 50 35 24 15 51 38 34 38 79 58 59 11 77 26 25 85 82 74 48
63 87 46 18 6 96 53 35 75 4 52 31 39 93 90 21 8 39 91 77
97 93 55 12 73 50 71 92 19 36 41 55 24 57 68 91 79 55 63 90
78 77 36 20 14 97 87 20 4 28 48 15 5 65 22 91 38 66 45 70
50 32 18 12 30 71 43 55 23 98 94 48 25 32 44 74 30 37 30 6
50 98 87 44 5 90 47 29 92 65 98 71 53 31 98 31 2 89 13 79
2 74 44 6 49 44 18 87 46 69 15 52 58 16 16 9 10 4 31 8
75 23 69 43 13 36 43 19 46 79 27 19 8 67 6 32 71 37 33 15
67 29 8 18 67 97 29 83 18 42 69 68 37 36 97 97 9 42 90 87
18 2 4 77 81 61 28 14 3 54 13 33 58 47 49 45 36 79 83 33
33 23 73 24 60 21 16 88 90 87 23 40 10 68 49 75 83 84 35 91
4 15 62 10 12 73 86 78 8 26 71 52 31 17 26 12 48 8 6 34
37 69 51 73 20 8 17 28 54 96 59 7 33 78 22 16 10 26 22 77
