200 20
39 73 24 72 81 85 94 8 64 4 85 57 78 24 45 48 78 87 24 45
55 67 21 75 69 86 90 4 85 6 77 68 78 33 19 42 94 88 17 78
55 61 39 80 67 85 93 10 54 3 46 34 86 35 24 29 91 87 32 66
32 61 13 92 60 91 96 3 83 3 59 49 76 21 27 59 82 76 25 66
33 70 33 81 69 88 92 8 64 5 82 45 62 23 20 62 91 68 40 76
51 69 36 80 68 77 97 8 40 2 66 46 75 47 29 56 86 91 55 78
52 72 49 78 83 80 89 10 63 11 58 44 61 27 29 34 97 96 47 62
50 59 57 76 70 85 77 5 79 3 82 54 79 20 10 33 88 90 50 63
54 76 27 84 61 93 95 4 59 7 64 49 69 24 32 42 97 85 28 58
32 82 37 81 59 86 93 20 58 3 64 66 88 17 29 48 95 93 19 71
49 82 42 67 68 91 96 7 60 4 61 33 82 42 9 42 94 90 64 79
61 66 21 71 61 84 92 8 52 2 60 53 68 20 18 23 87 90 19 74
33 63 26 84 78 84 89 6 71 6 73 43 67 26 21 44 90 93 11 63
26 40 22 77 68 83 94 8 65 5 77 36 47 33 18 43 92 84 29 66
31 81 30 80 62 89 91 6 76 3 69 52 68 22 18 29 83 88 24 90
40 72 24 81 61 80 92 6 75 3 80 66 75 24 21 26 97 89 35 72
41 77 21 78 68 93 96 5 55 4 76 72 81 19 13 60 80 98 26 72
35 65 26 61 50 84 90 16 71 4 79 39 80 33 12 43 95 90 33 64
31 73 41 85 44 91 95 6 59 4 70 50 73 18 20 26 85 90 32 70
43 81 49 80 42 91 96 13 62 7 65 44 71 16 11 57 95 90 29 77
49 65 43 86 80 80 86 4 60 5 73 48 55 12 24 37 89 86 29 63
62 64 57 79 68 93 92 7 72 4 59 50 70 33 24 49 91 86 48 72
47 48 30 90 54 94 96 6 67 4 75 52 88 18 28 45 89 91 27 72
36 58 45 81 51 89 97 4 68 4 80 35 60 14 23 25 96 93 30 86
43 79 43 83 53 95 95 13 54 8 71 50 70 35 26 25 90 82 13 76
44 56 44 73 52 82 86 13 68 3 71 71 80 13 16 32 96 68 10 64
53 68 47 91 75 88 88 4 57 4 57 45 72 18 13 56 93 91 42 69
50 59 26 76 52 90 85 9 74 5 71 43 70 19 18 26 91 94 29 79
55 64 26 88 71 65 86 7 60 3 66 53 80 19 16 35 93 82 28 72
35 76 49 84 71 84 95 14 49 3 60 44 77 32 21 30 94 85 46 78
28 72 35 70 69 72 87 12 74 3 73 61 70 43 31 59 76 92 49 71
50 66 40 83 62 89 97 13 59 3 77 26 82 34 12 31 94 84 13 62
54 55 15 74 69 90 92 6 64 3 64 28 87 14 19 46 92 92 24 76
35 65 39 87 64 87 97 7 45 3 84 49 71 27 10 53 93 93 24 77
38 81 45 73 73 86 85 7 66 4 61 61 93 27 17 49 94 91 20 74
25 66 42 86 68 88 88 4 63 3 62 62 80 21 33 49 83 96 25 77
35 67 32 80 83 88 92 9 72 3 41 46 69 29 25 52 91 87 27 71
54 60 37 81 73 86 89 8 68 2 72 49 63 25 13 49 90 86 16 90
43 82 51 84 50 78 97 12 46 2 84 52 62 9 15 47 98 84 29 76
46 81 53 66 70 83 90 7 78 6 55 46 78 19 7 53 92 86 42 69
26 64 40 84 64 93 90 7 58 7 79 51 82 27 14 26 89 84 41 83
48 84 49 74 68 75 94 9 68 4 80 43 66 19 29 36 97 83 22 68
25 73 37 82 72 77 86 16 61 3 74 59 68 41 38 44 85 91 24 75
27 79 44 81 65 92 86 9 60 4 33 34 79 15 11 56 89 84 34 67
49 75 25 90 70 93 95 9 78 7 71 35 75 19 15 55 84 96 14 61
60 67 33 85 67 92 96 12 86 3 63 47 71 22 6 41 90 92 31 82
23 75 43 79 68 80 84 14 76 5 81 43 53 22 16 39 84 85 26 78
36 50 43 70 55 74 96 4 57 3 65 61 77 21 26 44 92 81 42 80
70 42 30 91 63 92 94 13 79 3 65 54 56 19 19 50 96 90 13 78
45 83 33 74 58 81 95 10 55 4 66 61 89 28 18 63 89 83 14 60
29 63 47 86 81 93 97 12 53 3 56 55 68 30 21 23 96 81 21 43
55 54 40 91 78 90 91 6 59 4 85 40 58 18 29 36 90 91 32 57
56 70 25 79 73 81 89 5 53 7 73 43 78 37 23 40 92 91 25 72
69 76 38 81 67 84 91 10 39 2 69 61 79 14 18 30 89 90 20 78
28 79 39 76 42 88 85 10 66 5 58 35 59 22 18 36 87 91 13 56
58 49 41 80 68 60 91 12 75 4 66 39 76 15 15 32 95 94 21 83
43 53 21 74 63 94 88 8 60 3 72 65 66 9 19 39 97 87 21 32
54 58 34 84 75 90 91 6 68 3 78 46 73 25 30 47 94 90 23 83
61 68 30 70 56 94 97 10 75 5 73 53 82 33 30 31 84 96 25 64
48 82 28 81 50 94 92 13 72 4 51 52 93 13 25 23 92 71 29 55
51 62 42 79 59 85 96 6 59 3 70 65 61 24 21 33 94 84 28 63
37 59 47 82 54 96 86 12 82 5 69 59 74 30 19 49 95 81 49 67
54 87 31 82 61 87 89 16 73 3 87 50 71 22 28 30 82 92 25 85
59 83 24 88 60 95 79 7 65 3 48 69 79 50 12 51 90 90 51 68
45 57 28 59 86 90 91 10 70 5 70 31 71 23 15 48 95 74 42 65
35 66 38 88 76 81 91 10 75 6 63 44 73 18 12 22 88 77 38 75
49 74 32 83 65 97 95 6 74 2 72 54 58 23 18 28 71 89 26 76
37 91 27 75 72 90 92 9 47 3 63 50 75 30 14 43 80 83 27 62
51 37 41 79 78 85 95 8 75 3 75 47 81 20 14 55 84 80 15 58
37 66 42 84 74 83 89 7 65 3 66 53 80 18 23 38 80 95 53 75
55 76 23 82 68 90 96 12 87 4 65 48 75 33 28 48 87 87 37 69
32 68 40 83 65 71 82 4 61 4 70 72 75 25 30 38 91 94 18 72
47 65 54 85 74 90 93 6 68 4 47 58 72 28 28 36 91 88 41 83
48 60 47 81 71 83 94 9 51 4 76 39 79 22 16 57 81 91 21 67
53 66 39 87 44 89 95 7 58 4 55 63 43 28 16 47 90 82 27 81
34 68 27 70 88 98 89 14 52 8 78 41 77 35 25 46 88 95 25 75
36 72 49 90 71 81 94 12 25 8 72 41 75 30 11 34 90 90 39 50
59 65 28 86 57 88 94 6 65 2 81 54 82 22 35 40 95 85 21 79
52 66 26 74 66 82 95 7 73 6 57 51 64 11 14 53 84 92 16 38
56 53 47 59 76 94 85 6 68 5 77 46 81 33 25 29 87 90 38 64
37 78 61 80 64 86 77 4 55 4 69 54 78 16 12 16 93 88 11 79
33 48 23 80 62 91 86 4 52 3 83 52 72 27 23 31 94 82 32 73
60 63 46 88 62 84 97 9 59 5 81 36 54 13 25 54 90 85 48 71
35 59 28 82 69 83 93 6 63 3 83 41 58 20 31 35 86 83 19 80
68 68 37 84 69 83 89 17 55 4 75 49 92 15 8 52 92 91 34 76
71 61 49 68 73 90 95 3 71 3 65 56 73 13 24 24 79 81 43 63
20 75 28 80 71 68 87 14 70 3 86 44 78 24 20 43 87 84 25 84
39 59 57 83 61 83 92 3 82 3 43 39 68 21 12 37 77 71 36 77
41 63 30 82 75 83 95 3 77 6 66 44 59 17 16 51 94 84 44 80
36 59 19 88 59 92 91 5 80 2 69 71 79 33 29 46 87 90 17 60
39 72 47 67 82 92 93 9 55 3 60 36 77 32 14 21 88 94 39 41
51 61 42 82 67 96 95 11 72 3 70 55 69 21 17 21 90 90 20 71
38 57 19 86 70 89 87 8 68 2 72 48 80 18 13 40 82 92 18 63
52 67 17 65 56 80 87 6 68 2 74 50 71 29 9 55 94 92 21 61
35 52 24 80 57 91 96 10 50 3 81 50 67 11 21 25 94 85 18 60
33 80 21 81 69 88 93 4 38 3 65 35 77 23 12 32 96 89 34 77
34 68 37 79 66 86 91 5 58 8 51 61 81 40 28 47 89 76 16 87
44 61 26 72 85 88 91 6 69 5 76 64 75 10 12 50 92 87 27 75
62 76 22 72 74 88 94 9 42 3 68 32 61 22 15 39 93 82 23 73
36 60 31 79 39 84 94 8 55 10 57 47 59 30 15 53 92 84 13 79
41 79 30 79 74 87 95 8 58 5 70 67 77 8 14 51 94 95 17 71
24 74 35 86 74 89 93 14 72 2 64 60 82 17 28 39 81 89 15 66
65 82 49 85 44 85 86 3 64 5 79 24 74 25 11 37 90 88 38 72
43 75 48 66 59 87 93 15 56 3 84 32 64 32 14 62 89 94 31 56
36 66 31 79 56 93 95 7 68 5 68 23 78 29 28 40 85 81 30 66
28 74 28 79 67 94 93 8 63 6 44 35 83 15 14 17 80 88 33 60
27 65 23 79 63 92 79 21 52 2 53 62 79 12 13 29 86 96 37 67
41 80 25 65 70 94 81 10 66 4 90 46 81 27 33 45 86 88 14 66
47 60 42 84 79 91 89 4 69 4 80 64 72 8 15 38 89 89 28 54
40 60 36 81 66 90 88 10 62 3 55 38 62 21 22 48 85 91 23 66
48 83 30 86 71 89 91 4 69 3 77 45 78 31 28 30 88 88 33 75
40 76 36 88 60 93 88 14 52 3 53 50 56 21 12 37 94 88 20 61
43 69 17 80 68 88 89 10 77 3 67 60 63 28 18 40 89 89 23 69
37 73 41 67 60 93 89 5 71 7 61 33 82 32 35 31 90 85 13 60
52 72 38 77 67 84 94 4 66 3 70 34 73 35 8 63 95 88 34 85
33 73 52 71 78 90 93 14 59 4 77 31 86 21 9 41 78 96 28 59
28 74 25 81 74 92 95 5 81 4 77 66 70 18 16 53 86 86 45 65
23 55 64 72 75 95 94 19 75 3 51 40 66 21 20 48 85 92 33 61
53 70 34 77 60 89 96 22 61 2 87 62 76 20 18 50 86 83 34 72
21 73 30 84 77 79 96 11 73 2 82 50 84 18 10 61 94 94 15 73
33 51 49 84 60 92 90 15 72 2 83 69 81 15 15 30 91 89 26 75
34 62 24 76 50 90 91 5 72 6 79 54 70 28 16 58 92 94 18 64
29 75 43 86 63 97 85 5 59 3 67 33 73 17 23 46 85 84 13 63
36 52 30 74 65 95 92 11 64 2 70 70 69 28 21 49 88 89 28 74
61 83 50 77 83 81 94 7 78 4 54 54 75 15 7 45 92 92 34 59
55 65 44 79 79 94 73 17 60 4 73 43 58 32 13 61 87 92 29 66
53 55 28 75 65 76 95 10 70 3 82 53 66 34 22 49 97 77 26 68
38 70 28 83 62 84 91 8 57 4 70 48 75 21 21 54 84 85 32 76
55 69 26 67 67 77 94 9 73 4 67 56 67 12 12 40 84 82 37 64
23 76 29 91 71 89 95 11 65 5 57 49 83 23 24 41 89 87 15 76
52 76 34 68 58 93 93 9 76 4 80 55 88 29 7 25 95 94 34 78
37 43 32 81 65 92 92 8 67 3 75 60 78 29 25 40 82 91 25 76
49 64 22 69 65 84 90 7 58 4 59 32 57 19 10 57 87 88 33 59
32 31 58 86 71 73 93 11 88 6 93 65 78 18 22 24 95 79 25 88
50 52 49 90 72 87 95 16 51 9 73 49 63 25 9 46 91 93 37 71
57 77 33 79 66 90 96 4 59 3 59 39 83 16 15 39 92 91 37 77
38 58 27 81 75 93 82 10 73 2 70 47 84 29 21 53 84 80 42 78
46 57 33 69 59 90 87 5 80 2 72 28 60 19 28 44 92 95 22 72
34 61 36 88 48 88 90 13 58 3 71 33 65 20 22 44 93 94 19 77
48 65 37 89 65 87 95 5 62 6 72 53 66 23 15 40 90 89 20 70
41 55 36 81 57 92 83 13 46 3 82 69 67 33 25 57 94 89 23 82
42 44 30 63 81 91 94 10 72 4 60 68 79 11 9 49 90 93 22 83
23 75 23 81 45 73 91 21 77 2 59 56 58 35 30 23 84 84 35 59
48 65 39 81 68 80 93 4 88 5 68 25 85 34 25 40 80 90 21 74
42 76 35 79 35 72 97 19 64 3 79 31 81 13 11 38 94 86 25 72
44 67 35 68 66 84 91 11 79 3 71 45 88 18 15 33 95 93 26 86
44 79 30 79 64 86 89 9 61 5 83 70 79 18 29 39 84 95 44 68
32 59 18 81 66 80 95 10 62 5 71 56 70 11 14 40 80 87 29 71
27 47 36 83 81 85 87 14 77 4 77 56 82 21 13 64 89 79 45 79
50 81 28 84 67 81 94 15 72 3 68 43 64 16 34 52 88 89 17 87
43 78 29 59 67 92 83 16 67 5 72 55 68 33 34 20 80 90 22 61
52 67 38 62 49 83 94 10 72 5 45 31 79 36 15 37 82 82 36 69
51 56 38 67 61 88 86 7 53 2 77 46 93 21 22 59 74 85 30 85
70 74 32 64 70 89 87 9 71 6 79 64 81 29 15 56 88 85 36 65
74 64 30 82 76 89 97 9 59 5 77 42 66 23 14 40 85 95 36 74
47 82 16 73 47 91 88 7 55 11 74 42 80 49 23 26 91 87 28 68
42 69 26 89 59 85 97 7 72 6 58 43 71 20 12 30 91 90 22 53
47 83 39 76 54 83 89 6 65 8 71 59 71 27 11 25 87 90 48 72
55 66 41 82 69 94 86 5 70 10 92 37 47 20 25 37 90 91 20 84
50 80 51 78 65 91 91 17 78 5 80 57 87 24 8 27 90 80 28 81
56 76 26 62 57 85 98 6 49 3 65 40 77 24 26 50 90 90 24 67
60 53 35 76 55 94 71 10 82 3 58 65 65 21 27 52 84 80 17 68
48 73 50 91 70 90 88 7 65 2 47 49 71 24 20 41 87 90 16 59
25 68 31 87 41 90 97 11 63 3 44 48 52 18 38 33 95 90 41 76
37 76 45 72 52 78 90 9 85 5 75 41 81 36 18 36 88 84 27 50
26 60 39 82 76 87 94 12 77 3 68 54 83 15 18 41 73 92 19 82
33 77 52 66 57 89 87 10 68 4 62 26 63 17 21 58 93 92 29 67
37 74 28 87 47 92 78 8 61 3 68 55 64 14 18 36 89 80 22 55
42 60 31 86 58 85 93 8 71 4 87 51 66 14 16 37 85 79 21 68
53 74 60 81 68 90 97 4 53 3 83 54 69 24 20 52 84 81 38 72
48 80 39 68 57 91 85 4 80 3 76 41 88 27 14 33 90 79 24 74
38 57 43 76 72 74 87 13 63 5 63 64 87 14 25 53 93 82 24 76
29 77 40 75 63 85 92 4 59 4 63 56 71 27 34 23 84 91 65 68
32 78 26 73 54 92 93 7 44 2 74 52 74 11 13 56 89 94 33 61
42 76 47 83 43 92 95 5 61 3 69 45 66 23 19 36 94 88 37 73
47 34 43 71 74 86 94 9 50 2 80 23 76 36 32 50 84 71 24 72
45 53 35 79 73 84 90 5 57 3 64 54 75 23 21 53 96 88 36 78
41 64 37 83 58 78 90 7 46 4 80 52 61 5 10 37 87 83 8 82
33 44 36 87 62 85 87 5 50 6 62 63 48 19 25 32 94 82 32 74
48 68 45 75 79 78 97 10 65 4 81 47 73 26 19 26 87 84 9 65
63 37 44 82 80 94 90 3 42 7 61 54 76 22 16 54 86 79 23 56
49 62 31 68 46 88 94 6 76 3 69 36 74 20 36 42 89 80 19 73
48 71 61 73 62 88 92 14 39 9 73 44 71 30 8 56 90 80 24 62
53 69 27 63 61 92 90 10 63 3 59 53 71 16 18 50 90 94 29 76
55 71 48 76 69 92 86 10 47 4 77 35 56 14 11 56 85 91 32 82
27 52 34 83 61 96 97 7 68 3 53 51 74 14 23 40 91 89 40 77
37 63 55 82 55 92 96 7 51 5 67 40 71 19 39 33 91 88 30 58
64 40 28 67 59 91 89 10 79 3 68 29 71 31 33 37 83 96 18 63
41 68 21 80 74 84 96 10 75 2 88 42 84 16 9 40 94 91 41 81
51 77 57 83 71 89 90 14 49 2 73 35 77 13 18 45 90 89 25 76
45 59 39 79 74 88 95 10 69 8 70 46 71 21 30 38 97 90 25 87
31 75 41 90 67 83 93 4 76 7 56 71 77 36 13 28 86 77 36 47
63 73 30 90 56 92 78 10 83 9 69 54 90 19 35 48 93 76 40 74
52 55 59 84 62 61 79 2 79 4 67 33 79 28 28 39 90 91 24 55
55 35 44 82 61 82 90 4 45 3 80 35 81 30 24 28 93 91 17 69
42 76 43 75 68 91 91 6 75 5 53 23 85 18 35 31 96 95 24 80
43 79 21 82 55 91 95 4 73 6 83 44 74 23 11 42 94 91 24 68
67 61 35 75 79 88 94 5 76 6 60 53 65 16 14 39 84 82 25 58
48 67 28 80 66 82 93 15 76 3 53 41 75 25 9 44 82 89 51 54
43 72 36 78 64 87 94 4 54 7 82 54 64 8 22 59 89 88 16 70
