100 20
12 68 3 6 77 80 32 84 72 56 54 21 26 17 25 89 61 49 38 71
19 67 3 20 88 88 37 86 73 86 56 17 18 10 33 81 69 78 29 61
37 76 4 8 93 85 33 84 74 73 76 30 18 8 28 73 80 68 31 48
18 75 2 14 88 85 40 71 62 78 67 33 20 19 36 87 75 71 27 68
26 70 5 8 92 81 27 81 59 74 46 35 21 5 37 92 64 44 41 62
30 64 3 23 85 78 33 87 68 67 69 25 35 14 38 84 60 51 32 71
42 81 11 7 86 94 20 86 73 83 78 18 38 23 40 91 77 78 38 58
13 86 5 14 85 86 59 66 93 94 55 9 19 14 36 80 88 78 44 73
25 69 4 19 80 90 31 83 65 57 71 25 20 16 28 96 71 66 26 60
17 76 5 8 92 60 39 95 76 80 68 27 14 11 62 83 59 64 27 79
17 80 8 3 86 84 46 85 68 37 53 39 12 21 28 89 60 57 15 65
20 78 5 12 88 89 44 82 82 85 39 19 23 8 45 93 72 59 38 73
34 82 6 23 90 85 58 74 87 78 47 27 12 8 43 76 68 69 27 57
32 87 5 14 82 88 51 88 72 63 59 32 15 30 25 89 76 43 35 67
36 80 3 8 86 84 32 97 71 69 73 37 22 11 37 91 78 44 9 43
41 63 5 8 83 89 20 84 80 67 77 23 19 8 39 93 68 45 41 72
23 69 2 10 79 80 53 79 76 85 64 37 27 27 27 87 68 73 24 67
10 73 5 4 75 77 69 84 70 86 60 26 21 15 55 82 78 83 40 70
25 81 5 5 78 80 39 95 69 73 45 30 36 11 28 88 78 77 38 62
33 75 3 8 80 81 19 91 88 66 58 12 28 7 31 82 94 85 24 54
33 81 10 12 80 81 31 94 86 92 70 29 17 11 41 90 60 68 29 86
41 78 4 11 88 69 47 62 63 60 64 30 19 10 38 83 78 68 37 74
31 80 4 5 94 74 30 87 75 75 67 14 22 24 67 89 67 75 29 68
18 71 10 9 82 72 45 94 76 62 69 32 26 11 45 90 88 57 13 74
25 75 9 7 82 78 35 86 86 78 78 33 26 13 39 90 85 71 20 61
28 72 4 16 77 90 36 81 66 81 69 19 31 6 39 91 82 55 25 57
12 54 3 14 89 92 45 82 50 81 78 21 36 16 47 93 86 89 33 69
30 63 7 9 95 67 42 85 77 70 50 26 15 10 46 89 73 47 22 70
22 68 5 15 79 80 52 84 92 82 61 23 17 10 32 80 80 58 29 68
31 65 2 11 64 77 23 91 84 85 59 32 19 11 31 93 72 73 44 77
23 53 4 12 75 91 43 74 66 79 84 27 11 26 46 82 72 69 35 76
44 62 2 15 87 85 58 82 73 68 49 27 33 26 41 89 75 78 48 61
34 84 7 17 68 80 46 84 59 68 50 11 18 11 49 93 46 68 55 37
22 83 5 15 82 75 48 84 86 79 71 21 36 20 43 76 61 70 35 67
29 63 8 7 82 78 36 90 75 73 65 32 22 34 22 85 79 60 29 70
13 68 11 13 82 96 52 93 71 82 72 18 22 8 47 81 76 83 15 76
25 81 3 28 81 80 30 88 64 71 73 14 47 10 31 89 78 59 39 76
17 83 8 16 71 84 51 80 56 78 70 19 11 15 32 84 82 65 39 73
14 62 6 7 86 80 38 85 60 80 72 42 27 5 59 86 70 64 56 53
24 61 9 29 88 80 56 82 76 76 70 21 10 15 76 85 78 62 28 55
34 76 3 10 79 68 38 86 64 83 49 28 24 20 44 83 63 68 29 57
47 76 4 8 96 85 32 80 86 74 64 22 18 20 40 83 70 64 33 67
19 85 8 12 88 81 36 84 74 73 69 29 44 12 40 94 62 44 26 63
30 71 4 6 80 84 41 76 82 83 56 34 12 22 52 90 85 42 29 56
41 59 8 24 84 79 32 60 55 73 74 38 12 10 47 87 55 79 19 56
31 78 7 15 87 81 32 90 68 82 48 20 13 7 45 93 76 67 30 62
35 74 3 7 85 83 59 74 75 60 89 16 25 14 49 94 79 55 30 75
20 78 5 12 85 83 26 70 76 51 51 38 10 11 27 96 61 74 40 62
31 72 6 24 74 91 44 88 83 79 55 27 20 20 49 76 70 58 51 60
45 73 4 12 83 85 53 80 80 80 48 24 17 14 28 80 64 79 29 47
15 74 3 21 88 98 31 83 73 83 80 32 26 10 52 82 68 78 45 63
21 74 7 13 85 89 23 86 67 50 66 30 20 18 53 81 77 75 38 55
24 68 2 17 88 69 55 89 61 76 52 25 30 10 58 91 68 59 27 58
21 55 7 8 81 83 44 82 84 68 63 31 21 16 59 93 85 67 26 66
44 82 5 16 93 90 43 75 70 81 70 28 19 14 42 90 76 84 34 72
49 68 3 11 90 69 39 72 70 73 48 34 19 8 50 92 86 78 28 72
25 68 6 12 77 85 27 90 56 79 86 33 29 18 60 86 75 57 35 53
23 68 4 13 78 76 32 88 73 74 79 11 21 27 48 91 80 56 34 64
17 62 6 7 92 88 34 76 85 81 45 31 23 3 34 85 88 64 22 38
35 71 3 4 80 82 22 78 50 71 73 21 49 7 41 89 89 63 33 52
22 67 5 9 81 81 35 85 64 81 64 34 22 42 42 85 67 74 29 73
46 76 10 16 91 81 50 92 44 61 71 32 39 12 38 85 63 50 23 52
51 67 3 15 81 93 27 79 62 76 49 25 8 5 59 96 82 51 40 76
26 76 3 7 91 91 33 88 86 83 67 26 22 15 41 93 72 67 31 84
27 77 3 12 93 61 45 72 60 65 76 23 18 17 22 95 66 66 39 78
22 81 3 7 79 72 17 76 89 82 65 36 29 24 40 91 80 65 33 58
28 70 3 11 90 96 50 87 86 76 67 40 30 16 35 91 63 48 60 79
43 81 5 15 91 87 29 81 70 68 62 27 30 19 32 90 58 68 33 77
27 77 6 4 87 83 51 88 72 71 62 27 28 12 47 87 88 82 28 79
17 61 11 9 87 79 45 83 46 45 43 41 11 23 28 92 62 65 25 59
23 57 10 16 80 79 28 86 57 66 85 16 16 13 19 93 74 68 32 80
19 72 4 9 84 73 47 72 76 82 46 22 30 23 39 88 85 62 27 59
24 71 3 11 94 74 47 72 65 79 52 26 29 6 65 80 74 78 29 54
14 63 12 6 82 89 38 88 65 78 67 20 18 6 45 83 73 67 27 47
20 86 4 9 96 77 30 92 85 68 42 44 28 9 33 87 64 45 17 76
62 75 4 5 90 70 38 72 79 66 51 17 18 17 39 86 77 67 29 69
20 56 7 8 94 89 55 88 72 78 63 26 45 12 44 96 81 82 33 61
34 73 4 12 77 83 51 78 87 69 64 32 21 8 34 87 82 76 28 58
18 71 2 8 89 90 34 73 79 82 56 23 24 21 38 89 75 80 37 58
28 72 6 6 91 92 26 80 82 64 66 17 19 16 36 89 80 74 28 75
40 50 15 5 69 79 39 79 66 68 69 39 17 7 22 94 67 66 37 83
19 59 5 8 81 93 18 76 69 71 68 19 12 16 47 76 74 60 26 52
28 58 3 14 96 63 32 85 82 77 42 26 15 16 22 83 61 75 43 70
33 54 6 9 91 82 29 71 62 88 57 13 17 15 48 88 75 54 39 72
20 59 5 13 72 87 29 83 91 75 50 19 38 13 42 81 52 44 34 71
26 64 2 12 91 82 47 80 78 67 59 31 13 26 28 95 68 51 34 53
26 59 6 20 81 86 28 73 68 83 70 31 13 12 49 90 72 64 30 50
29 83 7 9 86 78 40 74 88 81 57 17 13 14 22 85 62 59 32 57
35 75 9 8 87 93 28 79 79 82 50 12 9 23 31 90 73 45 17 53
9 76 4 6 91 82 36 93 58 43 65 18 21 14 41 92 78 65 35 68
45 85 3 19 89 90 27 84 79 77 65 30 21 18 23 87 88 82 38 67
19 49 2 8 82 80 51 88 66 86 68 15 38 10 32 84 72 77 38 74
14 56 5 15 90 71 28 94 55 57 75 36 42 23 37 96 65 83 39 63
31 83 3 10 66 78 30 91 64 69 63 22 13 8 39 92 79 55 32 45
29 60 7 7 89 80 36 91 71 74 43 18 35 12 45 95 84 62 31 61
20 66 7 6 81 84 36 71 93 54 48 24 15 23 32 97 80 71 38 74
21 77 2 7 74 74 27 80 48 67 75 19 31 13 64 81 74 69 39 63
18 84 5 9 92 87 49 79 46 56 43 24 35 13 27 86 52 59 40 56
13 84 3 9 72 79 25 84 79 68 56 33 21 18 25 96 81 55 29 73
33 79 7 14 57 78 42 84 75 68 58 15 20 13 30 86 73 84 36 78
