200 20
89 33 44 59 83 96 87 4 30 60 14 72 65 30 70 17 59 30 3 80
41 34 32 63 33 13 36 19 39 81 49 81 14 80 34 24 20 20 69 54
5 40 20 98 47 56 96 31 80 29 83 22 54 44 74 78 10 78 4 9
84 81 81 49 9 92 75 89 68 92 25 16 94 37 51 60 10 64 98 93
23 16 8 69 62 55 68 34 63 88 30 77 74 65 47 73 52 45 48 70
93 67 94 64 88 74 29 5 19 39 17 51 54 25 67 17 76 18 91 8
98 8 65 63 84 18 38 30 29 29 31 45 35 64 81 51 58 11 71 29
97 82 56 5 88 70 17 93 76 20 34 84 87 8 63 98 85 77 75 83
45 36 80 12 12 98 99 93 33 36 75 6 76 96 15 35 72 33 90 39
35 48 17 30 57 77 95 80 15 31 41 80 41 29 54 53 45 31 96 17
63 97 43 55 66 50 51 82 42 34 49 75 11 86 31 64 37 3 81 52
86 58 92 35 51 97 7 57 23 16 64 95 13 92 54 18 74 12 99 13
7 15 89 67 77 11 45 24 95 31 53 86 81 81 65 8 93 95 6 5
39 70 41 61 33 45 16 44 58 82 44 16 55 35 80 37 51 10 92 41
21 97 61 49 97 86 31 63 26 41 2 5 86 19 56 93 31 87 65 46
99 96 18 9 22 69 28 55 25 80 37 41 18 29 63 11 92 50 60 75
74 72 88 45 85 20 10 79 50 54 9 27 65 28 11 6 17 51 32 10
73 40 82 18 37 12 16 17 3 8 65 13 11 23 43 7 73 45 35 83
6 30 95 27 99 72 53 66 69 56 30 53 98 85 11 79 7 72 10 20
28 74 68 96 39 13 62 66 2 28 60 35 6 15 90 19 45 69 16 32
90 20 20 52 45 39 66 60 30 19 4 57 11 82 53 49 59 54 35 36
38 66 15 25 47 62 22 77 69 40 30 40 62 92 14 40 26 4 47 33
13 53 72 92 79 64 88 45 16 62 23 42 35 97 79 3 97 86 73 62
24 99 95 13 57 4 40 63 36 6 9 34 40 31 78 18 93 66 73 4
35 48 14 86 47 36 99 79 6 59 57 79 60 71 61 67 69 68 66 89
97 98 51 29 37 81 72 41 52 66 84 72 4 77 81 76 18 41 69 36
3 87 70 68 7 55 45 65 61 41 65 50 26 31 91 56 79 73 18 95
41 35 7 85 56 9 61 9 75 97 25 83 50 72 81 80 58 26 56 22
53 26 8 76 41 52 16 77 58 85 76 62 31 77 82 6 72 32 83 89
13 34 5 65 99 99 35 25 91 99 52 71 23 90 54 19 4 52 87 47
27 78 62 12 20 57 92 2 95 46 31 83 88 58 53 69 23 22 90 42
3 46 6 58 3 34 98 64 71 47 52 99 69 59 40 82 94 92 13 14
24 54 79 60 7 71 43 47 69 16 81 60 57 95 44 32 83 50 72 82
87 19 47 28 75 41 55 62 62 54 49 17 6 84 44 64 19 42 62 56
78 36 50 11 91 4 87 80 79 60 15 59 5 16 12 49 87 10 70 28
7 5 94 41 32 70 85 92 45 34 3 64 22 56 44 2 2 20 64 97
95 84 79 97 97 64 19 91 16 83 34 21 38 23 93 35 22 69 70 26
32 69 48 19 38 38 4 65 76 46 92 48 10 71 85 35 85 76 2 40
93 94 88 11 28 74 10 80 45 81 25 17 44 32 15 62 57 52 12 44
7 97 16 33 63 26 86 98 93 64 61 24 8 36 80 32 75 13 8 25
98 68 88 85 57 87 72 76 62 38 74 41 74 20 90 89 68 51 95 73
72 90 35 34 30 94 41 44 34 88 63 20 25 88 26 7 32 94 42 43
95 65 71 23 46 6 18 88 15 53 69 43 55 65 35 66 80 15 30 87
53 78 67 50 25 96 68 54 60 82 15 10 80 51 39 89 72 87 31 14
57 73 21 43 49 85 6 74 52 65 76 97 19 22 70 91 11 42 29 66
23 65 89 29 12 22 43 89 57 59 79 82 70 89 86 59 99 90 98 91
86 22 34 62 36 96 55 60 14 69 68 37 30 42 80 55 38 56 71 62
66 25 50 53 37 19 21 20 75 88 44 24 19 25 74 76 25 90 24 64
16 93 34 43 38 7 9 4 29 56 85 78 76 13 56 81 28 61 16 73
86 66 14 74 50 20 3 96 91 87 78 15 98 96 56 74 16 68 83 40
35 41 49 7 56 74 2 9 81 20 38 83 84 86 28 33 53 47 5 65
46 37 99 8 26 21 56 7 94 73 15 99 21 36 56 84 94 77 78 25
25 23 73 82 64 37 22 99 95 87 32 74 79 40 84 23 2 71 82 78
12 37 35 22 55 84 13 98 52 99 91 76 64 65 33 12 11 92 30 10
19 6 71 40 88 71 53 7 17 55 71 11 50 65 14 11 32 61 40 81
43 12 29 61 27 73 26 76 13 20 62 27 45 63 31 27 93 51 16 62
46 13 97 58 38 84 70 88 34 43 11 71 14 48 65 10 72 92 66 23
32 48 13 30 44 35 69 35 96 83 8 10 7 82 48 55 19 4 11 83
65 12 12 32 11 47 26 28 85 40 30 13 68 50 39 73 77 18 20 97
95 17 48 29 55 17 38 73 52 10 42 57 83 72 18 13 95 96 18 44
43 76 46 31 19 36 25 46 98 32 98 31 95 37 56 47 76 86 13 16
29 6 88 45 20 97 59 7 73 33 94 44 91 66 61 59 84 77 91 46
80 67 69 74 80 90 7 69 6 10 58 25 34 84 23 82 88 79 39 81
25 76 36 37 94 30 47 5 49 14 36 49 95 97 50 82 81 33 18 74
81 2 15 64 28 60 16 38 30 88 19 13 33 75 5 10 45 31 30 32
95 10 71 53 76 84 90 47 84 63 71 55 50 47 80 74 13 33 86 23
67 21 28 10 41 72 34 68 51 99 35 43 4 81 92 51 28 67 29 51
20 98 8 93 86 87 51 54 65 92 5 75 46 99 54 84 76 65 99 91
48 38 5 77 66 89 18 82 18 14 41 20 8 8 51 59 19 49 87 87
15 55 96 63 39 89 47 61 68 23 51 27 45 89 8 87 88 69 99 3
48 19 23 77 44 4 8 75 70 54 33 94 65 7 29 62 32 55 59 42
24 45 53 18 7 49 58 53 28 81 54 80 29 8 64 77 39 86 29 14
52 79 72 75 5 78 99 90 77 38 26 50 84 69 81 15 95 84 81 17
46 25 67 89 92 7 58 22 40 91 35 20 49 77 80 58 54 11 48 93
63 69 33 89 25 24 87 66 6 16 6 78 31 11 87 68 63 9 64 37
43 34 50 95 41 65 38 67 96 82 52 22 73 37 55 5 98 57 55 11
36 39 76 86 45 47 76 61 7 97 56 16 66 21 30 16 36 92 74 84
89 79 66 66 91 42 26 65 38 27 77 37 68 90 18 27 51 24 95 67
89 55 26 61 63 33 91 45 60 79 42 89 77 96 5 3 5 34 42 67
71 83 5 29 15 17 63 58 2 46 33 5 54 79 50 69 68 23 52 73
80 74 25 78 86 11 26 80 73 79 35 70 22 13 4 59 44 66 73 36
48 17 93 39 17 56 91 22 53 52 80 24 28 21 17 36 4 49 28 96
59 36 13 58 44 47 73 94 99 4 6 93 83 94 12 58 37 4 4 45
2 21 9 39 30 2 56 81 87 69 48 36 63 33 67 52 49 35 97 76
17 74 59 27 30 35 63 16 40 74 60 57 59 41 77 52 74 26 98 81
11 97 22 68 35 64 24 77 52 27 85 90 36 6 11 11 85 4 23 10
22 66 10 3 80 37 32 4 6 80 22 57 90 69 83 37 74 74 25 17
71 36 76 52 84 20 69 28 21 49 7 72 46 46 28 69 66 34 22 22
76 64 90 98 29 3 7 40 86 19 23 92 60 97 28 86 84 23 6 83
43 37 70 2 32 98 54 19 65 34 57 80 94 54 6 85 7 80 87 8
55 12 65 71 16 24 42 79 92 74 7 22 94 38 48 14 26 22 80 62
46 48 95 96 34 87 95 22 65 7 54 90 59 2 60 84 97 94 31 40
47 43 42 77 75 44 64 31 26 67 34 14 2 72 51 7 48 51 33 94
66 56 95 40 86 49 34 72 92 26 92 50 78 18 18 60 54 74 19 23
59 86 84 67 6 92 79 81 73 21 51 99 72 63 97 77 72 17 81 12
42 18 33 99 72 57 3 20 41 55 71 69 86 43 20 91 60 99 52 71
35 89 36 6 41 52 31 71 66 88 33 38 39 58 10 98 66 41 79 70
47 57 55 48 8 11 74 80 70 38 30 89 75 75 69 36 34 80 22 53
83 69 46 59 11 81 66 48 11 48 54 21 80 93 13 75 5 66 65 82
91 29 20 84 93 50 99 55 15 90 83 74 3 85 87 67 49 83 18 14
6 97 51 34 41 50 63 92 43 85 65 12 33 62 9 89 69 11 62 27
82 89 84 43 24 45 27 97 87 11 53 34 4 53 19 48 4 47 24 3
6 67 92 7 79 36 66 39 60 36 87 22 49 95 39 26 73 72 8 44
24 12 96 37 78 37 83 46 99 55 48 67 6 46 26 85 45 90 51 7
75 41 46 22 61 94 90 80 9 71 80 93 63 53 13 7 24 51 47 89
16 77 64 24 39 38 9 54 81 5 11 31 28 77 7 74 80 89 51 62
27 67 27 82 33 98 97 52 43 28 77 94 53 7 41 28 85 50 93 39
27 15 23 78 75 52 78 67 15 42 2 15 80 77 14 18 11 42 84 39
91 76 47 22 23 51 89 67 71 71 77 65 54 89 14 20 91 63 91 71
99 12 69 61 84 72 76 3 42 13 7 77 50 18 59 88 51 69 46 89
4 59 24 81 46 6 51 63 71 2 5 67 94 58 28 53 6 63 7 10
73 50 21 72 54 86 53 96 50 38 7 24 83 33 70 69 73 23 24 52
89 42 59 77 24 51 47 58 94 90 59 8 82 83 45 9 52 90 61 30
37 21 68 94 95 24 27 76 73 43 80 83 99 87 15 86 42 69 45 86
28 22 57 56 57 61 49 60 41 83 65 54 39 61 25 51 96 75 96 61
69 55 55 95 59 71 87 54 3 20 65 96 32 46 86 64 40 17 36 56
31 75 50 66 87 98 69 44 77 34 96 3 14 82 36 9 48 85 63 92
24 92 68 52 50 57 36 87 65 7 7 27 89 80 76 8 16 56 68 55
31 30 59 85 41 90 7 67 33 13 18 30 93 82 93 65 76 71 73 89
50 68 3 2 49 11 39 29 88 17 40 68 2 30 68 47 54 35 32 15
75 51 47 37 12 8 95 49 60 18 69 61 7 11 60 2 42 16 57 23
55 11 86 10 26 2 44 97 30 74 31 23 51 45 89 24 4 61 40 30
92 43 27 83 83 31 27 58 21 17 58 46 69 12 13 5 23 81 40 42
14 65 77 31 40 47 49 22 45 90 20 90 43 64 85 2 69 13 40 67
4 71 24 33 89 23 17 53 29 13 82 51 60 64 24 89 24 37 51 29
38 16 11 28 53 72 76 32 86 11 41 91 38 69 86 81 60 96 2 17
24 25 29 29 11 39 49 57 55 42 80 35 16 29 69 94 36 56 92 9
54 69 55 50 61 41 12 5 50 75 99 18 67 70 7 96 43 80 59 63
39 90 95 94 2 15 16 33 3 76 60 56 68 44 67 21 27 89 37 91
82 33 15 30 98 57 82 13 20 4 23 98 93 10 86 68 36 14 58 89
81 35 86 70 79 25 34 81 58 26 38 7 11 46 60 27 61 58 76 79
41 85 18 59 18 31 15 52 34 2 35 36 9 45 56 94 82 64 17 35
78 12 9 66 49 32 98 77 95 36 73 91 22 61 67 34 72 33 52 33
15 69 25 39 57 13 91 90 48 22 33 72 43 25 93 72 91 3 24 93
97 32 44 74 26 18 5 19 94 66 68 16 71 40 79 31 23 6 98 9
5 70 97 65 18 47 36 25 99 67 5 4 73 98 83 59 96 9 14 30
85 30 86 37 17 76 6 59 25 13 90 17 18 40 51 13 71 33 4 34
32 98 13 29 58 88 21 52 62 51 29 24 11 26 4 89 38 66 52 79
80 14 7 27 94 84 27 9 93 81 72 17 62 62 58 36 87 82 13 55
43 65 58 31 45 56 67 75 62 26 43 47 18 51 63 15 88 70 42 98
37 84 40 87 10 44 82 21 96 55 20 6 37 13 37 71 8 49 10 39
93 20 25 4 84 80 97 57 22 98 6 58 96 19 93 68 35 97 58 28
17 11 48 75 83 87 91 53 98 35 27 42 62 37 88 30 9 40 65 9
64 39 60 60 55 55 11 69 94 54 20 66 64 66 64 21 74 3 89 65
93 35 55 73 99 7 50 57 79 87 29 29 86 43 99 30 67 65 95 39
48 31 9 19 47 4 72 10 45 6 44 92 61 44 93 31 27 18 95 21
64 8 19 88 46 5 33 71 22 30 53 23 74 16 25 98 45 58 22 68
87 62 59 43 21 99 3 58 66 6 16 51 82 66 83 45 27 72 52 5
58 31 12 5 32 57 20 32 20 55 76 92 98 17 63 93 19 28 78 88
17 84 21 63 80 18 21 12 85 42 74 62 25 85 64 75 81 40 23 32
6 8 54 92 69 57 32 71 19 2 19 30 51 43 27 80 94 39 91 46
7 10 10 16 25 57 97 82 75 33 35 48 25 34 17 50 51 53 88 26
42 83 58 7 3 76 36 20 76 92 65 97 21 36 18 68 70 26 37 94
99 57 16 79 89 64 72 68 5 85 32 78 22 58 16 28 53 59 72 11
5 36 56 54 5 81 53 6 43 3 31 70 18 92 69 77 13 98 17 89
75 34 95 86 14 60 73 86 65 64 83 96 52 2 51 86 64 86 89 64
73 26 57 83 82 49 58 5 23 51 4 62 28 29 92 88 28 26 30 35
14 22 41 33 35 73 45 21 93 51 52 31 3 28 75 23 48 99 87 48
70 14 4 88 24 98 59 53 21 15 19 53 40 4 86 42 38 55 91 5
98 97 30 56 77 74 97 95 62 36 59 39 19 62 62 71 81 26 63 30
19 45 14 55 57 53 82 70 10 33 11 33 35 64 52 25 47 43 63 81
69 84 16 7 92 86 6 86 52 21 87 13 68 32 11 67 46 64 48 7
50 96 91 20 4 64 69 65 61 63 79 3 72 68 9 70 39 42 68 51
41 35 17 12 83 18 42 18 23 63 13 91 13 19 67 74 24 36 13 6
22 71 11 2 38 69 95 31 91 38 27 26 93 53 64 96 24 21 89 25
34 37 79 65 43 82 27 11 17 34 46 35 54 92 84 6 89 79 52 9
2 44 83 36 36 25 43 45 63 30 86 68 9 72 53 54 2 92 2 19
14 3 77 20 57 56 25 78 95 36 49 74 56 74 42 38 81 83 84 78
18 80 8 10 93 93 27 46 81 57 49 64 78 80 98 28 3 74 16 66
99 10 11 60 28 82 78 84 6 37 93 67 3 16 13 16 77 27 36 28
37 12 45 50 39 88 8 68 34 30 80 78 11 32 19 7 21 13 66 21
21 65 59 82 87 24 12 18 4 48 42 83 14 28 16 25 71 52 77 27
15 39 63 52 43 4 30 73 55 29 82 84 37 96 82 3 20 56 34 97
11 52 64 70 3 10 12 12 26 84 2 26 51 8 61 72 43 76 51 71
6 93 77 28 86 18 24 77 45 70 8 40 53 59 25 22 87 19 28 97
73 80 55 39 4 54 42 42 51 96 11 7 80 51 33 41 99 34 61 17
72 91 69 92 19 76 27 98 13 64 95 63 46 55 89 98 18 89 12 12
32 31 70 38 90 34 25 87 86 56 77 44 91 60 84 40 31 18 10 88
10 38 20 32 38 56 86 13 73 22 23 73 7 2 72 49 21 20 3 95
17 8 97 17 4 82 56 33 86 59 47 19 5 11 44 86 99 52 47 5
82 88 52 19 21 2 64 44 10 31 58 16 11 35 88 34 30 49 14 78
86 29 36 19 39 77 34 96 7 67 21 38 30 19 21 65 62 54 12 66
8 25 86 65 49 51 34 59 88 36 7 22 26 8 82 8 95 32 76 91
42 85 51 49 87 94 33 74 44 6 13 4 37 8 56 31 83 44 52 27
93 47 19 40 32 11 69 6 3 78 34 17 22 15 60 19 92 81 73 68
65 27 68 70 61 88 65 14 83 12 62 94 89 88 80 21 5 46 75 70
65 63 18 61 19 5 13 59 20 44 70 12 52 30 16 14 30 86 8 20
86 89 60 94 31 92 27 28 20 83 10 90 24 39 73 50 34 85 95 58
40 76 83 18 52 31 25 84 52 91 4 43 44 98 91 78 25 81 57 30
38 49 36 76 77 38 35 75 29 51 47 55 89 76 82 33 14 8 51 32
34 47 4 66 48 10 48 35 63 61 3 55 3 86 34 96 16 35 12 98
41 81 86 55 30 65 75 17 72 13 46 4 90 91 77 35 37 42 20 96
43 43 7 34 28 8 40 94 53 30 32 7 76 22 62 50 24 2 63 92
75 51 80 4 29 62 40 50 24 17 20 99 70 82 63 88 77 47 96 17
80 45 3 36 16 8 27 28 97 37 15 29 20 21 60 87 51 88 3 54
56 99 86 40 16 29 30 58 89 58 36 24 46 81 34 42 68 51 89 85
35 43 39 10 53 15 83 95 41 96 76 76 58 96 80 84 26 24 23 6
67 39 16 58 81 9 36 19 28 75 28 40 72 83 53 70 63 56 3 57
32 27 51 3 99 91 29 83 45 39 86 85 28 35 59 73 48 30 50 30
60 43 35 63 61 46 26 18 51 52 83 21 95 97 16 34 70 40 89 9
