50 10
7 52 48 86 94 24 70 69 74 52
14 44 22 92 84 32 73 81 72 46
8 40 61 84 94 11 89 81 83 62
11 48 46 94 95 27 84 72 60 60
15 36 40 93 95 17 61 77 62 67
10 23 45 75 89 35 82 77 48 40
14 42 22 82 84 26 76 88 65 42
14 76 26 83 89 32 77 71 50 55
7 60 38 72 77 18 83 72 74 53
4 57 15 91 92 44 69 79 57 47
9 50 26 93 90 33 81 53 67 25
10 58 34 89 93 38 77 69 64 51
18 49 40 85 89 24 58 76 61 31
12 66 50 86 81 17 71 71 65 48
12 49 51 73 78 28 67 70 75 49
15 45 38 64 78 28 46 70 52 49
10 64 66 91 94 17 71 61 63 43
11 44 39 86 83 51 71 72 78 50
15 34 43 80 80 32 71 64 79 35
13 55 43 84 93 38 68 76 77 47
6 88 13 89 86 23 76 81 56 63
9 43 48 75 78 32 69 70 85 44
17 64 28 86 91 32 66 69 70 40
24 43 56 83 92 26 60 84 56 59
13 72 23 84 93 25 66 65 68 45
10 24 22 91 84 26 76 81 69 45
20 54 36 83 86 25 85 89 71 42
7 61 48 83 83 20 90 53 33 46
14 74 26 93 77 27 70 76 78 49
11 37 23 94 91 36 79 86 72 47
13 45 35 88 75 33 80 84 65 38
6 46 45 86 91 21 54 68 79 52
18 51 43 93 96 30 65 70 64 43
15 53 47 92 91 16 66 76 65 54
6 55 48 79 90 22 73 66 68 36
15 36 36 90 92 29 75 68 73 38
14 69 45 91 91 29 76 72 63 41
9 49 40 81 89 20 77 60 45 50
8 63 28 92 96 28 70 54 75 59
9 53 26 81 92 23 46 77 71 45
18 52 41 82 86 18 63 71 62 51
14 55 59 82 87 37 59 76 58 53
12 43 21 83 91 44 80 58 62 57
12 44 44 87 86 17 93 67 70 56
10 40 29 86 92 21 70 67 71 73
5 49 51 90 91 20 86 87 55 47
19 56 66 93 92 19 69 84 52 63
11 25 27 86 92 34 69 84 66 33
8 43 44 94 87 24 76 87 67 46
19 47 48 86 95 29 60 67 61 47
