50 10
16 49 67 89 53 57 79 90 78 29
78 10 15 65 95 60 6 30 95 55
7 81 93 13 32 27 25 14 67 89
83 19 91 36 26 30 70 95 74 5
14 81 31 89 7 44 60 27 60 99
63 45 76 57 97 91 60 76 91 65
32 54 27 42 30 72 91 78 35 56
66 93 23 24 48 61 6 35 65 79
4 68 74 18 86 54 78 16 29 73
76 26 30 58 85 22 19 28 49 69
36 25 26 4 35 45 62 99 12 29
36 58 72 59 11 41 73 47 97 66
29 66 9 85 97 64 85 52 15 40
92 18 48 98 41 90 87 88 5 81
7 59 5 28 71 95 18 96 27 90
52 21 19 61 11 67 99 10 9 4
27 75 36 8 11 35 76 90 36 42
14 17 47 63 19 52 77 44 92 40
39 30 99 10 6 14 10 7 45 69
39 10 24 65 37 92 2 28 96 29
23 66 39 98 42 52 11 36 13 5
45 53 10 36 20 49 8 63 25 89
19 35 9 99 88 11 32 66 86 16
58 86 38 83 20 42 88 49 75 96
65 80 76 31 63 70 9 60 11 85
4 76 64 96 49 45 75 6 30 16
8 6 59 18 59 14 61 28 92 74
88 98 61 79 90 31 39 87 64 39
95 95 19 80 37 27 90 64 68 73
7 36 45 43 33 80 29 2 18 52
64 34 77 11 77 13 7 46 50 81
55 66 57 57 5 68 10 38 99 61
98 79 84 51 50 10 43 3 96 54
88 85 78 51 66 54 33 43 42 59
74 42 96 47 93 92 16 7 22 64
14 76 78 48 19 54 87 8 32 85
82 81 2 37 39 47 40 68 2 49
35 30 8 73 76 14 21 45 5 54
25 6 65 61 31 6 10 38 45 34
83 23 74 83 30 10 66 47 52 17
31 5 41 31 35 67 95 61 86 21
9 6 14 79 64 31 31 76 36 11
15 4 21 94 78 67 29 30 98 69
89 83 40 88 68 37 64 27 46 90
99 16 37 78 66 41 59 12 60 16
68 35 93 52 9 25 73 92 4 65
15 9 64 26 44 40 78 75 22 92
23 85 5 79 52 57 60 11 19 66
74 6 97 14 20 62 21 74 22 75
53 6 30 91 7 4 96 28 56 93
