200 20
43 32 29 45 36 44 39 31 23 27 35 23 37 27 23 25 27 24 21 18
85 80 80 90 74 82 89 88 81 84 86 75 85 81 87 95 71 94 93 85
28 36 38 32 38 37 31 34 30 28 22 25 47 34 40 27 44 21 33 13
50 27 28 37 15 34 38 29 27 38 22 20 24 53 29 28 22 18 27 38
84 89 93 77 87 94 91 94 88 92 76 88 95 90 96 95 89 96 96 94
30 14 19 17 32 19 19 31 23 31 16 25 12 32 20 21 39 13 14 19
75 86 91 86 93 95 77 89 88 82 86 86 84 81 87 89 88 77 93 91
59 70 71 62 55 65 81 70 72 78 60 61 79 81 69 58 61 50 69 82
89 85 84 76 96 88 90 94 90 85 83 92 81 91 92 91 81 88 90 93
65 64 73 68 60 50 69 64 65 62 75 78 57 63 65 76 85 69 79 80
19 22 12 22 22 29 8 46 14 17 35 25 7 43 18 13 9 25 10 20
6 3 10 18 4 10 7 5 15 10 4 10 11 7 4 5 10 7 4 13
51 57 54 71 53 49 89 58 75 76 65 50 60 73 67 65 69 67 58 70
34 22 20 29 32 27 30 37 32 48 20 56 42 47 35 38 37 41 24 34
89 80 73 77 79 86 85 85 81 84 80 82 78 79 84 82 88 89 77 86
32 28 12 19 34 22 34 26 18 25 8 21 16 11 21 14 17 27 20 24
73 79 95 91 64 80 79 76 84 77 89 68 83 86 85 86 82 73 79 81
7 5 4 8 8 7 11 5 5 10 8 6 9 14 3 11 8 5 9 8
20 29 25 26 28 25 22 11 24 22 28 13 19 30 30 24 26 31 21 22
29 31 27 39 16 24 48 13 18 17 35 13 25 28 43 29 47 33 38 23
38 38 45 41 29 40 27 28 48 36 38 27 39 53 42 55 45 59 29 46
48 14 13 33 36 34 40 35 30 35 29 49 46 35 42 26 41 31 35 25
42 32 39 40 55 32 64 63 54 66 49 64 36 57 41 39 30 54 50 49
20 42 29 35 33 41 50 39 46 18 15 21 28 49 34 17 32 32 31 24
58 59 67 67 75 72 46 48 56 43 48 46 60 51 48 48 58 57 60 52
5 11 7 14 9 7 5 8 4 6 8 8 3 8 9 5 16 4 9 9
52 35 24 37 47 35 38 38 32 52 40 43 33 22 33 38 35 36 40 34
50 35 67 62 38 51 48 40 39 31 59 40 46 52 62 49 59 48 37 37
52 55 74 82 82 52 49 58 67 77 59 57 66 61 67 78 67 49 33 57
38 75 36 42 52 52 62 45 49 46 47 33 49 55 26 67 53 58 47 44
70 54 42 50 48 39 48 35 38 65 72 71 53 52 54 49 37 58 60 65
27 25 32 39 22 27 25 31 24 47 30 26 29 31 44 23 20 24 32 30
62 45 57 71 51 53 37 49 62 50 32 35 53 50 36 48 37 59 56 61
23 27 6 21 22 26 33 42 19 21 37 21 19 28 28 29 17 26 11 33
30 57 57 40 29 37 31 58 56 51 50 41 39 51 58 45 46 46 38 30
77 90 77 77 79 85 91 85 91 88 70 74 73 87 89 86 73 86 75 83
10 11 6 8 9 22 5 13 12 14 8 6 11 14 21 6 7 5 8 11
78 89 80 87 84 75 93 84 83 81 92 84 95 82 76 72 95 92 75 87
88 80 82 75 63 79 81 70 76 85 78 84 77 80 62 86 69 85 88 84
78 93 92 81 89 94 86 93 63 82 81 86 86 96 96 94 81 80 80 94
74 89 80 91 82 79 63 83 82 61 82 85 87 66 83 85 91 86 89 81
4 4 4 3 3 4 5 8 4 7 4 9 5 2 4 8 7 6 4 3
82 83 66 81 84 53 70 76 81 62 69 71 85 57 64 54 58 83 63 75
81 80 80 85 57 67 59 86 88 76 88 77 73 73 75 65 62 80 43 82
45 24 39 39 42 45 46 77 55 61 64 42 57 61 42 29 30 52 64 57
17 24 16 19 13 15 17 8 18 22 25 15 29 12 29 23 26 22 14 7
85 81 87 86 76 89 79 94 87 84 91 70 91 96 86 91 88 92 92 91
54 41 63 56 47 59 71 71 76 72 59 81 65 74 71 80 73 81 63 62
91 92 93 90 93 93 79 98 88 96 94 90 85 92 95 92 94 94 90 95
46 66 46 53 60 61 53 52 43 55 80 75 61 60 60 70 50 63 58 53
92 91 94 88 97 92 93 91 94 97 93 96 89 96 96 95 82 87 90 86
64 65 71 74 76 74 59 58 60 70 73 69 49 71 54 56 35 59 56 71
34 42 50 47 53 49 68 47 43 46 66 45 57 46 56 43 49 45 44 35
39 47 40 54 35 30 30 31 49 29 35 60 38 40 28 40 31 49 27 42
38 39 56 51 32 33 25 52 52 47 47 21 40 68 33 38 60 15 49 46
16 4 16 5 6 6 18 7 20 8 12 6 15 16 10 15 8 5 10 26
10 11 15 7 20 17 10 9 27 26 16 10 15 16 9 11 32 14 12 20
44 67 43 75 76 73 63 71 54 58 53 58 69 37 71 67 54 84 70 71
19 12 4 7 10 12 8 15 7 13 6 12 8 9 13 11 6 18 11 14
44 69 75 63 54 72 71 52 60 74 54 56 68 58 54 59 66 62 83 62
39 57 45 43 41 60 56 39 71 56 63 53 52 61 65 49 66 42 43 65
78 86 60 80 83 70 84 73 80 87 93 69 85 82 83 89 83 85 80 79
94 94 84 95 91 91 95 97 92 90 84 92 96 95 97 89 93 91 96 97
38 16 33 30 46 45 29 23 19 29 22 32 35 34 20 18 16 17 15 34
50 56 53 50 52 34 53 31 47 60 56 51 51 40 27 49 52 52 75 19
46 21 13 28 20 8 20 23 20 16 34 12 18 20 17 10 25 30 7 10
96 88 71 92 86 95 93 79 93 93 92 94 87 92 83 86 88 89 97 96
66 66 48 54 80 69 69 62 67 56 83 61 56 71 77 73 59 63 55 64
65 77 81 73 85 69 79 76 79 67 85 73 71 79 70 61 63 78 65 73
65 52 77 60 63 66 60 54 52 51 77 74 63 69 65 76 80 53 69 78
56 74 35 33 46 70 67 57 54 51 48 56 57 57 48 42 29 53 54 31
35 14 41 28 15 36 22 29 25 23 29 29 54 34 36 41 15 59 30 44
90 96 73 96 86 87 84 93 90 84 86 88 84 92 90 85 85 78 96 93
31 30 21 27 15 37 24 48 28 32 19 29 32 30 44 26 19 29 35 48
52 41 43 23 40 32 28 40 26 42 29 45 31 44 34 37 44 44 44 53
65 35 64 49 42 38 49 26 36 52 42 46 44 53 34 48 48 55 32 41
52 27 46 37 43 32 46 61 43 62 35 49 46 39 53 41 54 44 47 36
97 88 89 90 86 94 94 90 93 91 94 86 83 93 93 90 98 94 80 95
34 31 24 26 24 27 21 12 22 11 16 6 25 18 41 31 26 34 36 29
77 73 77 89 84 74 83 78 80 81 81 88 83 81 83 71 92 86 65 79
18 18 18 19 16 16 26 26 18 24 8 9 22 10 16 8 32 19 17 19
5 8 9 9 7 15 13 3 9 7 11 9 11 8 3 17 7 5 8 10
28 25 26 51 31 25 33 16 38 27 28 41 35 24 17 34 20 15 34 35
79 80 87 82 74 72 70 83 68 80 86 57 86 88 73 86 79 90 74 84
93 92 90 96 95 86 97 96 94 89 86 97 95 90 93 93 90 91 90 90
62 56 66 46 66 54 48 60 42 57 58 66 56 49 28 50 45 58 53 75
61 83 62 79 51 36 67 83 69 54 76 81 47 76 69 84 83 73 81 61
17 25 26 41 35 28 19 29 21 37 33 27 18 52 28 32 14 22 24 46
4 7 3 5 3 5 5 5 4 5 3 6 3 4 3 9 2 4 12 9
85 88 72 91 88 84 93 85 79 89 76 79 80 89 87 89 89 70 80 92
88 72 81 92 84 81 86 83 78 84 85 85 80 89 81 80 75 78 80 89
68 43 68 56 61 79 74 76 60 65 59 64 77 49 58 53 61 65 69 78
30 47 34 51 49 41 49 35 67 39 53 32 67 45 33 27 32 43 33 44
39 37 47 26 34 44 26 53 54 37 48 29 27 26 38 32 26 33 23 26
50 61 56 69 72 61 51 57 65 46 72 77 57 65 68 65 60 51 61 46
42 57 49 40 48 32 65 52 43 72 44 57 61 50 56 70 64 47 65 73
21 16 18 19 19 18 13 25 35 14 15 13 12 17 16 27 7 15 37 16
22 21 25 49 26 20 38 13 21 32 26 26 18 21 33 20 18 25 33 41
17 7 35 17 24 18 20 21 17 21 37 22 14 18 15 13 20 12 17 16
27 43 59 27 48 37 40 18 42 39 41 35 46 53 39 49 56 59 42 18
17 21 14 31 26 12 10 31 42 26 43 38 24 22 30 22 23 26 49 19
3 4 9 8 2 3 7 4 3 6 2 3 8 4 5 11 6 8 12 5
69 82 83 72 74 76 67 85 71 71 58 75 52 75 81 78 77 76 58 61
10 7 10 5 13 18 16 3 8 9 16 8 10 7 13 26 11 14 19 8
99 95 96 98 97 98 98 96 99 90 97 97 99 99 98 98 99 95 98 98
11 11 16 22 12 11 10 26 12 11 16 13 12 8 15 13 11 17 14 9
13 22 21 30 34 18 5 45 9 32 11 31 19 17 16 11 16 18 9 14
18 28 31 35 23 7 37 18 33 44 20 16 17 14 24 45 22 26 17 25
36 32 41 48 53 48 41 46 37 42 54 35 38 37 50 53 34 31 27 43
80 79 79 70 66 91 82 79 65 91 81 74 81 86 68 85 84 79 84 63
67 62 88 64 80 88 86 68 90 80 79 78 85 62 76 86 59 88 78 83
67 82 77 73 94 92 83 90 89 95 85 80 81 82 83 78 88 89 77 93
31 37 40 36 21 33 14 24 33 40 21 29 31 41 21 50 25 13 54 36
29 36 24 35 22 27 36 23 12 50 53 29 25 25 30 18 55 46 48 14
66 62 55 70 71 54 64 79 74 61 68 60 68 71 60 55 66 65 74 76
52 34 77 51 59 76 39 64 69 55 44 60 74 66 90 53 84 53 70 68
83 91 84 84 89 82 85 73 80 89 83 84 87 60 84 94 90 88 82 80
62 59 34 57 53 47 33 33 55 63 73 73 71 60 52 53 52 37 64 56
21 17 23 26 12 21 9 18 22 19 20 14 20 8 21 10 11 36 16 26
74 54 64 78 73 61 58 88 60 86 68 69 71 67 56 76 66 61 73 53
59 65 69 62 69 36 47 28 61 52 53 30 41 47 78 56 69 49 28 63
68 75 85 87 64 84 86 82 90 66 83 83 86 87 89 78 60 79 55 79
50 45 60 62 75 54 58 38 50 57 62 38 64 35 48 60 46 59 37 55
67 78 76 68 80 71 50 65 82 65 79 60 76 85 84 56 75 62 75 90
64 39 60 41 42 38 74 55 51 38 48 53 60 62 34 68 49 35 31 45
28 58 47 64 37 50 39 56 40 45 39 60 44 46 61 45 58 48 34 45
78 87 79 70 77 71 81 83 82 75 61 78 85 56 58 80 76 74 76 77
5 10 4 4 5 9 7 5 3 4 8 3 5 8 3 6 11 9 7 6
21 34 22 35 22 34 29 36 40 23 25 23 43 22 47 27 14 28 31 26
56 54 82 53 62 58 71 57 56 44 68 76 62 61 55 58 53 70 59 37
19 5 30 27 11 23 10 27 26 20 16 19 26 15 11 21 23 28 24 36
33 13 16 48 12 30 19 32 17 18 14 38 31 29 14 26 21 36 26 37
2 2 3 2 2 2 2 2 2 3 3 2 2 4 3 2 2 2 2 2
41 43 60 47 62 45 45 49 23 52 49 75 38 48 44 28 54 43 50 28
50 32 26 35 39 34 34 40 34 34 30 22 19 31 20 28 49 20 45 27
56 39 54 31 37 28 43 36 44 32 55 24 48 20 46 46 28 41 29 51
59 65 86 64 58 64 73 40 60 55 49 66 61 48 57 70 70 61 48 65
93 91 88 90 92 89 89 93 86 94 94 87 84 92 87 95 92 90 94 86
62 51 43 62 53 76 54 49 49 35 56 64 57 42 50 68 47 54 48 47
25 32 35 41 44 29 17 30 47 20 31 20 33 36 20 20 35 21 26 33
87 93 98 87 94 86 94 90 96 95 94 90 90 96 97 90 94 85 96 95
53 47 61 56 30 40 32 44 21 53 35 21 36 42 59 51 46 47 30 67
67 67 46 72 57 69 68 67 60 63 62 63 60 29 76 75 61 49 69 48
14 17 18 9 26 40 21 22 15 23 42 24 24 29 24 31 28 16 18 17
64 47 42 50 46 56 47 44 65 39 56 46 36 44 39 62 36 44 46 24
79 76 71 88 80 91 78 86 80 74 79 77 74 94 77 96 90 92 89 89
54 56 21 78 54 64 51 67 36 56 62 50 67 54 47 65 64 54 37 30
10 7 12 6 11 21 8 11 6 9 10 6 8 7 11 6 5 7 5 9
40 47 32 49 31 44 38 28 39 73 19 58 13 49 48 35 64 43 50 43
68 66 68 58 58 56 69 56 59 64 72 88 78 71 61 73 75 67 65 67
20 16 33 49 25 41 36 33 31 29 25 42 22 25 13 13 41 18 23 47
52 76 50 65 49 51 74 65 67 47 60 71 75 51 58 69 53 62 59 68
30 26 18 37 42 35 14 26 30 16 23 35 34 32 29 27 41 41 29 36
84 77 68 63 71 57 66 77 86 81 71 71 78 63 54 76 86 81 70 85
63 70 76 75 88 69 77 64 69 68 74 66 72 66 69 67 76 78 66 60
80 80 86 79 72 89 76 79 68 82 89 81 86 86 81 70 84 90 84 90
71 53 62 74 65 74 74 48 61 65 71 57 83 69 69 65 54 62 75 54
68 68 84 69 87 61 72 91 66 89 73 79 77 90 63 91 75 86 68 81
8 12 10 19 9 15 6 3 9 15 8 13 13 10 14 5 6 4 29 11
65 46 57 65 64 44 40 55 55 27 58 70 76 54 51 65 62 64 55 73
81 83 87 75 86 84 86 83 81 90 91 83 92 90 79 80 84 83 82 83
73 72 87 75 82 70 86 69 70 74 78 71 74 75 86 76 83 80 82 80
41 41 62 75 62 66 62 65 53 79 79 58 54 79 72 49 70 72 74 65
29 23 22 18 18 10 14 11 11 5 8 17 36 13 6 11 44 11 12 17
6 7 10 6 5 5 6 7 6 7 8 10 7 10 15 9 15 11 13 9
81 78 57 87 81 79 65 87 78 80 85 80 66 71 66 78 63 75 61 82
83 88 92 78 90 87 95 87 85 91 85 81 87 84 80 92 71 85 94 83
79 54 76 73 89 90 86 70 82 69 82 75 85 72 84 43 78 61 72 85
19 21 27 15 21 12 19 8 25 32 12 13 19 25 19 20 15 12 21 42
36 47 52 58 43 41 52 36 30 27 59 35 56 61 67 42 53 46 33 47
10 7 8 3 11 6 7 4 4 5 5 7 9 5 7 3 5 15 2 5
23 35 28 18 29 10 40 37 28 38 16 12 25 20 28 35 22 22 27 20
34 36 21 23 10 31 24 43 23 21 19 28 39 43 27 6 50 24 30 25
75 70 89 76 65 76 78 70 76 66 75 69 73 74 56 68 78 53 87 80
11 20 20 11 7 26 17 9 18 10 9 17 16 25 21 17 21 11 34 12
53 36 15 47 71 44 35 51 58 55 29 51 42 42 54 35 39 31 25 41
13 15 11 8 26 16 8 31 26 12 21 7 13 12 28 17 20 11 8 9
85 80 84 82 78 66 79 57 86 70 78 62 62 82 77 75 63 75 59 60
12 32 16 24 35 12 18 22 22 24 25 16 22 25 22 9 7 11 11 11
71 53 72 60 88 68 77 85 58 66 62 65 72 79 80 76 54 49 64 58
11 10 20 11 18 8 18 14 9 6 13 22 21 18 6 12 13 8 11 18
49 20 24 31 35 22 25 26 34 40 51 47 30 28 45 30 44 26 16 30
37 30 57 51 45 40 36 72 51 68 53 41 39 64 44 32 57 56 49 50
56 57 45 61 71 80 51 36 48 34 57 51 62 61 44 36 59 29 56 50
12 15 14 17 27 16 9 11 17 9 28 24 12 21 12 19 38 20 24 22
33 25 43 29 42 15 22 41 22 18 24 24 23 28 22 19 18 22 49 30
49 35 51 36 49 47 56 28 30 49 34 33 26 34 36 33 32 41 64 37
93 79 84 91 91 87 77 91 89 95 89 78 79 91 88 90 84 96 87 86
16 11 6 16 11 19 25 17 23 11 13 15 13 14 14 20 24 14 33 17
29 37 57 23 28 40 23 23 44 44 22 38 29 35 28 32 40 29 22 24
75 59 77 69 54 47 55 61 56 73 43 67 61 60 64 50 36 79 46 59
75 80 53 54 74 64 72 74 56 53 45 71 71 62 60 74 83 71 79 77
96 97 97 97 97 98 98 98 96 88 98 99 97 97 96 99 99 98 96 95
9 15 4 21 9 4 5 12 6 8 4 8 8 11 9 7 4 14 3 13
68 42 56 64 50 67 49 43 61 46 46 49 67 47 49 39 58 34 54 51
53 35 35 47 57 50 48 33 38 60 53 72 58 48 43 52 28 46 60 41
72 71 79 72 56 46 62 56 61 62 65 56 66 55 69 65 87 67 77 77
55 48 39 59 63 63 51 62 40 43 42 43 55 74 53 66 61 65 44 68
65 63 58 76 74 63 60 71 72 65 52 78 45 64 68 50 48 68 63 62
98 95 93 94 95 93 93 96 98 90 92 85 95 90 95 92 96 98 82 92
