100 20
63 20 8 2 76 35 66 77 4 96 2 58 14 71 43 50 61 71 60 47
65 10 24 3 53 32 58 76 2 91 2 50 15 68 46 60 68 33 33 72
36 7 17 2 60 30 63 61 3 91 3 50 32 90 52 67 78 43 43 61
49 4 5 2 60 62 74 64 2 84 2 24 22 61 45 50 73 41 39 36
68 9 7 2 67 35 73 91 3 93 2 44 18 73 48 68 60 48 87 82
53 11 6 3 55 13 82 72 3 94 4 52 28 43 42 44 81 48 42 56
62 8 19 2 84 22 70 75 2 83 2 61 17 61 21 64 51 75 64 38
67 17 8 2 64 24 83 75 2 91 3 52 30 44 35 71 69 55 46 55
34 5 18 2 77 34 59 69 4 94 3 69 23 69 63 69 68 54 39 53
72 14 9 2 57 34 73 70 2 85 3 56 18 70 36 65 53 60 48 41
75 14 11 2 56 29 70 64 3 98 2 50 18 51 43 54 77 53 46 61
35 7 25 2 70 40 72 57 2 95 2 37 23 63 31 61 76 65 73 50
73 5 14 2 76 37 69 60 2 90 2 52 18 46 40 45 56 32 49 58
68 9 16 3 63 32 72 75 2 96 2 50 16 84 25 67 50 22 33 63
49 10 20 2 73 36 70 79 4 94 2 60 32 83 29 57 69 70 57 61
51 9 15 2 75 38 75 61 4 86 2 42 10 56 56 82 56 40 37 47
45 13 24 2 63 29 57 69 2 93 3 55 9 59 55 73 81 56 37 58
47 8 15 3 53 32 71 63 4 92 2 64 11 64 54 58 64 38 50 53
58 5 4 2 78 38 61 74 2 94 2 47 19 72 28 28 40 59 53 52
76 6 15 2 65 38 58 87 2 97 2 48 12 47 40 45 68 59 50 43
67 19 8 2 66 39 61 64 2 89 2 45 14 56 32 43 71 46 39 63
46 9 5 3 76 27 68 48 2 95 2 59 8 46 44 60 66 77 52 63
46 15 8 2 86 24 73 70 2 91 2 62 20 37 41 70 69 47 51 35
68 14 14 3 86 45 70 76 3 88 2 63 23 44 42 67 56 46 46 60
62 12 25 2 44 29 70 71 2 87 3 51 27 66 46 62 67 67 65 50
65 3 20 2 76 29 75 59 2 96 2 41 22 35 25 67 70 42 51 37
52 10 26 2 77 26 47 83 2 86 2 64 19 64 33 39 72 51 38 64
46 11 34 2 85 12 69 54 2 97 3 54 29 58 30 58 45 69 37 43
77 3 9 2 74 33 73 79 2 96 2 66 28 35 48 45 77 39 39 71
55 6 9 2 56 20 54 61 2 94 2 34 9 58 43 56 64 56 56 39
64 17 20 2 70 18 59 49 2 83 2 52 9 73 43 53 76 49 53 71
50 8 22 2 53 22 42 80 2 91 3 68 17 54 17 47 77 51 55 60
45 7 25 2 76 32 47 69 2 94 3 58 29 66 46 58 69 47 55 56
59 10 7 2 69 38 66 69 3 93 2 51 15 55 48 64 77 66 37 88
71 11 14 2 81 34 54 71 4 95 2 33 19 71 45 64 72 59 61 49
61 16 9 3 73 31 81 52 2 93 2 50 5 80 38 54 72 52 26 40
65 12 25 2 85 28 62 91 2 84 3 67 21 34 45 82 59 61 30 62
40 6 9 2 57 24 63 62 2 93 2 58 16 63 35 47 70 59 49 50
51 15 13 3 74 32 54 63 2 93 3 44 24 61 39 61 65 40 58 60
75 6 4 2 87 43 64 85 5 87 3 54 27 62 35 74 55 55 30 30
50 8 16 3 67 58 80 64 4 84 3 47 35 68 41 65 73 41 30 38
62 3 18 3 73 32 34 70 2 92 2 34 45 39 37 35 57 52 35 42
59 10 15 2 75 48 82 61 3 97 2 55 11 54 32 54 53 53 51 56
62 10 12 2 71 30 66 60 2 92 2 55 19 65 21 60 38 55 56 47
51 16 10 2 69 23 48 86 3 95 2 47 16 52 30 60 61 69 44 50
39 9 12 3 66 21 79 86 2 96 3 49 30 71 28 50 74 51 32 60
49 10 10 2 79 29 68 79 2 88 2 39 32 62 28 55 66 50 39 59
70 8 8 2 79 29 62 75 2 92 3 41 23 44 21 59 41 37 49 36
74 7 16 2 68 46 46 70 2 97 2 41 12 59 61 61 75 35 40 68
58 6 10 2 82 43 55 83 2 97 2 42 16 67 33 69 44 58 62 73
55 12 24 2 62 30 64 85 2 92 2 52 19 43 32 61 62 55 41 51
67 7 8 2 69 23 73 62 2 93 6 70 18 62 33 47 67 56 43 53
52 5 13 2 65 35 56 71 2 90 2 52 12 75 34 46 68 59 61 41
72 3 13 2 88 21 68 53 2 94 2 51 15 65 32 45 80 43 43 48
61 11 18 2 67 51 51 54 3 95 2 42 19 47 44 45 52 49 38 43
54 3 11 2 70 24 66 83 4 86 2 38 14 54 33 45 74 56 48 66
67 9 17 2 64 25 63 71 2 88 3 67 20 47 41 58 66 51 38 84
58 11 8 2 80 30 65 65 3 99 3 46 12 77 27 54 52 55 63 66
68 11 29 2 85 42 68 65 2 95 2 54 22 64 57 69 60 32 28 72
79 10 13 3 75 36 82 70 2 92 2 49 25 80 61 61 62 59 56 50
70 11 7 2 70 36 74 81 3 85 2 57 11 54 41 45 73 49 58 51
72 19 24 3 85 26 80 85 2 84 2 47 16 59 40 49 68 36 39 29
56 8 15 2 71 28 76 77 2 94 2 36 40 60 19 54 78 56 36 42
65 15 8 2 68 34 78 79 2 94 2 40 14 48 47 65 70 44 34 70
45 13 20 2 81 22 63 58 3 92 2 35 18 66 47 80 76 40 57 66
58 6 15 2 59 36 58 75 4 93 3 53 10 42 58 58 55 65 42 48
32 9 12 2 71 30 72 64 2 88 3 61 13 54 31 36 79 44 63 37
48 6 18 2 77 20 62 82 2 96 2 45 17 63 31 56 67 40 34 36
42 5 19 2 85 26 78 76 2 87 2 70 26 71 58 75 77 62 26 70
58 9 17 2 88 46 79 74 2 99 2 50 13 63 35 66 65 67 33 50
67 12 10 2 83 25 62 71 2 95 2 53 11 68 44 52 68 38 35 47
61 4 8 2 70 24 75 76 4 80 3 34 23 58 57 63 73 21 42 53
41 16 7 2 82 34 66 72 2 96 2 67 24 56 34 62 64 40 49 47
67 8 8 2 70 14 52 79 3 97 2 38 8 67 47 66 75 50 58 60
67 4 15 2 83 15 57 59 2 88 2 43 23 62 42 66 67 65 47 32
58 11 24 2 45 31 64 67 2 87 2 60 11 62 39 59 55 44 34 56
49 14 13 3 62 34 65 72 2 94 3 65 13 70 39 72 84 50 59 75
76 6 12 3 69 26 70 67 2 91 2 58 21 78 52 63 73 66 29 34
63 15 14 2 87 18 71 81 2 90 2 44 19 58 47 51 62 61 41 54
67 11 11 2 86 32 67 78 4 96 2 64 30 60 64 54 78 52 53 66
52 7 16 2 74 20 73 67 2 97 2 55 11 67 64 63 78 39 67 61
49 10 8 2 74 15 70 82 3 95 2 43 34 68 45 50 58 36 41 70
49 18 7 2 79 28 71 75 3 85 3 42 31 69 47 49 60 61 40 43
63 9 11 3 70 26 73 63 2 91 3 43 9 60 37 46 69 54 46 57
63 17 7 2 70 44 85 68 2 89 2 46 23 72 38 65 83 54 48 61
53 10 29 2 69 30 65 66 2 88 2 45 11 52 60 36 67 56 49 60
71 7 15 3 77 29 71 63 2 87 3 70 26 64 25 65 60 65 28 58
58 6 16 3 76 34 64 49 3 87 5 32 9 62 49 63 69 32 57 66
58 9 7 2 65 30 81 77 2 91 5 47 22 47 36 70 55 50 49 69
54 10 11 2 57 33 77 65 2 94 2 54 9 62 46 51 71 56 42 42
73 11 20 2 56 24 61 67 2 94 2 61 10 66 22 62 55 34 60 76
74 11 18 3 73 31 80 70 2 93 2 28 16 35 39 55 56 57 38 49
61 7 9 2 80 48 76 82 2 75 3 61 25 44 30 71 74 60 50 63
59 6 8 2 69 53 75 71 3 97 2 29 17 48 32 46 87 54 40 60
59 8 4 2 80 20 86 70 2 93 2 60 12 68 26 70 53 60 55 35
53 21 19 2 58 40 50 69 3 93 2 67 14 59 53 63 54 37 57 77
60 11 13 2 79 53 72 61 2 95 2 59 12 76 38 53 78 57 73 52
55 5 16 2 71 33 71 91 2 87 2 50 15 61 40 61 67 79 50 55
58 7 17 2 74 43 74 65 2 88 2 50 16 64 43 52 68 66 44 64
58 14 10 2 63 28 54 63 2 92 2 60 14 76 44 65 80 51 37 52
