50 10
95 37 10 83 67 79 96 24 16 29
81 93 26 73 90 53 68 5 58 69
17 41 98 43 95 44 70 24 7 37
33 28 12 88 3 66 78 65 30 71
58 48 63 94 94 55 30 36 86 26
79 27 38 44 66 54 8 93 90 26
34 39 69 96 31 49 76 27 68 91
8 86 7 58 41 58 65 99 90 84
13 10 66 42 97 21 99 73 30 15
70 43 16 62 24 54 86 68 43 5
81 36 46 71 36 77 26 81 58 95
19 66 58 75 86 90 90 80 14 20
11 46 83 52 50 12 20 97 68 43
78 37 56 40 97 46 81 53 91 40
51 18 39 9 16 16 38 56 96 72
41 47 63 70 14 26 67 30 78 36
73 17 48 41 18 76 40 30 69 27
18 15 40 51 64 29 90 80 12 69
34 25 24 53 99 93 51 92 2 21
42 80 19 85 89 26 41 63 58 92
99 92 93 97 11 64 61 80 60 44
77 95 53 47 23 90 5 13 58 93
21 72 76 45 16 99 77 33 4 26
23 11 76 33 42 83 3 87 75 2
87 10 39 30 26 79 17 36 85 22
6 31 82 32 8 50 3 37 99 29
86 2 13 64 80 27 88 77 87 55
61 3 12 16 40 42 81 77 11 96
44 13 66 64 63 48 25 55 8 96
76 64 40 33 19 64 52 3 42 31
25 19 11 24 57 69 10 17 63 53
36 96 11 94 56 69 34 58 90 7
72 34 82 8 32 23 20 35 50 38
62 76 98 20 53 34 28 58 92 6
13 77 77 14 63 16 48 31 48 51
27 28 93 78 71 81 95 85 23 67
82 78 71 74 2 68 71 7 33 3
64 36 87 56 11 89 42 11 27 66
64 11 25 73 27 39 92 90 22 80
42 72 91 50 94 46 35 15 67 67
97 37 17 52 4 97 7 80 16 31
53 46 57 85 28 36 27 77 96 60
39 85 57 70 64 81 74 60 31 48
80 71 31 81 24 66 92 28 43 94
19 67 85 37 70 15 19 11 43 83
11 63 37 45 7 61 30 66 28 96
98 9 14 80 44 84 80 16 40 69
29 95 14 50 12 43 2 93 30 82
63 32 96 98 54 17 6 76 3 98
85 6 39 53 97 29 9 77 52 32
