200 20
54 70 55 38 11 53 16 9 10 68 42 10 3 74 51 81 83 51 38 43
78 57 23 7 16 33 11 24 41 92 79 5 94 20 48 47 25 81 6 56
78 40 85 86 34 24 68 47 75 13 17 64 46 54 27 72 96 25 81 85
17 32 76 50 85 11 40 51 26 94 7 6 98 18 72 25 67 22 51 36
79 27 53 37 84 13 60 66 92 17 89 61 32 16 36 79 87 47 60 11
39 90 20 25 64 47 20 91 18 90 24 68 82 51 10 51 34 47 92 54
20 25 62 47 21 20 81 54 66 59 8 64 28 41 16 94 2 35 24 35
62 89 53 93 95 47 9 71 68 59 34 87 58 98 29 9 84 27 55 62
54 59 15 64 5 56 75 5 22 24 92 98 93 88 84 98 24 21 81 98
66 61 7 41 11 64 82 32 69 2 26 27 25 17 28 44 91 65 70 62
81 8 20 42 11 16 13 43 67 40 91 58 40 71 36 5 39 71 33 44
59 43 20 39 73 31 62 73 81 9 29 18 91 87 17 10 98 33 16 82
74 46 60 39 5 71 97 37 64 23 81 36 59 91 55 27 9 6 14 71
25 74 49 57 58 51 59 88 44 32 96 78 41 70 40 43 38 87 49 44
24 22 99 22 7 48 39 73 67 8 36 89 39 5 84 90 21 38 74 87
39 35 18 90 81 94 69 83 21 64 70 31 21 72 9 92 96 86 20 97
4 8 33 19 93 27 88 80 13 27 79 22 75 78 54 94 45 16 64 84
92 49 60 21 38 43 35 46 15 42 62 37 93 12 99 19 63 36 41 70
24 86 24 31 31 8 65 67 8 46 56 50 84 55 38 32 44 83 9 7
55 22 11 30 80 20 33 29 57 12 23 77 82 8 62 93 26 30 73 95
77 67 20 47 93 25 74 7 6 10 69 50 41 71 75 96 4 68 96 9
10 2 26 30 56 98 25 23 97 79 7 77 40 61 28 59 67 31 34 46
18 80 19 57 71 68 58 59 78 54 63 26 16 68 55 21 85 99 43 10
84 91 6 73 27 12 6 79 32 17 18 81 8 55 50 69 27 22 28 70
22 42 9 33 8 84 56 5 52 85 18 5 99 54 34 37 72 98 52 99
9 42 90 73 14 24 36 72 51 11 18 69 39 53 24 26 86 59 68 19
99 7 17 29 22 49 58 78 13 7 2 63 90 7 23 25 81 18 45 78
38 56 72 55 58 54 18 44 78 60 68 50 8 49 57 11 28 8 49 85
24 95 84 94 54 13 59 40 59 42 58 34 92 96 8 83 44 62 27 60
84 58 86 16 11 90 49 80 23 48 19 74 81 33 42 83 57 38 79 4
10 34 80 24 95 14 49 6 97 15 27 59 20 54 81 15 8 32 48 27
9 9 88 57 7 73 61 45 70 57 64 89 49 95 30 9 56 12 19 23
87 96 75 83 31 45 4 22 20 21 75 18 31 78 71 81 69 53 66 26
55 48 26 76 54 62 12 17 59 21 7 64 50 40 3 56 62 94 93 19
21 46 36 44 49 70 57 93 9 75 58 59 31 29 58 30 92 37 75 27
56 50 84 74 17 16 81 21 8 62 74 64 12 65 83 78 23 15 54 35
58 45 55 54 31 29 46 26 94 20 95 99 89 90 87 99 31 42 85 40
88 17 73 95 79 6 39 43 71 16 79 45 3 55 25 24 28 18 96 35
69 63 55 46 11 11 43 82 65 31 83 88 42 32 69 95 86 13 22 56
62 20 56 81 37 42 33 50 89 79 52 8 98 42 64 90 47 84 77 31
70 82 28 57 53 39 22 56 69 33 61 62 78 95 18 10 5 97 71 63
12 53 89 97 7 9 15 95 68 53 27 89 55 53 13 13 43 32 91 4
80 36 26 98 33 68 5 52 22 2 30 10 30 91 43 6 93 60 40 50
32 89 18 44 75 47 62 61 36 62 55 6 3 43 68 73 2 3 30 91
72 79 29 60 78 14 35 69 88 96 15 40 8 44 49 85 96 55 42 58
4 9 49 92 4 55 79 9 24 51 77 99 47 99 99 5 92 81 77 11
72 47 18 64 60 82 62 16 92 78 74 53 50 92 5 31 12 27 68 86
62 43 38 79 54 88 7 62 10 10 90 7 74 18 34 81 56 12 88 10
4 33 81 93 95 45 90 87 59 40 47 14 4 24 74 93 92 86 74 71
51 96 39 29 20 19 25 46 65 16 29 14 52 95 41 72 13 53 58 96
70 43 19 14 15 23 95 70 77 57 80 67 51 50 49 27 96 66 14 18
28 73 77 62 8 91 63 44 91 86 94 87 15 63 12 3 10 41 19 68
99 12 2 88 56 69 54 89 29 81 60 42 63 34 32 10 32 48 9 37
53 20 91 43 49 69 42 94 45 44 73 60 7 25 51 86 6 58 92 5
14 11 61 38 55 46 99 15 75 18 76 21 3 81 19 16 78 4 60 47
20 81 60 39 58 51 30 60 60 50 76 19 94 60 64 81 32 64 47 65
33 88 24 50 44 99 78 67 11 79 61 16 79 99 62 61 72 80 88 42
88 70 13 8 82 79 53 25 99 44 58 60 4 48 38 68 75 19 26 38
18 16 96 81 47 52 34 36 98 58 19 25 58 47 97 69 89 34 79 78
73 9 35 99 20 19 55 38 77 87 95 95 57 45 41 3 32 89 69 24
48 8 81 31 95 80 94 21 85 64 24 54 7 11 34 37 26 19 34 8
27 24 54 80 53 36 94 69 27 29 66 19 84 43 59 3 76 76 36 25
39 67 83 57 53 12 50 28 24 99 58 28 41 52 19 73 2 22 21 85
37 19 72 8 12 38 68 16 64 28 52 36 45 98 32 50 91 64 30 65
86 86 83 46 94 5 49 55 95 38 96 44 5 57 70 43 97 52 74 99
28 70 84 73 8 95 65 98 8 97 21 52 30 10 15 38 18 99 75 54
23 82 59 97 73 95 90 32 78 46 5 53 75 16 86 24 27 35 70 44
44 47 32 45 97 56 15 82 55 14 72 23 58 44 92 49 61 67 71 71
25 97 67 10 3 28 71 40 86 24 94 28 83 26 95 7 89 4 8 28
89 79 98 41 30 37 38 39 41 85 31 84 19 47 46 71 39 8 31 90
73 71 84 56 57 51 35 71 67 42 66 61 65 56 71 25 37 62 99 27
96 67 62 29 20 50 85 99 34 61 75 58 64 25 85 78 79 42 79 8
44 71 54 32 66 91 80 43 8 32 42 21 55 21 3 83 33 66 59 68
30 30 99 40 34 99 33 18 93 69 48 18 96 60 50 16 71 3 49 3
34 92 26 20 57 36 95 89 97 86 66 15 68 95 27 79 78 78 19 61
46 8 85 7 4 53 68 69 81 81 49 44 92 91 31 74 63 82 97 29
50 87 87 5 71 5 75 53 35 38 52 64 87 69 15 95 47 15 18 24
33 38 91 53 30 46 83 52 85 31 3 8 80 36 37 48 41 74 49 73
10 57 55 99 41 32 93 73 68 4 69 97 65 21 62 38 81 82 98 63
87 42 86 70 27 29 17 24 75 9 7 23 10 97 49 41 77 38 55 97
70 72 27 20 31 31 43 68 78 60 76 64 65 27 78 89 57 87 36 51
62 98 93 12 19 25 18 53 61 94 69 52 83 52 64 89 69 62 56 21
37 23 23 94 60 33 90 81 40 60 75 47 69 38 43 15 20 85 96 38
54 24 92 56 94 44 13 74 74 8 33 11 42 72 27 17 14 39 29 9
66 63 58 13 8 58 8 16 24 52 56 81 44 87 46 99 52 66 50 88
42 82 66 16 39 23 99 7 11 73 12 16 99 62 53 32 23 16 4 70
70 98 86 92 76 51 28 47 17 34 39 23 49 43 12 21 14 93 32 33
34 6 14 50 87 61 35 83 51 14 9 16 95 7 85 33 37 23 73 48
84 99 20 63 95 87 70 97 25 66 69 86 38 8 9 49 73 41 18 19
66 61 21 8 59 5 62 60 18 33 32 56 14 18 51 97 41 38 15 27
37 31 6 8 88 5 53 55 53 94 71 24 13 11 90 90 73 75 17 25
3 97 54 33 61 59 4 99 53 37 52 45 48 37 51 69 20 33 80 2
89 59 93 97 69 55 20 3 84 44 60 84 84 31 34 69 27 4 11 3
6 62 2 60 16 53 48 26 81 54 22 56 75 70 92 47 25 20 90 13
37 93 16 35 10 55 76 15 71 62 21 2 32 10 5 97 62 65 99 44
39 47 91 98 52 36 98 72 3 5 92 74 53 63 50 82 6 65 36 54
19 89 55 41 84 19 58 36 82 93 8 24 45 7 15 10 54 47 36 84
46 50 78 84 80 31 76 27 51 42 29 65 56 47 70 90 75 71 86 24
19 99 6 19 83 98 64 71 72 23 60 74 2 63 89 20 40 45 81 9
7 16 43 44 50 91 48 17 94 98 55 75 57 73 60 49 3 10 75 80
86 24 53 69 50 3 52 83 32 57 37 87 84 10 37 59 43 53 95 74
67 52 44 95 10 54 19 34 82 24 80 48 18 49 41 15 36 57 58 92
2 72 8 79 87 15 16 31 27 17 80 79 99 89 3 25 99 4 15 3
11 48 7 88 6 11 15 87 19 63 2 32 61 18 34 84 81 89 84 40
17 88 68 58 26 56 70 14 15 97 45 39 35 54 61 11 81 65 38 77
83 11 3 16 37 31 65 27 82 9 89 71 62 40 89 81 77 96 53 10
70 42 21 67 24 28 44 95 51 21 92 95 66 91 67 26 16 32 34 36
99 61 25 87 31 94 6 56 89 29 72 96 37 17 7 97 91 38 86 80
96 53 38 53 93 13 51 3 84 86 15 48 44 7 43 14 98 92 18 98
44 57 2 81 37 93 33 12 57 82 73 53 19 76 60 41 28 56 28 42
54 37 42 40 94 11 64 90 33 31 23 82 72 34 29 84 91 64 18 13
54 71 40 17 80 93 58 41 88 31 71 71 47 32 2 99 76 88 59 35
52 56 34 88 95 81 78 41 88 85 36 82 95 50 33 78 78 94 93 4
27 85 19 99 27 51 78 24 33 84 46 52 33 73 59 45 27 37 50 11
29 60 37 15 65 54 98 43 30 24 29 20 98 57 68 25 27 33 46 13
41 12 22 27 43 15 41 33 27 78 39 29 84 26 56 89 56 25 16 64
83 18 40 5 84 62 25 21 12 81 24 70 62 13 15 71 67 51 13 60
54 10 57 19 60 96 37 61 15 16 89 65 51 90 58 31 90 76 88 45
52 31 61 65 79 30 45 87 99 69 45 39 47 22 9 31 31 60 20 82
59 37 15 64 22 74 32 55 32 47 11 52 65 8 94 73 60 48 13 7
53 33 73 95 59 25 99 80 20 68 77 85 91 46 26 45 5 82 10 54
41 75 54 64 55 63 37 24 34 99 4 98 96 83 64 52 16 64 87 24
56 21 74 13 74 97 53 51 14 4 35 4 48 62 16 82 2 21 54 43
11 97 3 5 23 73 77 78 7 36 89 3 85 6 98 41 37 88 25 78
28 32 41 10 61 41 92 54 38 53 49 87 16 67 20 26 15 78 79 13
55 49 47 18 72 56 30 27 88 38 22 54 80 50 92 78 3 39 68 44
65 75 63 22 25 74 53 64 16 18 77 68 49 87 27 21 77 33 31 91
4 82 81 53 20 72 66 70 62 68 84 22 73 41 98 32 3 27 43 7
93 38 81 17 41 38 65 49 88 39 45 93 76 16 60 33 41 79 37 73
22 96 15 6 54 32 6 2 5 44 49 73 47 61 90 20 94 40 29 35
63 26 9 65 45 60 57 53 29 64 6 25 41 35 27 43 31 68 35 82
68 78 18 59 51 53 10 25 85 44 62 22 25 67 74 58 32 52 76 3
74 24 6 79 4 25 26 88 74 71 65 74 84 2 73 86 23 26 81 11
7 53 31 74 34 62 21 43 84 94 47 32 80 52 24 33 37 85 91 35
91 26 26 3 31 28 11 8 42 58 64 97 88 57 79 28 68 2 74 98
98 7 42 66 78 69 92 32 96 27 10 92 8 95 14 94 87 89 16 67
51 38 63 78 81 39 12 77 15 14 21 93 49 92 99 98 93 65 24 8
80 27 59 67 4 55 29 7 86 83 59 45 37 50 84 15 48 75 22 62
84 86 63 11 71 3 75 72 75 34 43 77 8 52 90 8 4 56 90 19
33 93 30 99 48 57 55 82 88 72 48 47 39 20 93 25 39 63 19 76
19 81 40 72 41 81 61 71 9 21 60 4 31 88 97 12 10 30 40 82
15 65 28 68 2 11 21 24 13 77 30 23 29 47 50 72 96 26 53 58
94 11 70 42 59 2 28 34 87 99 88 14 36 33 44 66 31 5 72 79
73 41 26 66 42 98 22 83 68 69 44 86 26 6 17 19 90 48 53 43
69 15 88 4 25 88 60 5 92 42 43 31 19 9 64 49 41 28 22 33
25 50 22 6 49 90 11 13 32 59 97 75 33 34 46 82 54 57 48 64
12 24 30 53 20 88 8 43 7 38 64 22 23 31 33 46 21 7 59 26
73 65 72 90 62 99 86 44 64 36 21 34 23 6 62 50 26 65 87 45
53 22 61 49 62 2 90 38 22 20 73 59 11 34 80 69 25 69 13 38
10 74 54 80 50 2 2 27 45 99 97 23 39 72 39 27 52 44 10 25
39 67 65 30 14 79 6 7 87 89 75 63 56 24 23 27 37 11 64 41
56 44 61 11 22 43 68 68 83 27 80 94 11 44 29 88 40 24 10 5
8 46 14 96 99 6 81 20 84 91 37 81 4 42 98 70 26 78 61 29
7 96 27 27 44 28 70 71 32 34 20 35 91 59 11 50 6 62 70 36
22 97 7 87 68 11 81 71 79 51 20 54 46 90 8 61 78 54 76 81
98 13 45 67 32 16 35 2 64 22 47 93 27 31 20 43 49 34 50 16
69 85 82 19 92 12 67 45 50 64 75 69 31 83 19 37 4 71 81 78
86 15 97 3 92 57 21 24 76 41 45 35 12 46 73 94 7 94 58 18
74 78 31 77 71 47 55 55 17 23 90 91 82 34 51 33 12 19 62 32
47 63 87 63 21 12 78 22 26 72 5 49 46 26 20 13 11 76 49 56
27 43 84 98 45 61 24 34 22 37 41 70 24 73 2 46 74 49 32 61
62 80 97 9 55 27 13 84 62 70 70 32 97 31 67 44 52 72 11 66
42 55 40 86 24 42 70 51 29 42 34 30 53 37 68 88 82 44 11 72
32 46 47 72 51 40 65 10 90 78 8 31 6 42 21 80 16 92 81 99
36 64 93 83 44 47 54 21 58 22 35 49 88 88 64 67 85 71 16 91
54 46 14 49 37 12 79 50 74 51 7 72 14 63 2 30 35 94 76 20
2 32 59 70 22 12 11 75 23 7 4 39 15 42 41 41 89 96 29 4
60 23 92 76 53 88 87 20 32 51 39 29 75 21 94 20 97 87 20 37
62 16 26 17 54 36 41 32 33 5 52 43 16 45 40 74 53 31 13 19
15 52 49 23 93 67 15 3 3 24 19 27 71 61 10 55 95 2 21 84
89 60 69 63 38 87 56 53 18 52 54 7 60 43 75 86 73 74 26 99
92 84 54 72 19 89 97 18 23 82 17 82 28 49 37 80 94 7 69 36
73 30 66 85 59 13 46 70 85 57 56 85 77 13 18 92 28 48 10 75
76 33 89 86 3 22 26 79 6 76 32 30 84 76 23 30 81 29 93 88
43 52 67 78 91 56 83 49 42 83 11 16 69 27 47 50 86 57 4 96
30 14 43 43 11 79 49 16 34 39 14 54 83 78 94 83 9 16 44 57
75 80 55 60 12 36 62 31 18 74 97 8 65 6 28 62 76 97 66 77
90 21 39 90 46 39 46 32 46 40 4 73 21 54 45 12 85 56 95 24
94 45 74 17 63 67 40 72 83 33 2 96 42 29 17 41 72 3 72 57
21 48 16 22 50 83 32 68 37 7 70 21 15 39 76 47 94 83 2 93
26 9 37 83 93 52 55 93 37 68 3 24 18 47 99 20 5 13 88 14
72 76 60 54 25 43 14 57 68 25 22 74 17 37 20 75 22 14 23 26
99 43 67 89 92 5 94 4 89 72 2 59 89 4 64 12 79 99 25 70
60 97 94 71 87 61 24 90 39 77 60 98 52 41 99 37 46 13 3 32
8 64 47 67 19 2 98 12 76 4 30 56 61 10 40 98 49 19 10 27
93 85 84 91 73 44 79 98 34 48 92 30 31 36 40 54 52 82 35 65
33 86 63 69 77 85 83 46 99 35 50 30 29 21 52 57 78 56 95 71
49 16 11 27 34 35 88 50 75 38 32 3 39 89 59 2 27 50 17 13
90 15 18 54 40 31 90 50 10 19 28 23 4 5 25 66 55 10 84 5
3 63 66 88 64 60 60 81 36 71 30 57 66 94 54 69 20 95 98 62
82 88 82 45 84 40 99 44 56 5 41 47 17 26 7 90 75 23 80 36
72 10 20 63 45 67 31 26 69 51 30 26 10 36 57 83 24 88 84 94
50 29 12 20 93 85 15 53 46 46 30 85 92 76 81 19 67 43 80 17
32 35 98 33 66 36 46 89 31 78 89 57 80 7 82 96 69 60 56 29
54 62 72 32 6 50 97 41 94 19 97 64 70 55 27 36 51 75 97 26
35 24 65 89 86 50 72 67 41 53 36 98 89 67 61 47 10 61 46 15
85 39 64 38 64 37 26 31 64 12 31 85 92 91 15 70 15 7 8 54
27 29 11 79 39 41 19 74 22 65 27 62 98 68 66 58 32 6 34 57
60 6 32 4 7 84 7 41 14 34 91 74 50 39 18 16 85 57 31 51
59 98 97 80 65 29 54 35 79 42 96 54 64 40 87 97 74 26 3 6
