200 20
66 98 19 57 99 70 79 64 93 17 7 90 25 85 74 34 30 83 27 42
56 94 13 50 99 75 87 56 94 6 3 84 39 85 71 25 60 62 30 45
70 97 20 57 99 76 78 60 94 19 14 66 23 88 67 67 41 71 28 45
52 99 10 62 99 91 63 46 90 14 3 83 37 79 81 41 32 69 30 32
64 95 7 79 99 85 59 53 90 15 5 84 26 89 84 31 41 83 33 31
79 96 11 49 99 85 77 54 84 14 6 91 43 74 61 47 20 78 14 38
54 92 24 53 99 83 78 59 90 15 13 71 37 91 68 19 38 65 31 23
76 92 11 59 99 85 66 40 86 10 6 90 33 79 76 53 41 66 26 43
67 93 12 63 99 80 80 49 96 13 4 80 24 86 73 29 43 66 37 29
62 98 13 69 99 88 65 66 86 17 12 84 29 90 80 30 38 68 32 38
65 98 19 69 99 82 60 62 94 5 14 79 33 96 86 28 28 76 31 33
52 98 15 57 99 81 73 65 88 11 4 61 35 87 90 49 32 72 41 33
83 88 8 62 99 91 58 73 92 25 3 80 40 81 81 37 34 72 34 40
74 98 13 66 99 87 63 59 92 8 9 73 44 89 84 42 38 77 37 31
78 93 18 53 99 84 77 79 94 15 6 63 26 87 86 29 31 75 49 38
68 92 27 70 99 83 75 61 84 9 7 87 55 77 77 17 42 75 31 36
75 94 12 69 99 84 69 71 96 13 6 89 30 80 76 40 25 76 58 48
57 93 16 70 99 91 72 59 93 16 3 82 38 86 81 30 46 77 36 35
68 92 11 48 99 85 85 62 87 15 5 77 24 85 75 33 19 85 29 51
77 99 14 56 99 86 77 51 98 13 8 79 31 87 80 42 26 71 59 19
67 97 10 68 99 71 67 54 96 9 9 80 25 89 82 57 40 57 22 35
59 96 6 53 99 86 79 79 97 19 7 91 55 83 71 20 32 86 28 43
70 99 15 51 99 74 78 45 89 14 11 49 31 85 72 32 51 69 14 29
79 95 15 73 99 76 59 37 91 22 4 83 57 85 87 36 56 60 28 38
57 97 11 50 99 90 83 69 93 8 3 69 29 76 89 25 22 72 40 38
72 96 14 46 99 79 80 60 89 19 12 90 38 88 96 27 28 85 36 53
58 98 16 52 99 89 72 47 87 25 8 61 21 88 81 19 42 73 15 41
69 90 7 47 99 77 63 53 95 17 3 92 46 65 77 39 53 73 57 46
66 97 12 53 99 88 83 56 94 9 5 78 30 86 75 28 41 84 34 31
81 96 10 67 99 85 82 50 90 18 4 66 29 88 84 46 34 69 25 25
67 97 9 66 99 86 65 61 85 32 7 70 32 81 80 24 49 73 24 30
65 95 12 70 99 87 53 65 86 15 8 80 39 81 65 39 28 79 40 37
77 98 12 53 99 86 86 60 83 12 11 88 28 81 56 40 44 62 36 42
59 98 13 74 99 81 74 50 86 8 4 75 15 83 77 41 39 81 23 46
50 92 10 45 99 85 67 39 94 25 13 76 44 70 82 52 28 64 36 44
58 98 6 60 99 78 60 37 90 7 6 75 40 66 74 30 34 71 32 21
63 98 9 53 99 85 63 72 93 13 13 67 40 93 89 36 30 74 26 26
61 99 22 50 99 86 49 30 90 14 14 76 37 81 89 46 34 84 35 32
85 97 7 52 99 90 76 44 91 10 7 68 24 87 74 15 44 74 42 38
72 95 9 71 99 83 66 57 92 4 3 72 43 81 74 26 52 72 27 27
65 96 12 65 99 79 78 67 97 15 10 91 44 90 83 41 39 76 47 21
59 99 6 69 99 82 66 58 98 23 7 68 29 90 66 42 29 72 31 26
59 90 29 63 99 89 78 46 87 10 6 84 27 78 85 32 49 52 37 41
54 98 17 65 99 83 80 48 96 11 3 86 42 75 87 14 42 60 17 46
56 97 4 46 99 84 83 75 91 5 21 87 38 91 88 24 41 73 34 19
69 94 6 61 99 76 86 80 83 11 8 75 51 85 80 33 20 73 19 34
55 96 13 62 99 89 51 43 82 8 3 59 47 88 87 32 31 78 39 55
64 90 6 49 99 87 78 57 85 10 3 69 43 85 82 16 28 82 17 24
68 99 10 69 99 79 75 33 88 21 4 72 28 89 90 45 40 84 56 28
62 98 11 52 99 96 66 53 96 13 7 75 51 88 76 22 50 88 33 43
60 91 8 59 99 81 63 55 82 9 8 70 28 85 84 19 41 59 30 47
79 96 17 53 99 78 78 58 92 9 5 69 32 89 80 30 36 78 18 54
71 99 12 51 99 95 80 48 75 26 12 83 50 90 68 57 24 90 29 57
66 97 13 50 99 73 77 66 85 15 5 78 43 80 86 20 26 76 45 31
51 98 25 60 99 85 72 57 90 13 5 64 34 83 73 39 36 70 20 44
65 96 9 51 99 84 83 35 91 22 7 82 25 76 86 46 27 83 57 38
63 96 11 44 99 86 79 49 93 9 4 91 26 93 92 25 37 75 36 43
64 98 22 69 99 81 90 46 93 14 13 86 63 84 70 31 35 73 27 29
66 98 14 45 99 84 71 64 87 11 8 88 56 88 90 44 44 84 38 30
63 96 18 53 99 85 76 53 89 18 15 78 32 92 69 43 46 71 28 52
60 98 17 75 99 79 76 74 92 12 3 88 44 72 83 40 21 79 37 28
69 98 6 71 99 89 78 30 84 20 9 76 52 90 85 25 53 76 27 39
64 98 21 62 99 88 73 66 94 17 6 91 24 87 67 21 26 76 35 45
77 97 30 60 99 85 80 43 89 11 9 77 33 80 66 44 12 72 25 36
60 98 30 51 99 80 84 66 94 10 8 87 28 80 85 34 63 91 38 31
75 99 20 65 99 89 56 58 85 15 5 86 25 95 80 36 22 65 43 28
67 97 12 60 99 86 59 43 94 9 11 66 38 65 74 24 40 74 31 45
46 97 16 47 99 86 78 48 91 24 8 79 17 86 85 27 28 68 38 48
85 93 27 64 99 95 82 64 90 13 9 60 25 85 66 41 31 65 21 36
82 98 24 57 99 86 60 43 90 12 10 69 31 85 85 52 30 67 32 57
55 92 9 57 99 68 64 62 93 6 7 94 28 87 91 31 33 86 33 40
44 97 15 59 99 89 78 50 94 22 5 74 18 73 81 22 40 77 22 55
76 96 11 72 99 86 57 61 93 11 4 82 30 90 68 40 15 76 32 33
71 94 7 61 99 87 72 79 93 5 9 81 20 81 76 26 60 81 37 48
55 97 19 57 99 92 83 54 91 10 6 85 39 76 89 29 48 80 14 33
42 96 12 71 99 68 69 59 94 10 4 83 19 73 86 37 30 69 37 36
48 96 8 47 99 84 76 78 94 12 11 73 39 95 73 19 32 68 50 47
66 98 5 59 99 92 87 42 91 7 14 87 35 81 94 32 32 81 22 42
63 96 8 74 99 94 83 54 93 26 8 77 46 85 80 26 48 66 41 51
52 98 6 80 99 85 76 55 90 16 9 83 34 93 71 48 28 79 31 38
69 97 14 57 99 67 71 67 89 11 5 75 36 87 72 50 31 80 29 22
61 95 13 70 99 86 65 62 86 9 5 81 45 91 81 34 29 66 33 40
75 98 21 52 99 89 77 58 94 12 4 69 43 79 88 19 39 71 33 41
61 97 27 69 99 88 63 56 94 5 5 73 24 94 78 33 47 88 17 31
57 95 7 67 99 84 60 40 89 12 6 90 48 68 72 7 22 71 24 45
74 98 10 63 99 83 87 50 87 12 10 65 51 91 83 36 46 90 33 49
65 97 12 53 99 88 71 72 89 12 15 71 39 88 80 41 34 81 42 35
59 99 19 64 99 84 83 47 83 8 5 73 31 89 75 27 38 72 52 40
49 99 6 53 99 88 87 32 90 15 3 76 29 80 90 9 41 73 28 32
75 99 15 56 99 89 79 50 88 18 7 75 52 83 64 12 14 84 39 33
55 92 16 71 99 94 67 59 86 16 7 74 47 80 84 27 30 78 28 23
69 98 14 51 99 87 83 63 90 8 16 78 42 80 83 28 13 69 55 36
66 99 21 71 99 75 78 57 92 5 5 63 39 84 90 25 50 83 35 38
79 98 25 55 99 82 75 51 82 28 5 86 45 79 84 49 36 77 34 21
73 98 22 66 99 69 60 44 90 10 5 84 27 84 72 18 31 84 26 50
74 96 11 60 99 81 80 60 97 9 12 92 19 67 93 24 32 82 55 41
60 96 13 64 99 82 51 62 92 16 10 90 22 92 80 39 50 76 35 59
69 97 19 34 99 69 76 65 93 15 5 68 63 91 91 29 44 68 21 35
65 94 22 67 99 81 80 33 95 9 14 75 35 95 88 35 42 76 17 31
54 98 14 83 99 93 87 71 91 6 16 79 31 75 61 13 36 76 20 21
73 97 11 44 99 85 82 69 95 26 10 83 45 70 73 46 56 72 35 34
69 95 16 46 99 89 67 66 94 17 7 74 37 93 75 26 34 65 21 32
52 95 12 36 99 83 79 57 87 12 5 82 47 89 87 34 40 85 27 32
67 94 10 63 99 82 61 85 89 5 4 85 36 92 85 22 34 77 21 25
73 97 15 69 99 70 84 47 87 17 5 58 28 86 77 28 46 71 59 25
72 98 22 64 99 94 56 49 93 13 12 65 46 68 85 17 25 74 23 27
55 97 6 65 99 90 80 48 82 13 5 58 30 80 83 35 60 76 59 17
59 94 16 57 99 69 79 57 92 15 5 75 40 84 60 35 38 66 25 34
78 95 10 37 99 79 73 55 93 23 6 77 59 80 63 38 32 77 21 27
54 94 13 75 98 87 71 40 91 11 8 88 35 82 81 40 38 73 21 35
75 92 14 63 99 80 78 41 91 17 14 80 42 74 94 25 36 67 20 35
57 97 22 48 99 92 69 64 93 13 9 70 49 82 66 46 32 84 29 14
74 94 25 65 99 79 52 50 83 15 8 79 43 82 84 35 38 86 37 50
75 96 20 69 99 90 64 58 93 27 8 79 38 85 74 26 33 77 33 35
88 99 12 56 99 87 77 50 81 15 6 85 49 82 79 17 24 68 27 53
73 98 16 63 99 73 68 50 90 9 6 68 31 84 77 13 34 79 25 30
57 87 7 43 99 83 76 50 90 16 4 72 37 79 88 27 49 76 38 40
79 93 10 68 99 85 75 39 92 10 8 79 52 93 77 40 33 81 29 37
50 98 7 62 99 85 71 39 84 9 7 77 47 72 68 27 19 66 49 52
78 96 11 61 99 73 76 57 96 7 8 78 42 80 92 24 40 80 23 48
56 97 24 61 99 86 78 57 89 6 6 78 33 82 84 40 30 75 14 32
63 96 11 68 99 93 67 55 88 9 13 91 48 91 64 50 18 80 18 42
67 97 17 55 99 70 51 60 95 10 3 86 48 76 84 39 41 87 54 29
87 96 14 79 99 86 61 62 92 10 6 81 37 84 72 41 41 75 51 33
51 95 8 50 99 88 79 70 96 13 13 78 23 85 75 28 38 81 18 45
81 96 10 88 99 76 70 72 96 11 11 85 27 89 74 43 67 78 34 43
49 97 22 46 99 82 81 52 93 12 8 64 36 83 62 32 48 66 18 36
68 94 12 63 99 82 84 49 92 14 6 81 36 91 87 24 33 81 47 45
76 96 23 60 99 84 73 59 84 12 4 78 50 81 88 35 16 65 51 44
62 97 14 60 99 85 59 50 92 23 5 87 58 81 86 29 41 74 28 36
85 98 13 49 99 95 78 61 95 22 6 59 56 82 79 26 45 81 46 20
77 96 10 51 99 81 79 42 82 10 5 86 30 81 92 24 30 85 41 34
57 98 16 63 99 85 78 35 86 11 11 86 39 82 90 20 31 65 26 54
27 94 16 56 99 77 82 64 77 14 6 87 41 79 83 43 28 87 36 39
58 97 9 66 99 90 54 44 94 26 5 75 43 86 62 46 30 81 42 34
61 98 10 69 99 91 47 53 96 8 11 74 29 83 84 24 27 71 34 32
76 98 12 54 99 84 68 66 91 18 14 56 33 83 85 51 23 64 17 27
75 98 10 68 99 83 81 61 81 4 5 78 60 88 75 29 41 66 36 51
43 96 12 70 99 86 81 31 85 20 10 74 22 72 84 46 31 73 35 52
62 91 8 71 99 81 74 50 85 18 13 87 32 80 83 30 27 66 33 58
77 98 11 53 99 80 66 77 92 18 6 82 27 81 73 28 43 83 51 33
55 99 13 61 99 82 70 43 86 13 8 89 44 82 85 27 28 76 56 44
79 88 9 33 99 86 69 53 90 12 7 68 28 86 95 21 41 75 38 43
64 94 12 67 99 74 69 41 91 14 9 90 25 83 80 29 45 78 25 31
82 99 11 47 99 91 64 63 88 19 5 73 31 65 81 24 37 83 32 20
68 93 14 60 99 96 72 51 90 13 12 82 41 93 77 21 51 75 28 26
62 95 27 51 99 84 84 53 98 39 5 85 39 88 74 24 42 82 35 42
45 97 14 67 99 93 59 56 82 10 7 87 12 86 72 36 39 65 40 36
54 97 19 53 99 87 67 61 95 11 9 78 38 75 85 32 32 62 23 23
74 99 15 49 99 87 65 58 77 17 5 79 50 90 86 17 27 75 35 63
59 95 10 51 99 74 70 71 89 15 8 77 32 88 85 43 31 81 38 23
63 94 10 59 99 91 65 44 90 7 6 73 29 86 83 34 26 73 28 35
52 93 6 83 98 83 78 34 85 12 4 69 45 95 73 45 25 81 39 53
56 97 13 76 99 73 55 41 74 19 5 89 34 73 92 23 28 70 29 39
71 96 18 68 99 80 65 47 94 20 5 90 35 87 83 25 19 78 30 23
55 98 8 75 99 89 70 58 80 16 13 64 27 94 85 27 34 85 27 27
69 98 14 74 99 76 85 62 95 9 4 77 20 81 90 39 33 77 27 41
76 97 9 62 99 89 43 52 85 22 4 82 28 86 49 17 51 68 25 29
54 98 10 67 99 94 76 38 90 10 9 56 45 80 75 34 31 79 26 26
63 97 24 58 99 93 74 61 90 8 9 73 49 81 75 38 45 73 33 45
61 91 23 62 99 78 60 66 90 21 11 81 26 82 84 42 41 83 28 36
58 92 13 57 99 88 70 53 92 20 4 86 43 89 71 29 28 50 13 32
57 95 6 64 99 75 69 51 87 12 8 67 53 74 78 31 41 78 40 21
41 98 9 46 99 77 81 55 87 24 7 83 24 73 74 28 18 78 24 36
60 92 18 70 99 89 71 68 89 9 11 79 47 77 77 11 42 81 16 29
55 99 29 56 99 78 76 68 95 18 5 84 32 85 81 27 61 79 12 28
62 97 5 60 99 83 78 58 95 16 9 80 26 80 75 42 52 77 20 23
57 97 22 77 99 89 67 66 92 8 7 64 50 85 71 30 39 68 45 29
62 97 15 68 99 88 78 57 94 34 5 73 30 85 73 28 27 74 17 45
67 96 6 76 99 91 81 61 81 22 15 75 39 61 90 45 47 58 45 34
56 98 19 66 99 94 75 71 95 13 6 74 29 86 71 27 41 79 33 34
77 95 16 64 99 74 63 42 91 13 5 71 26 67 79 25 34 90 36 44
73 98 17 50 98 87 82 52 93 12 6 81 23 81 86 47 33 80 36 26
71 99 10 74 99 85 84 47 95 22 8 75 41 71 88 46 64 60 39 16
61 97 19 59 99 90 72 48 90 18 5 78 19 80 75 18 52 76 44 27
67 97 10 70 99 74 66 52 92 11 8 84 28 92 61 28 27 86 23 28
50 97 7 84 99 89 75 72 86 9 7 88 31 79 82 35 26 89 24 40
63 95 9 68 99 78 71 45 87 8 11 60 42 83 87 39 36 64 46 33
71 90 14 85 99 90 61 57 95 15 13 86 14 91 79 40 27 73 35 41
47 95 14 62 99 82 70 77 95 21 18 88 29 83 77 34 24 72 28 23
81 96 12 55 99 90 81 53 94 19 6 71 23 91 85 39 38 61 31 43
68 97 7 67 99 81 76 56 86 8 4 83 26 74 75 21 52 85 43 64
72 96 7 73 99 72 73 39 97 9 5 86 42 72 77 27 31 78 34 47
85 94 14 67 99 77 66 37 94 9 7 74 43 92 84 35 38 71 45 51
60 98 25 64 99 87 63 63 97 14 5 76 63 85 70 29 27 50 30 46
50 96 9 68 99 79 85 40 95 33 3 71 35 74 86 45 62 86 20 48
71 97 9 51 99 76 87 68 93 13 5 80 38 72 87 49 34 72 33 26
55 97 11 69 99 92 84 37 90 15 14 80 46 93 71 21 39 70 43 43
54 98 12 62 99 77 79 53 90 11 5 89 29 79 85 40 38 75 33 28
67 98 21 54 99 77 69 63 93 6 15 75 45 80 81 40 23 72 36 54
71 97 6 54 99 82 63 53 96 9 3 75 26 84 76 45 53 70 30 27
62 97 10 67 99 84 67 50 92 19 10 90 30 90 88 23 36 73 51 37
53 98 26 72 99 76 70 34 89 9 7 69 43 86 86 44 27 84 35 32
60 93 20 66 99 82 77 58 86 20 8 77 38 73 76 27 22 67 30 33
64 97 5 72 99 77 76 82 85 18 14 72 29 76 83 32 29 66 25 51
69 92 13 59 99 85 53 57 85 12 8 86 30 90 63 30 44 67 54 25
75 96 8 63 99 74 82 38 84 18 7 66 27 85 79 18 33 64 45 41
61 95 16 50 99 76 78 56 93 18 9 72 31 83 74 38 45 66 28 41
59 98 25 65 99 84 68 46 84 17 7 87 40 88 89 41 29 56 21 64
76 94 35 47 99 88 82 56 87 11 12 77 35 88 67 43 19 69 41 45
