100 20
58 26 72 86 90 62 42 55 17 73 90 6 53 26 92 23 89 82 56 30
42 43 66 87 94 65 47 51 14 75 93 6 48 26 90 10 83 51 60 18
58 68 67 83 94 67 37 58 25 83 86 2 64 11 70 11 73 73 51 30
79 61 84 82 95 79 29 62 20 80 70 7 63 24 83 16 87 77 61 22
53 40 62 77 95 80 25 54 13 87 92 7 62 27 79 15 82 76 80 22
45 33 80 82 97 80 51 69 15 91 83 13 55 29 84 17 92 68 51 43
35 47 68 91 96 85 43 55 24 76 82 5 60 21 78 7 85 62 53 40
76 49 71 78 94 71 44 74 11 72 85 14 60 27 81 15 91 70 62 30
59 51 57 70 91 72 49 45 32 52 93 7 40 23 70 11 93 52 45 26
70 45 55 82 96 54 29 55 17 85 80 9 60 26 68 24 88 91 52 33
74 47 63 69 97 71 39 59 35 69 61 8 40 29 85 17 89 81 63 25
77 37 61 76 94 67 44 67 34 61 87 8 54 27 79 16 79 62 61 32
68 38 69 76 90 71 51 38 27 71 87 7 67 11 84 8 74 70 42 32
61 56 85 80 96 78 51 63 16 85 79 24 64 18 82 27 67 64 63 50
62 39 73 84 95 79 47 63 31 76 80 12 69 20 71 32 81 81 76 26
38 38 72 91 95 79 52 64 20 72 78 5 52 56 90 12 78 77 74 35
76 36 54 75 95 83 34 74 21 93 81 6 74 39 76 25 79 68 57 38
70 47 60 73 97 71 37 85 13 74 85 6 77 13 79 13 88 57 65 31
64 25 59 80 96 76 40 51 24 78 79 16 53 21 73 11 82 68 55 31
66 31 78 66 98 81 39 81 9 72 85 9 70 26 89 14 63 74 52 36
69 46 64 88 92 73 55 64 27 86 76 7 61 16 89 14 90 68 48 14
44 46 61 82 98 74 30 60 22 71 68 7 53 19 73 13 92 82 75 45
57 45 70 62 95 83 48 65 17 73 83 7 79 10 84 12 90 69 56 23
56 51 63 79 93 84 47 56 17 87 90 8 65 16 77 7 95 57 55 45
57 66 68 82 97 71 57 42 18 82 71 15 34 12 84 14 91 80 63 31
54 44 75 93 85 68 49 69 9 80 83 6 57 31 86 26 91 84 67 30
55 47 67 78 97 81 44 55 13 79 91 7 44 22 87 8 90 82 69 12
69 30 55 80 96 64 50 33 11 77 85 18 52 51 83 21 82 70 47 40
44 33 51 79 94 84 34 77 17 73 86 6 51 9 82 11 82 69 35 22
63 54 83 85 95 60 52 47 32 74 88 6 58 18 81 6 83 65 76 55
47 26 74 82 98 61 45 48 21 80 91 8 77 14 79 14 90 71 45 27
41 59 83 72 98 67 22 50 19 91 74 6 56 25 92 12 86 85 47 38
68 32 67 84 97 57 53 33 15 71 80 3 78 36 88 20 89 66 54 30
61 34 68 85 89 85 68 40 8 75 90 13 61 24 94 14 88 81 43 39
66 37 40 77 94 54 33 50 25 67 81 7 61 26 81 16 89 78 67 40
58 29 87 90 95 62 47 49 19 77 93 21 75 49 72 14 87 86 63 16
49 31 74 71 91 88 43 49 7 73 80 7 56 19 88 3 92 69 61 17
70 26 64 58 92 68 52 58 21 81 68 12 56 39 83 4 85 73 74 23
82 29 50 82 87 63 41 43 18 85 83 15 31 25 74 19 77 82 69 43
53 44 40 68 93 79 56 57 32 77 93 11 69 39 89 15 93 70 57 32
50 33 70 56 97 83 41 66 25 82 76 6 64 33 87 17 97 82 62 29
70 41 71 61 98 86 36 46 9 79 73 10 52 16 76 19 71 69 62 30
57 31 41 94 97 62 38 78 22 83 82 5 65 29 82 15 84 73 56 41
66 36 76 79 94 68 57 48 23 87 82 18 68 19 86 10 84 63 56 30
62 41 59 87 94 85 50 57 20 77 72 16 58 25 84 12 92 76 66 40
59 63 59 67 96 88 32 50 33 73 78 11 62 39 81 7 86 59 53 20
63 42 66 87 94 66 33 58 22 75 65 4 45 13 82 7 86 75 56 36
64 48 65 84 98 65 46 76 19 78 78 15 64 21 57 21 92 80 47 30
64 59 57 84 98 68 34 61 17 73 85 3 73 46 88 36 91 66 45 34
48 33 53 67 99 73 36 71 31 74 72 19 43 15 68 12 92 83 62 37
26 60 48 88 98 62 37 63 17 73 78 9 42 48 86 10 89 77 57 24
60 46 73 85 93 71 48 63 18 85 88 11 61 44 81 7 91 68 62 36
63 33 66 82 97 60 50 59 18 83 80 10 52 15 80 8 91 77 55 29
64 21 71 89 93 76 37 69 13 61 67 13 54 24 74 10 84 73 62 15
67 43 51 78 98 76 47 83 38 83 85 10 54 27 78 14 92 84 54 26
73 29 49 79 96 61 38 56 20 83 80 16 60 33 91 15 89 74 64 41
56 50 52 90 94 70 50 48 16 83 85 8 58 26 89 26 90 83 71 33
49 47 51 68 96 89 57 78 18 83 89 12 72 38 92 8 82 75 58 21
56 20 52 84 98 86 44 48 39 79 90 6 60 30 68 7 84 85 67 34
75 46 77 88 98 78 23 55 17 88 77 8 63 18 77 8 83 56 63 38
49 48 74 80 96 76 39 68 20 88 86 15 74 42 91 8 81 83 60 26
45 34 76 75 94 72 40 34 42 70 92 10 52 23 88 9 90 83 18 28
62 65 73 73 97 52 28 62 28 71 81 13 60 24 88 7 85 64 49 30
54 39 42 82 97 76 52 62 16 82 79 8 74 17 88 23 80 52 72 29
66 51 58 81 93 87 58 54 13 61 88 8 58 29 87 6 86 60 54 16
45 27 65 89 97 71 64 70 11 80 77 5 73 16 89 11 76 77 42 13
71 41 63 77 98 75 44 69 17 71 71 14 68 18 82 15 88 73 49 57
50 54 55 79 98 90 49 57 14 75 80 9 52 24 91 14 89 63 63 24
72 38 67 89 94 73 63 57 22 70 72 12 73 14 79 11 84 83 44 35
65 46 74 72 95 59 35 67 26 80 81 4 56 24 89 11 89 67 26 36
54 16 67 73 98 79 51 52 19 83 80 24 52 47 88 12 81 72 67 35
62 33 47 85 96 69 48 52 18 68 78 4 32 31 85 7 85 70 50 36
68 45 86 80 94 55 50 53 28 75 82 19 47 19 86 13 80 77 58 40
44 31 68 94 95 71 51 30 35 61 83 11 55 13 90 19 78 58 57 43
55 35 73 73 91 74 29 74 18 87 83 25 37 18 91 19 88 82 71 48
44 34 74 84 95 75 53 26 18 91 78 15 66 17 73 18 93 59 69 43
48 40 58 81 94 56 50 76 17 82 91 7 38 37 60 9 88 79 56 37
67 31 85 86 92 75 42 52 28 77 67 6 59 20 80 24 89 76 60 32
73 35 66 87 96 52 42 34 10 85 88 7 62 14 86 25 91 77 58 40
69 43 68 83 98 75 24 70 18 79 92 8 50 35 85 18 81 70 54 35
55 42 71 92 91 77 49 61 32 80 88 4 61 28 56 10 88 63 64 27
55 50 59 90 93 48 34 68 22 78 87 6 66 23 80 12 79 77 48 39
65 34 89 83 89 68 34 45 19 83 78 8 71 17 80 23 96 86 36 24
54 51 67 81 93 75 40 52 18 84 84 4 47 25 92 7 80 81 58 42
56 48 46 66 94 63 54 53 23 76 78 4 73 27 85 15 90 77 38 43
51 33 71 91 98 66 42 69 29 75 83 6 53 28 87 11 85 72 49 22
55 33 68 74 95 68 47 62 20 68 91 4 52 32 81 10 86 80 50 40
60 46 85 88 95 83 53 63 21 74 85 7 74 18 87 12 83 86 51 19
32 40 46 87 92 77 57 66 17 91 92 5 76 23 83 11 96 79 75 18
61 36 69 82 86 75 50 38 16 93 92 7 57 30 91 10 82 62 54 31
65 49 65 74 95 74 26 39 20 65 82 7 81 36 86 21 82 48 65 23
75 41 71 63 99 93 45 72 24 72 69 8 49 15 74 16 84 72 48 23
59 24 69 81 95 68 42 41 12 87 89 14 63 28 62 19 83 70 40 34
49 45 74 71 92 77 22 57 28 73 91 6 63 25 66 8 83 75 44 39
67 43 50 86 97 87 28 76 20 57 74 9 58 16 77 14 94 73 64 24
65 40 52 81 99 63 38 28 15 71 80 13 70 42 86 8 88 62 59 14
47 24 45 86 95 54 40 70 21 82 90 12 58 26 80 6 84 72 83 37
45 43 72 70 95 65 46 58 21 80 95 6 76 23 81 9 94 74 71 20
63 33 64 82 95 82 39 59 13 77 85 6 71 28 81 8 85 73 40 20
74 51 50 71 96 68 36 74 21 70 88 7 47 25 82 16 85 82 50 30
