50 10
11 71 36 25 77 49 79 31 87 44
7 63 19 26 71 30 94 67 73 58
9 65 59 44 59 15 84 35 73 49
14 55 53 40 57 32 84 46 69 66
9 53 52 41 80 31 80 50 80 84
27 55 60 26 68 19 84 52 84 38
8 53 56 20 82 32 81 56 90 50
14 56 47 26 61 34 75 57 83 54
10 58 29 24 87 31 88 49 81 52
16 63 59 36 57 27 79 38 78 73
14 50 58 35 55 18 81 47 89 58
12 63 40 23 62 33 86 52 94 40
29 48 45 52 84 16 75 33 80 61
19 78 62 48 70 42 87 46 82 78
13 62 43 18 68 25 76 63 75 38
23 51 56 52 87 28 88 55 85 70
12 42 59 52 61 11 79 43 84 59
10 51 39 23 70 21 70 34 81 74
12 48 47 42 57 11 79 59 87 59
11 53 60 14 71 41 89 35 70 60
20 33 60 17 60 18 67 25 82 63
7 62 47 37 72 45 91 40 89 38
13 55 54 28 64 36 87 28 66 83
27 65 54 27 66 25 93 46 79 56
29 55 37 28 66 35 80 52 86 73
14 55 51 45 58 37 96 44 91 51
20 59 49 28 70 20 87 47 82 70
24 59 77 38 42 36 77 37 92 42
11 48 49 31 80 47 86 51 88 55
12 33 38 24 62 48 87 43 83 34
19 29 59 40 71 21 79 74 77 60
9 42 54 15 79 24 81 38 85 84
12 63 44 41 66 56 69 56 89 69
23 56 50 59 58 30 86 36 93 60
19 65 62 35 47 43 94 48 67 46
9 66 25 30 71 24 88 55 89 51
14 67 63 29 53 19 75 43 79 71
17 63 39 29 71 38 88 48 93 29
11 39 42 28 63 25 77 61 78 54
27 61 50 32 65 16 80 53 72 46
14 63 56 19 72 20 58 53 87 52
14 72 53 29 73 29 78 43 89 55
43 73 39 11 75 43 91 39 91 61
37 58 37 46 81 47 88 44 86 53
9 52 43 38 55 46 86 35 82 35
14 57 58 47 87 51 86 52 72 59
30 69 44 25 61 26 91 36 78 55
11 52 58 30 76 43 83 20 81 58
19 52 36 29 83 16 93 41 81 51
44 63 73 17 39 23 89 31 88 47
