50 10
4 8 9 16 4 11 15 17 10 6
71 58 56 55 75 62 77 59 73 69
35 45 43 46 43 40 40 61 43 47
16 16 16 11 8 31 33 21 24 17
95 98 98 98 98 91 91 98 94 97
33 42 56 54 39 24 40 27 28 24
33 29 16 32 23 17 30 29 28 27
84 89 94 86 83 79 84 97 90 87
15 3 2 8 2 2 3 3 2 5
22 36 52 47 35 26 17 30 16 31
18 45 29 29 29 19 16 24 37 22
70 49 57 59 31 64 56 59 50 50
75 66 71 65 69 55 69 64 69 71
60 50 66 19 25 30 58 43 44 56
27 14 15 13 34 18 13 13 28 14
62 53 59 61 59 36 82 68 78 62
48 57 42 59 41 54 64 48 77 34
18 16 23 30 19 13 10 17 26 26
51 54 64 69 46 58 44 43 27 80
13 9 10 7 25 6 17 23 8 10
95 98 95 97 99 94 95 94 97 98
30 65 33 46 41 50 78 47 48 41
52 26 31 41 25 40 20 21 48 35
17 19 12 29 10 35 27 22 16 19
68 48 48 70 69 62 44 43 61 53
82 75 84 59 74 92 75 72 81 83
52 38 51 36 45 77 58 52 81 44
41 19 29 23 31 35 16 31 19 20
37 31 54 33 36 41 39 32 46 44
31 42 22 36 34 43 11 41 52 32
38 49 63 72 48 74 56 36 35 57
9 4 5 13 4 3 7 13 17 9
34 16 24 25 32 27 24 19 30 42
87 89 84 93 90 87 92 75 86 90
19 23 19 15 35 21 15 15 29 9
33 81 51 61 50 75 61 71 69 67
11 11 34 10 10 14 8 19 17 17
74 43 58 43 54 50 48 87 54 69
48 77 54 69 54 51 49 57 52 69
81 88 93 93 93 81 86 89 93 94
17 16 11 13 19 19 10 16 15 12
53 49 62 42 38 57 67 53 57 40
58 56 51 45 64 47 33 38 39 46
48 51 63 85 36 49 73 59 67 75
65 80 73 74 81 74 62 59 69 65
78 36 46 56 67 53 62 60 70 76
97 89 88 76 81 92 82 79 79 74
57 51 47 66 35 33 50 75 47 44
90 59 57 69 58 75 54 63 68 68
55 43 54 38 41 65 61 49 63 49
