100 20
26 33 22 63 67 40 55 41 48 30 38 37 32 36 43 41 24 29 54 47
9 20 14 28 12 14 14 14 8 21 16 11 10 10 19 17 24 11 10 16
95 97 97 96 89 96 94 97 92 96 98 92 95 90 94 94 95 97 92 93
36 26 15 22 25 13 9 17 40 25 28 18 39 35 36 31 25 22 28 17
85 87 93 92 96 92 82 91 86 90 85 91 87 89 76 91 91 89 86 92
10 11 22 8 13 13 33 15 28 15 10 24 15 13 11 15 10 25 25 9
96 95 95 93 96 93 99 94 93 95 89 91 96 98 96 96 91 98 96 94
93 79 74 77 92 76 65 72 79 78 76 89 88 97 88 83 86 82 94 78
56 29 27 21 19 22 35 29 34 32 21 47 30 13 25 23 21 14 41 27
75 59 70 54 61 81 40 63 60 60 58 58 38 87 37 54 73 51 40 45
45 67 76 36 58 44 66 65 61 38 60 66 66 57 58 58 69 50 66 38
99 98 99 99 99 96 99 99 99 99 98 99 99 99 99 99 98 99 98 99
2 2 2 2 2 2 3 2 2 2 3 2 2 2 2 2 2 2 2 2
59 73 85 71 79 58 82 67 68 54 87 60 73 70 58 89 71 66 67 92
17 37 35 41 53 44 50 44 53 50 34 32 45 60 26 29 32 39 60 35
44 39 66 47 71 37 22 36 36 45 27 43 51 62 43 40 38 40 19 56
74 63 36 47 57 70 68 70 75 72 72 84 47 72 61 65 67 66 59 50
60 55 65 56 61 56 67 60 65 62 71 46 66 72 72 67 74 72 59 52
53 39 34 53 60 69 55 50 49 55 48 55 60 28 53 64 64 70 45 46
41 20 28 19 23 22 30 25 20 39 26 24 32 27 34 11 13 28 39 36
97 96 97 89 88 92 92 95 95 95 95 95 89 91 88 84 96 83 95 97
76 81 74 75 76 81 81 62 73 79 70 71 78 71 45 73 70 64 69 67
63 73 58 64 54 65 43 44 45 56 45 50 67 65 58 46 36 49 64 57
98 88 95 91 91 96 96 93 91 93 91 90 95 94 91 96 93 91 92 94
17 26 11 20 18 15 18 17 18 8 38 17 15 13 35 16 11 18 16 26
70 63 66 59 80 76 66 77 71 81 82 66 73 63 76 66 80 89 83 63
27 33 41 25 32 54 43 35 34 68 36 54 44 46 30 33 36 38 38 42
73 69 83 78 88 66 80 62 90 87 71 79 82 71 81 58 76 81 80 79
2 5 3 4 4 7 4 5 4 4 12 4 6 5 5 4 5 3 12 10
3 8 3 5 2 5 12 4 4 5 11 5 5 7 3 3 6 3 4 3
66 59 51 58 69 42 81 61 57 55 77 47 57 64 58 59 72 60 81 51
69 78 77 79 57 70 83 79 88 75 78 84 76 76 72 81 82 68 84 82
83 86 64 83 54 71 88 72 69 73 84 74 67 77 68 74 79 79 75 85
31 33 26 17 37 37 27 23 28 39 14 18 26 43 16 30 29 32 34 38
4 2 4 4 3 4 8 2 3 4 12 5 5 2 6 3 8 2 4 4
24 24 7 20 14 19 14 21 10 18 17 14 13 29 21 20 29 10 15 17
69 53 53 66 51 58 74 52 66 64 39 59 65 50 59 66 63 60 62 63
96 93 97 98 97 97 97 96 98 94 98 98 97 97 96 98 91 93 99 95
41 32 24 31 31 42 8 27 37 29 16 38 20 23 27 27 31 50 42 20
93 92 90 75 96 94 94 83 74 89 79 94 89 89 92 84 95 88 84 91
77 84 55 78 85 68 76 71 76 93 72 83 81 58 72 89 77 56 60 64
2 2 2 2 2 2 2 2 2 2 2 4 2 2 2 2 2 2 2 3
64 59 69 69 64 47 48 73 68 66 57 57 75 64 55 61 52 53 71 60
31 18 24 13 9 8 9 9 9 17 9 8 10 6 7 9 12 23 15 10
18 25 14 31 16 9 25 19 24 16 26 18 13 25 11 15 20 13 17 10
52 68 67 60 51 66 77 60 74 71 42 53 55 49 38 51 59 58 53 64
96 95 94 97 90 97 95 95 93 91 93 91 85 95 99 88 98 94 96 95
7 13 23 10 3 15 21 18 14 25 15 11 15 15 11 17 7 10 15 16
31 23 14 16 14 17 18 42 47 19 29 27 26 26 15 24 11 26 10 32
34 36 37 28 32 38 57 25 36 40 43 27 34 32 40 42 17 27 27 33
93 89 87 96 94 97 97 92 91 92 99 92 95 95 97 91 95 94 98 95
67 55 79 79 65 61 68 65 76 68 66 69 74 70 64 55 67 47 65 69
21 15 17 23 17 40 28 20 31 22 26 15 36 12 19 13 23 18 11 26
85 76 87 87 92 95 97 91 88 77 84 90 92 91 89 91 93 80 89 85
88 87 88 86 66 80 79 78 71 76 77 73 83 84 74 87 58 81 83 79
92 93 91 81 89 87 92 86 89 89 97 90 83 89 90 90 87 92 90 90
21 47 46 52 43 46 43 25 59 50 71 49 52 64 58 32 57 33 42 54
99 98 99 96 97 96 98 97 97 93 99 98 97 99 99 99 99 99 98 99
15 7 13 15 14 16 5 13 21 28 19 24 8 7 26 33 10 17 14 14
5 5 7 23 15 12 10 9 22 12 13 13 9 22 31 3 18 17 18 16
96 93 94 93 82 88 89 88 89 88 87 76 86 85 91 91 93 87 88 85
67 77 64 75 84 90 80 88 82 66 81 89 81 88 80 90 78 87 88 85
79 76 67 65 70 78 72 85 95 73 77 53 87 73 74 79 77 78 87 78
26 21 43 25 66 27 13 15 48 18 34 32 32 22 29 33 39 44 36 40
89 83 57 69 71 76 73 80 61 56 55 73 75 78 52 69 69 48 58 72
85 83 81 80 85 75 79 58 74 65 75 78 79 82 81 83 71 82 83 89
65 57 89 83 72 80 83 81 80 88 82 87 78 88 77 78 82 77 78 78
59 61 58 61 64 53 55 68 61 64 63 61 59 65 61 59 56 69 44 78
36 37 36 66 45 45 51 33 34 38 35 33 30 56 36 50 43 30 69 28
9 4 9 7 3 3 5 4 6 3 9 7 4 4 7 12 5 3 4 3
82 74 72 65 52 60 65 83 67 74 74 79 65 61 61 81 73 65 68 72
79 86 68 65 60 83 77 59 77 74 86 53 75 79 63 71 66 49 72 65
81 88 67 83 75 75 67 77 79 86 65 81 79 84 83 84 78 82 74 74
87 75 81 83 90 71 63 84 80 81 79 74 73 88 83 71 86 55 84 78
52 63 71 63 47 66 77 51 54 53 43 67 73 71 81 74 55 69 52 75
78 78 76 71 83 83 78 91 89 82 82 81 81 64 86 93 88 87 78 96
65 66 72 79 82 81 77 83 91 64 77 59 74 77 82 67 66 62 69 82
59 69 82 65 67 52 73 55 83 55 65 58 82 69 64 55 55 76 57 72
88 77 78 82 86 89 86 74 87 91 89 82 75 76 91 85 80 93 87 93
87 89 73 93 68 85 88 74 91 80 82 71 88 97 87 92 88 90 94 82
80 71 91 97 92 93 94 86 89 96 90 89 91 91 95 95 80 88 94 83
93 85 73 93 89 82 88 88 93 83 96 80 86 74 95 90 64 92 74 96
60 78 87 75 78 79 63 71 46 75 80 82 83 87 79 72 72 80 61 69
26 12 13 15 13 11 51 14 18 13 15 20 13 20 39 13 13 18 33 27
44 64 48 43 34 42 30 41 26 24 49 36 16 32 48 26 21 29 45 46
45 55 59 42 72 66 50 45 58 58 69 56 51 67 42 55 43 56 58 55
60 64 62 46 62 69 66 57 59 66 56 72 71 41 61 48 57 55 71 61
10 2 16 11 13 20 12 14 6 10 18 11 5 11 16 18 8 7 31 10
63 79 70 88 77 50 81 58 70 75 48 67 79 51 57 66 65 62 81 91
35 18 38 27 25 11 30 32 42 26 12 33 52 29 29 23 35 11 6 28
30 17 17 7 16 13 25 16 11 16 13 28 13 13 20 27 17 30 18 12
61 32 33 37 53 51 37 40 45 50 49 37 57 39 81 49 67 28 51 75
94 93 97 96 97 88 86 91 88 90 84 94 96 86 87 92 63 90 85 84
64 73 64 68 52 60 48 70 65 74 75 47 77 42 75 47 51 66 67 57
52 52 63 51 74 58 51 64 54 66 76 69 52 46 43 57 64 72 57 39
3 2 3 5 11 3 3 2 3 5 4 3 5 3 2 3 3 2 2 2
79 56 61 64 60 57 70 52 60 79 86 64 61 42 75 58 65 59 59 65
20 10 18 5 8 31 22 19 19 8 9 17 21 9 17 9 12 10 14 18
32 32 22 30 26 33 35 28 13 30 28 39 18 45 18 26 18 49 35 18
14 7 7 9 10 7 12 27 5 6 17 3 13 9 15 9 11 8 5 4
