100 20
28 44 42 35 37 52 37 33 28 33 47 40 37 46 32 44 27 47 46 39
61 63 65 87 69 84 66 77 69 75 69 77 70 84 70 65 79 70 78 82
70 71 36 58 63 64 28 69 64 37 48 34 58 40 63 62 72 55 60 49
13 13 10 7 14 7 10 31 16 15 22 18 7 15 7 9 5 13 13 11
55 48 63 67 83 48 67 76 69 68 81 55 63 58 76 61 82 58 73 66
20 42 51 43 44 42 34 50 40 39 35 29 41 44 37 40 51 32 27 38
7 5 11 9 7 8 8 12 14 11 11 6 5 21 4 11 7 9 8 18
47 32 56 55 47 80 57 70 61 59 55 49 58 27 47 34 71 48 39 64
12 5 7 13 35 8 9 26 13 17 19 8 20 13 20 14 10 7 29 12
4 6 9 12 13 6 20 8 8 15 8 11 12 30 17 24 14 8 21 7
62 42 55 57 39 48 59 41 66 58 35 60 76 52 59 63 57 68 55 61
20 10 12 29 22 11 34 11 14 16 29 18 11 33 17 25 33 14 18 35
64 41 50 45 24 48 32 22 45 21 41 40 37 36 43 37 32 51 53 41
28 34 38 37 35 40 29 38 64 24 38 35 48 35 44 29 22 44 27 41
65 51 36 43 62 57 55 63 75 52 56 46 53 34 58 72 53 57 82 48
38 45 49 40 52 56 28 57 39 19 50 45 49 62 41 45 57 39 38 35
95 98 98 99 99 99 98 97 96 98 94 97 97 99 97 90 98 96 99 98
33 75 75 38 43 76 48 62 49 77 74 75 60 64 58 42 49 67 68 50
78 58 76 70 68 66 75 91 71 75 67 84 78 82 79 65 91 67 71 76
72 72 70 79 68 71 84 73 77 67 84 81 88 57 67 73 61 80 91 85
54 47 66 56 35 68 78 56 64 69 67 59 63 58 47 48 75 51 47 41
39 26 27 26 34 64 38 47 21 42 26 36 41 48 35 32 26 26 49 21
71 84 79 62 78 81 65 80 92 85 79 79 65 56 53 91 89 77 78 78
9 17 14 12 20 19 29 19 5 7 5 7 16 9 13 20 16 12 28 16
36 54 49 52 59 38 45 56 47 47 45 36 26 51 33 35 39 44 34 30
31 38 39 38 24 32 28 41 42 34 36 45 28 35 27 43 42 45 27 46
4 3 3 9 2 6 5 3 3 3 5 3 2 4 2 3 6 5 4 2
61 46 69 41 52 74 52 41 62 59 41 60 28 74 68 66 45 67 65 51
99 95 91 94 94 97 97 96 96 94 97 95 96 97 95 94 96 92 94 96
88 89 86 96 79 89 85 83 78 86 84 80 36 80 68 69 94 72 77 92
80 62 83 57 63 66 67 81 73 52 61 77 76 72 73 83 70 55 58 59
5 12 3 7 11 10 16 4 7 11 7 6 5 9 7 10 6 8 5 5
92 96 83 89 94 95 87 80 92 91 90 91 89 89 90 81 96 91 82 90
89 94 83 96 92 89 93 96 89 98 95 79 89 94 90 89 94 84 87 92
95 92 84 90 88 72 84 94 92 82 77 67 89 86 88 87 81 88 87 86
3 3 2 5 3 2 4 2 3 3 4 4 3 3 3 7 3 3 6 4
2 2 2 2 2 2 2 2 2 2 2 2 2 2 2 2 2 2 2 2
7 10 12 11 9 13 9 12 15 14 7 11 11 14 11 11 9 13 9 3
49 41 35 28 57 37 41 46 26 17 44 28 44 40 24 32 39 31 18 51
45 46 49 49 65 39 38 59 73 49 47 46 48 62 44 40 38 61 47 46
35 56 37 49 36 40 59 33 53 49 46 54 46 60 40 45 42 55 50 37
64 29 29 32 37 48 29 14 47 30 34 48 22 34 40 48 37 20 47 46
19 29 10 26 9 17 12 15 20 16 8 7 18 10 15 6 18 24 8 14
78 92 92 94 92 88 85 82 87 95 92 92 94 90 92 85 90 96 93 68
27 42 51 25 26 45 49 32 35 40 43 38 23 36 39 21 30 35 43 50
47 64 61 50 67 44 53 56 57 55 47 61 63 58 33 71 59 64 63 67
94 86 80 85 88 91 77 79 85 91 82 79 88 90 75 88 82 61 81 83
41 39 41 58 24 48 58 45 47 45 51 19 40 44 62 45 72 26 67 65
33 38 33 44 51 32 34 29 69 33 32 47 49 41 62 36 39 49 25 48
69 86 87 91 92 84 73 93 90 76 85 74 70 84 89 84 85 84 78 92
62 67 75 69 65 77 71 70 47 77 57 65 75 53 58 47 63 50 57 76
73 67 79 65 75 66 79 82 66 75 57 68 92 61 74 72 64 55 77 73
18 28 15 20 17 44 32 15 44 27 24 33 19 20 23 37 48 23 20 26
44 73 47 76 34 59 38 64 35 32 26 47 65 50 53 21 33 54 61 32
54 64 61 46 64 75 58 52 63 62 53 65 65 70 63 45 56 55 44 36
12 11 7 17 11 6 6 7 11 8 18 5 13 17 15 11 11 10 27 18
15 19 14 29 12 21 9 23 21 12 30 14 17 10 14 18 14 26 24 39
34 30 41 41 48 24 35 23 28 28 47 41 22 45 15 26 18 41 31 34
67 60 77 62 49 47 66 69 57 64 79 81 64 80 75 61 75 70 62 59
73 53 46 60 36 48 35 30 49 65 59 35 54 74 32 32 53 32 72 47
83 47 67 59 54 84 62 69 50 61 32 55 58 55 77 59 80 50 72 72
63 52 43 61 36 33 70 34 22 46 23 29 52 44 47 46 54 27 49 53
95 93 98 97 97 99 98 98 98 99 99 97 99 90 95 99 99 98 98 98
8 10 12 17 9 8 15 5 10 7 12 6 11 4 6 20 11 8 8 16
3 3 5 4 3 3 2 2 2 5 3 2 6 3 2 4 2 3 2 4
12 13 11 20 9 12 18 15 27 7 14 14 12 13 14 6 10 12 5 13
84 55 59 67 81 81 77 52 68 71 71 89 69 81 85 63 70 70 84 66
43 55 31 53 46 78 46 57 49 48 38 54 26 48 62 41 48 45 40 31
48 60 36 46 26 34 31 57 37 42 47 45 37 50 46 48 38 45 60 40
42 33 21 43 34 22 23 41 43 25 38 35 42 40 13 40 59 37 38 44
55 21 25 45 52 51 36 36 43 48 68 50 46 53 41 45 51 44 36 43
26 54 44 52 39 47 40 27 29 34 45 45 49 36 52 28 24 40 14 37
23 16 15 19 15 25 18 24 9 12 19 11 22 24 29 7 9 6 21 11
69 51 65 51 54 63 67 77 57 73 69 72 55 52 68 72 42 45 50 60
9 20 16 11 31 11 17 9 25 24 16 10 18 8 24 17 7 14 16 7
20 31 17 25 22 29 25 12 31 40 23 21 25 37 28 21 42 29 13 22
82 85 62 56 65 76 74 70 63 81 76 65 85 88 87 69 75 60 71 78
10 7 6 4 4 17 5 8 4 6 11 7 12 16 15 20 5 8 19 9
94 89 93 90 93 89 91 70 90 90 82 84 90 91 90 93 88 86 88 80
51 71 63 63 71 75 59 61 77 56 59 71 61 45 48 64 67 56 57 54
95 72 91 99 87 93 94 93 97 89 97 93 91 98 80 91 97 93 87 96
18 13 10 22 22 41 22 27 28 25 12 28 22 21 11 19 35 24 26 20
33 45 42 36 13 32 19 35 46 43 32 23 26 33 41 33 29 31 25 40
56 57 56 64 62 44 58 42 72 51 65 53 61 52 61 55 60 48 59 51
5 7 5 3 8 5 17 11 3 4 7 6 3 7 8 5 2 5 6 3
47 42 43 61 53 62 52 27 49 36 53 53 47 41 38 52 42 49 62 62
55 92 64 72 71 75 72 63 81 75 91 87 84 72 81 88 58 75 85 61
4 4 4 11 2 10 10 5 3 5 5 11 5 7 6 3 6 5 5 5
32 16 26 29 44 45 21 29 25 23 24 16 24 17 38 26 38 33 21 56
33 37 27 35 34 32 41 44 37 15 34 33 23 24 20 19 28 40 47 34
39 50 33 35 45 40 42 61 54 37 53 33 33 54 42 46 33 31 32 39
9 14 8 9 11 23 13 6 19 4 22 7 20 7 16 17 18 5 7 5
53 56 51 57 56 52 53 62 66 67 52 54 73 59 49 67 35 53 42 66
85 86 70 76 70 75 70 78 79 68 71 77 66 75 77 87 77 67 69 86
29 19 34 12 45 10 28 19 13 36 17 22 27 31 27 24 15 32 13 13
14 26 20 7 20 11 26 21 25 20 16 28 15 22 21 18 14 19 17 17
49 64 60 34 56 49 49 61 47 45 55 67 48 51 54 50 62 52 49 49
90 84 95 91 89 88 87 91 85 74 75 89 86 91 76 80 95 92 84 85
33 41 56 52 51 55 51 47 36 47 43 50 37 54 50 30 43 50 40 61
99 99 94 98 97 99 99 99 99 99 98 98 99 97 99 96 98 99 97 99
