100 20
6 11 5 6 14 11 10 3 16 8 14 33 7 10 19 19 17 9 15 15
84 73 85 78 79 85 70 75 74 60 69 75 85 86 75 72 65 64 77 77
49 60 60 61 61 56 71 71 62 58 61 56 53 36 74 47 59 71 49 61
38 73 63 72 46 27 54 67 64 78 39 53 56 46 34 44 35 63 56 55
61 36 67 52 67 34 50 62 53 41 39 39 58 53 56 60 50 65 43 55
66 64 82 59 77 72 53 77 67 74 77 69 52 78 65 50 55 46 63 67
32 64 46 70 64 71 70 67 53 43 37 38 41 18 50 44 37 38 55 64
66 79 59 63 50 90 64 75 88 53 84 70 81 74 71 75 81 80 56 67
51 51 61 75 68 66 75 55 54 68 63 69 69 56 45 64 70 46 80 63
21 20 33 27 25 23 50 17 30 37 37 45 29 35 33 32 37 37 48 25
72 77 83 65 83 83 81 67 79 66 82 78 87 88 82 92 73 83 75 85
65 49 67 30 80 54 67 59 55 59 75 64 69 42 57 66 62 51 45 61
83 77 68 53 72 74 78 77 76 61 80 76 84 89 78 73 57 83 57 58
2 2 3 8 2 2 2 3 4 3 2 2 2 2 2 3 2 2 2 3
96 97 87 96 95 90 97 96 94 95 91 98 95 95 99 91 81 92 94 95
89 91 85 83 93 93 82 87 79 86 81 74 83 81 84 75 89 87 73 80
28 72 50 65 37 47 54 41 53 36 43 24 67 38 45 35 31 30 17 54
72 67 68 57 89 69 72 66 59 71 65 74 80 79 69 83 74 59 72 76
25 11 38 20 29 18 19 13 17 24 26 20 24 10 24 15 30 28 19 31
31 38 34 36 23 24 14 22 51 26 31 27 25 26 28 32 18 33 22 24
74 79 74 74 78 73 93 75 76 87 83 69 88 91 72 84 90 81 87 80
76 73 75 80 72 87 85 73 75 87 85 91 86 80 89 90 76 82 90 82
22 21 19 13 10 23 33 11 27 11 18 16 17 11 23 16 21 18 17 22
49 58 65 72 51 49 65 40 72 49 66 49 64 68 58 50 42 48 79 69
20 10 18 16 9 30 9 16 12 9 22 21 16 31 7 13 14 17 9 13
26 20 24 12 15 33 34 17 26 20 27 7 38 16 24 12 16 29 29 18
31 46 54 40 34 41 49 23 38 42 51 47 62 42 55 56 50 35 38 59
96 96 97 96 96 97 96 97 96 96 95 98 99 98 98 96 96 97 96 96
78 80 75 69 77 66 64 69 69 64 77 48 85 79 59 63 65 50 75 67
33 11 31 11 35 12 31 6 14 8 15 19 18 22 14 20 22 36 26 19
9 7 7 11 19 6 6 14 7 8 4 14 9 5 9 9 11 12 9 10
65 71 70 71 76 60 58 72 56 62 75 66 69 78 78 60 68 53 74 71
31 31 25 33 41 24 29 12 18 27 46 36 26 21 28 23 32 38 17 26
23 15 9 18 16 5 28 25 19 9 12 18 16 22 19 25 21 23 18 21
60 51 65 43 46 66 72 47 64 55 68 52 29 55 69 55 56 68 50 58
66 72 74 83 81 74 67 78 73 66 61 78 87 75 78 81 59 67 64 79
36 28 24 48 36 41 25 37 60 33 43 38 51 54 42 31 32 49 28 51
89 82 73 80 88 95 90 84 85 81 94 86 85 81 81 87 89 85 80 72
86 95 93 83 87 84 95 63 83 94 84 92 89 87 74 95 89 96 95 84
55 68 42 58 62 43 49 61 61 61 77 69 68 38 56 77 55 62 63 62
54 61 67 72 62 67 78 57 75 66 83 72 63 70 61 80 77 74 61 69
69 37 37 25 46 23 33 31 43 41 40 50 37 41 53 44 32 38 37 62
17 18 19 19 32 36 29 15 29 20 41 33 13 15 17 25 20 29 25 20
85 88 97 96 94 93 94 88 95 93 91 92 91 88 90 95 96 93 89 93
29 19 18 21 31 33 31 24 26 33 28 28 27 29 36 38 13 30 20 28
66 61 78 52 65 69 56 66 61 62 84 65 70 54 79 67 80 65 72 71
44 69 47 51 38 57 68 39 64 22 48 51 27 51 38 37 65 72 35 49
48 72 68 71 49 63 35 64 71 70 84 57 63 77 63 69 77 73 63 55
54 59 48 30 41 67 48 48 43 46 39 62 57 17 36 43 70 40 40 52
87 86 90 88 91 95 93 93 93 92 88 87 93 96 80 88 86 86 83 80
43 23 31 11 30 12 34 28 25 45 25 27 22 26 15 43 36 19 30 21
13 21 19 17 22 20 15 15 11 12 15 4 16 21 24 18 12 27 15 15
60 37 61 77 57 55 64 74 72 55 62 69 81 60 47 73 81 58 63 46
65 63 81 73 67 69 81 47 81 74 69 81 69 82 77 77 59 67 66 65
74 93 90 93 75 85 87 85 84 90 92 71 82 82 84 83 85 76 89 72
90 90 97 88 93 97 93 94 83 97 95 93 93 94 95 91 97 93 92 96
4 2 4 2 2 2 2 2 2 2 3 3 2 2 2 2 2 3 4 3
37 51 43 42 39 38 38 56 44 34 46 36 16 62 21 33 19 50 37 29
57 65 68 85 71 59 69 52 55 76 82 54 71 70 67 76 72 60 48 82
42 49 53 27 57 43 40 33 61 51 72 57 55 51 39 45 53 43 52 38
88 93 88 80 81 79 87 88 65 85 58 65 63 48 73 73 64 71 90 75
22 17 20 20 9 19 14 24 13 13 13 24 28 13 39 9 26 16 17 21
38 59 55 48 46 58 44 48 59 59 61 54 48 52 35 81 63 55 49 41
80 77 80 80 79 70 79 82 75 87 72 57 67 64 72 75 81 64 87 93
62 72 82 86 82 66 72 79 72 83 54 72 61 69 60 73 71 77 75 72
40 14 34 21 58 14 30 10 37 37 44 31 19 28 38 28 26 39 32 34
97 93 98 96 97 93 93 93 98 97 90 94 87 92 98 95 96 91 93 93
14 13 8 7 10 7 5 13 7 7 6 9 16 8 11 7 9 5 21 10
80 68 78 89 81 74 82 75 84 84 75 74 81 75 73 72 82 83 80 72
46 65 45 41 23 34 56 45 45 42 32 37 42 50 25 50 46 32 49 45
22 30 31 30 33 33 40 12 31 20 21 25 31 16 22 25 29 22 26 28
16 12 15 17 7 15 12 8 16 26 20 9 12 18 15 15 7 13 6 15
33 29 23 31 39 23 19 43 29 20 33 46 54 35 41 59 32 42 32 42
19 41 33 23 34 23 30 30 34 47 16 33 20 34 45 62 22 27 45 42
42 27 51 32 29 49 43 33 37 48 43 41 45 26 29 61 50 25 31 28
18 22 9 15 23 42 17 20 23 9 30 20 33 21 10 11 16 9 16 14
93 93 95 92 93 95 95 86 95 94 88 95 93 89 97 91 93 94 96 84
63 74 80 60 75 68 60 63 71 61 72 82 51 69 82 54 66 72 87 64
24 26 35 21 12 23 11 22 15 30 24 19 31 21 14 14 28 22 18 23
96 60 75 86 72 74 81 66 85 83 76 56 72 64 78 65 61 82 75 65
82 70 71 42 64 58 66 66 70 65 58 78 77 88 56 67 60 81 74 62
5 6 8 13 8 11 4 10 11 14 4 15 5 8 6 8 11 7 12 5
55 40 61 70 51 49 56 67 58 37 49 60 67 47 51 77 58 54 72 61
32 61 47 37 24 40 29 41 71 61 47 28 35 22 34 59 33 34 38 36
9 16 31 16 24 22 11 20 12 26 17 12 9 23 13 19 11 24 10 28
41 56 71 52 59 71 71 43 60 54 37 29 44 67 51 63 59 78 41 46
44 43 42 26 45 37 28 69 47 58 53 51 39 43 56 36 43 52 62 46
88 77 74 58 65 78 51 79 71 89 73 58 67 77 70 78 67 77 82 71
96 97 97 98 96 93 92 97 94 96 96 93 97 96 98 92 98 94 94 95
88 87 91 96 93 96 94 95 90 91 93 84 92 88 92 75 94 97 90 93
54 56 47 47 39 51 50 39 47 57 58 68 66 72 32 67 57 51 37 55
94 97 93 92 90 88 95 93 93 93 92 96 90 91 87 92 92 86 96 88
53 31 26 11 30 13 18 22 41 28 17 24 18 31 43 11 26 28 15 14
96 95 96 97 96 97 91 94 93 93 97 94 97 97 94 98 98 96 96 97
59 49 39 65 47 50 55 54 75 54 42 41 40 68 51 37 55 66 60 60
9 5 4 13 6 10 4 5 4 5 15 6 4 8 10 3 5 4 10 7
19 6 14 24 18 18 20 14 13 11 7 18 10 32 15 10 17 8 12 22
31 20 34 49 43 24 24 43 48 33 46 29 29 39 60 47 36 40 50 34
79 77 88 65 84 73 85 88 83 90 84 75 63 84 77 70 93 88 81 83
29 44 46 60 50 42 28 53 39 58 34 32 45 29 48 34 31 47 48 41
