100 20
62 66 30 51 78 56 85 63 88 84 44 37 96 34 3 85 54 62 85 11
41 69 36 32 68 70 92 66 93 76 51 14 85 30 6 67 45 66 93 16
53 80 52 33 93 65 94 55 97 83 17 43 95 38 4 75 74 57 61 30
53 65 47 39 64 33 93 79 91 71 43 23 97 47 2 72 60 43 85 22
53 68 46 32 86 41 94 69 90 83 34 29 87 36 3 56 54 57 85 11
76 79 47 22 87 24 87 44 85 80 44 5 93 58 4 71 53 83 91 36
60 63 58 34 88 43 91 68 88 74 29 26 93 49 5 82 44 66 88 29
68 65 33 33 87 36 80 72 90 65 32 23 95 29 4 72 34 54 81 20
65 76 39 18 85 67 90 64 90 74 33 21 94 39 5 73 49 76 88 20
38 79 52 41 86 72 86 62 84 71 35 20 92 61 5 70 64 67 89 16
70 69 47 38 89 54 91 67 92 62 14 31 93 36 3 72 50 68 79 13
69 61 39 45 86 40 90 66 79 79 67 35 91 30 12 58 65 71 89 16
68 69 29 40 78 80 96 88 74 65 32 17 98 43 4 50 60 50 97 27
62 76 39 41 88 45 92 77 94 84 22 34 89 30 5 61 65 50 81 25
56 78 39 43 84 60 95 69 73 73 18 22 91 61 6 69 52 81 70 14
41 61 30 36 96 47 83 60 89 80 35 35 88 27 3 48 25 63 89 44
74 45 50 41 82 61 84 76 89 82 27 42 97 25 5 65 35 79 95 24
73 67 31 42 84 69 92 73 90 63 36 25 93 36 5 58 73 62 80 20
76 52 59 32 95 75 90 74 92 56 17 46 97 33 7 70 62 79 85 12
55 52 30 33 93 49 87 83 91 65 58 30 88 34 5 62 29 57 83 15
68 74 53 49 90 52 85 81 92 88 34 27 87 51 3 74 37 73 90 21
62 67 46 27 89 63 76 65 83 84 25 22 97 42 6 74 64 61 93 34
56 71 48 34 86 70 91 62 78 77 35 15 85 37 3 52 54 56 83 24
61 56 35 53 80 49 87 81 80 73 33 25 90 42 4 73 60 71 87 15
76 67 60 31 91 54 85 85 83 87 17 23 96 52 5 68 44 65 81 29
52 56 40 22 79 77 83 80 96 82 20 35 97 31 5 57 49 68 91 10
59 63 51 33 78 60 83 76 70 81 32 34 84 58 4 54 41 69 93 21
79 62 35 14 80 67 86 64 86 75 36 28 84 40 5 66 53 58 84 26
56 77 46 26 89 53 95 57 81 70 23 26 95 36 4 66 44 58 86 19
84 60 49 31 81 36 86 84 92 87 17 18 95 45 4 78 65 66 87 10
61 78 55 43 86 51 93 74 89 81 30 29 93 17 3 68 49 55 88 16
70 55 53 25 81 62 95 78 83 88 13 30 93 37 4 66 62 77 98 16
67 62 31 50 77 46 92 56 82 76 27 19 96 28 4 71 45 80 95 17
72 73 49 36 82 77 92 65 87 88 49 32 79 34 8 79 46 53 94 9
44 54 36 44 92 67 92 71 93 57 14 19 95 49 5 78 52 81 89 9
70 79 36 41 87 48 85 68 73 76 39 17 82 48 3 75 49 71 72 24
61 65 34 37 93 61 92 63 70 65 49 23 96 51 4 80 53 78 86 25
78 55 38 28 79 75 94 71 85 69 46 35 86 18 3 76 44 67 87 20
51 76 29 25 83 60 90 68 85 72 18 23 95 41 3 43 41 59 91 17
75 57 43 22 84 53 89 70 77 83 42 20 91 56 2 67 42 77 84 15
70 66 63 46 93 43 89 67 85 92 28 47 83 50 6 39 39 81 76 12
66 54 46 23 95 75 75 62 84 92 36 32 95 23 10 56 51 68 86 16
49 56 50 47 77 47 94 58 82 84 24 28 96 48 3 49 38 81 80 12
44 51 56 25 84 52 88 59 82 73 52 17 93 42 4 59 55 72 90 25
59 55 35 41 78 55 96 70 89 87 23 24 95 40 4 70 65 56 86 34
49 73 38 25 80 61 83 63 88 84 30 29 98 53 4 78 47 67 83 20
64 73 36 30 80 63 87 71 95 76 42 21 83 20 7 45 46 72 83 11
77 58 50 32 87 84 93 52 93 66 21 27 84 57 5 59 45 75 87 16
70 68 57 33 87 51 91 69 79 69 38 14 92 46 4 60 55 48 83 21
51 74 42 54 93 63 87 74 88 64 36 24 85 58 2 58 59 66 87 12
59 49 71 50 91 51 89 69 87 74 43 31 98 56 4 45 49 67 80 16
75 70 56 38 93 60 85 75 84 75 48 45 97 53 4 60 53 48 90 20
54 66 55 38 93 68 78 72 69 93 45 14 89 66 4 80 44 69 78 22
58 63 31 26 86 44 91 82 90 59 24 14 93 41 4 67 74 65 83 5
55 56 20 36 89 39 86 62 87 75 23 24 88 27 6 56 34 71 88 29
69 63 19 29 83 54 90 61 93 82 35 17 86 49 5 55 54 67 92 31
34 70 31 41 87 42 89 53 81 68 22 14 92 51 6 61 64 67 75 12
66 64 40 43 72 32 83 77 83 79 25 13 87 49 18 58 51 70 81 29
76 80 67 30 81 54 77 73 77 75 22 33 84 50 8 67 47 80 81 12
47 68 68 19 83 36 87 65 89 60 31 35 95 55 6 66 45 47 85 36
63 56 52 37 91 54 85 68 88 73 42 34 82 27 6 72 57 66 86 19
72 65 39 38 85 76 64 54 90 67 47 39 97 36 4 75 51 85 86 19
73 75 48 47 94 51 95 89 78 53 35 31 97 38 4 81 51 59 92 23
67 56 30 36 87 56 94 73 86 65 41 27 92 47 5 81 51 63 88 14
73 87 33 34 93 65 90 76 89 82 19 34 95 41 3 66 43 83 76 32
54 71 37 40 90 42 90 68 90 81 33 19 95 31 5 60 40 68 90 22
30 67 50 31 74 60 88 76 76 77 49 38 91 42 4 67 45 72 82 9
55 68 45 30 79 66 93 75 92 75 25 20 94 41 8 83 42 76 91 21
76 55 41 26 83 39 90 57 93 61 39 39 92 54 4 71 62 71 86 20
55 63 53 38 85 34 90 52 94 58 26 21 88 36 7 65 42 58 76 16
78 77 41 41 69 63 94 79 90 79 41 33 95 36 6 56 41 67 89 30
65 61 43 31 91 69 81 47 80 75 51 23 93 55 6 75 45 80 81 43
41 76 51 39 89 49 92 69 93 75 30 29 94 49 6 57 49 66 82 11
52 79 48 28 89 63 84 53 77 73 20 20 92 41 6 68 55 76 86 17
69 65 29 37 88 49 84 63 94 65 12 17 97 45 7 57 45 58 86 22
58 44 52 28 86 36 75 78 85 56 42 20 89 32 6 75 65 59 80 17
56 43 18 27 78 74 89 51 87 81 23 33 94 62 7 86 57 75 93 23
74 77 33 45 92 54 92 83 92 75 16 43 96 38 3 71 44 82 91 21
67 62 56 34 91 30 77 53 76 57 55 18 96 60 4 67 40 88 84 30
64 76 63 32 81 40 80 57 88 56 37 37 92 47 8 70 63 69 88 13
42 58 36 60 93 55 87 72 87 62 30 30 90 38 4 68 61 72 69 33
49 59 35 63 67 54 95 64 90 62 25 28 91 50 3 64 48 73 93 22
54 76 49 31 91 37 86 61 84 70 38 22 88 21 5 59 48 64 79 14
64 52 50 65 84 52 67 52 86 71 49 28 92 38 4 54 58 63 83 16
67 58 42 48 93 73 89 80 83 66 39 17 95 34 4 82 56 71 82 13
60 39 44 24 83 60 92 71 83 74 24 22 93 61 5 74 38 60 94 33
47 71 60 30 87 64 75 70 90 62 35 27 97 36 4 50 39 67 85 16
58 53 40 56 83 56 87 87 83 79 38 34 95 24 5 78 47 60 82 24
49 58 48 33 73 53 94 47 77 60 27 28 94 31 3 81 53 58 67 22
40 83 57 42 91 78 84 55 91 74 42 29 96 68 5 87 18 65 81 35
70 57 35 35 84 59 97 51 67 82 39 22 91 34 8 60 52 75 86 16
51 76 36 25 93 80 82 70 89 92 21 23 91 52 7 55 46 65 89 22
53 84 60 45 85 52 82 57 81 78 29 38 97 44 5 62 59 68 91 23
57 69 26 34 72 65 94 57 95 55 27 21 95 37 3 56 51 49 92 21
56 69 54 30 92 42 96 77 94 70 37 19 90 34 6 68 51 35 89 18
58 69 43 28 71 79 88 50 85 68 29 36 97 38 8 43 56 77 89 17
75 64 32 28 91 59 94 67 72 71 21 33 91 61 3 87 43 54 92 21
49 68 32 22 89 63 97 70 89 86 31 44 94 29 5 63 57 83 94 20
77 83 33 25 84 62 93 73 89 78 41 22 95 46 3 67 35 56 92 31
68 57 43 13 86 67 85 74 83 92 41 25 94 37 3 75 43 56 89 18
