100 20
25 50 6 41 81 46 20 94 65 89 87 36 74 65 50 14 8 16 14 23
3 89 46 94 41 33 42 65 7 77 97 83 41 5 24 20 78 94 51 33
5 32 14 7 64 63 3 57 54 21 67 38 17 15 87 19 63 45 35 95
59 96 13 58 89 70 47 91 9 24 23 87 53 35 71 55 12 98 5 21
96 10 94 92 95 99 53 15 44 86 23 69 37 43 18 67 24 66 82 71
15 11 85 98 49 71 45 17 71 96 60 81 86 89 42 27 30 48 46 21
34 19 94 51 15 86 89 98 53 48 84 9 22 26 24 20 34 95 81 24
11 32 34 28 17 6 41 96 5 73 3 22 52 74 20 20 87 72 82 60
64 71 50 92 34 78 6 65 77 62 74 45 28 20 37 81 9 62 48 44
8 38 3 42 5 18 52 86 78 23 81 29 39 62 52 89 41 92 46 77
6 94 62 47 74 3 15 55 28 85 38 91 42 70 54 23 59 57 19 91
65 13 40 58 21 54 5 5 43 47 9 52 68 28 56 55 87 93 82 31
65 45 82 43 71 97 27 26 66 56 54 27 26 22 81 4 87 20 75 94
83 68 89 42 23 50 3 7 65 33 64 26 77 17 85 65 43 51 6 57
77 13 11 29 44 87 46 32 65 15 7 45 49 82 27 9 40 4 57 39
3 93 32 99 73 15 73 40 44 33 94 81 79 34 4 28 92 78 82 21
99 47 15 45 89 61 12 78 61 11 38 4 53 97 91 42 71 13 82 68
37 89 90 84 12 65 32 59 30 46 45 71 43 97 27 46 17 42 68 41
47 30 52 69 88 38 54 50 83 46 31 81 91 67 30 26 94 76 76 68
27 48 36 88 83 92 33 84 50 15 29 69 52 67 12 83 18 92 13 66
44 56 6 46 31 13 59 74 53 37 8 87 80 47 13 23 5 7 68 20
67 75 9 12 46 14 62 20 86 54 61 16 14 29 99 38 32 98 68 57
78 44 43 72 39 42 89 74 85 90 75 38 18 84 90 70 90 69 44 34
91 72 22 54 84 81 11 71 4 33 57 2 80 98 59 99 33 88 87 50
82 83 64 20 85 91 99 9 76 88 75 88 27 24 21 28 9 11 17 3
58 41 28 34 13 31 93 63 86 87 78 27 27 68 49 2 53 62 30 32
96 34 37 34 5 32 88 71 60 93 54 39 37 59 90 39 42 94 83 90
84 82 77 66 16 50 51 82 93 17 75 79 64 58 17 67 90 60 16 6
94 58 59 89 85 5 40 48 49 91 62 31 47 48 89 4 28 47 18 30
30 67 47 39 23 68 52 98 38 87 3 64 79 44 15 6 7 42 75 39
17 72 54 2 35 4 14 43 96 77 21 93 72 39 47 19 90 24 95 13
22 36 28 58 84 52 85 66 95 58 23 13 68 54 56 25 10 43 21 95
90 50 80 15 97 92 52 24 68 44 37 70 36 97 50 4 8 8 93 48
46 28 63 94 56 88 94 29 93 95 59 36 69 20 68 24 43 70 35 59
6 88 71 5 6 44 61 95 96 56 34 67 60 24 37 24 43 46 95 83
62 28 41 31 93 68 4 67 75 84 52 80 57 98 8 19 89 3 51 87
42 39 93 66 89 5 27 72 47 68 25 63 56 60 78 78 33 5 79 54
41 38 78 61 93 50 46 97 79 14 3 4 22 89 11 20 49 98 44 38
30 14 39 10 16 66 44 15 41 28 99 12 13 65 83 53 70 48 94 16
62 42 61 5 76 85 4 99 82 93 62 61 63 61 40 27 44 73 91 69
4 68 65 24 10 77 34 37 55 4 36 55 15 30 10 66 90 67 36 47
78 49 89 70 62 11 26 34 10 31 27 92 54 80 59 49 18 94 89 94
27 57 8 48 95 64 81 89 4 30 31 13 90 8 97 95 61 88 90 78
4 74 90 90 32 20 32 8 69 30 31 11 17 7 32 9 22 40 54 2
30 71 4 97 87 47 57 76 56 5 13 33 48 42 26 24 79 3 22 14
86 20 19 53 4 80 82 18 20 97 36 39 47 25 3 31 73 67 54 8
29 32 84 3 42 11 88 30 22 16 10 4 44 17 4 82 14 17 86 38
76 18 84 77 98 97 70 19 75 11 78 89 7 86 57 11 82 53 89 84
14 44 22 45 84 58 13 21 26 43 25 74 26 25 26 24 15 13 70 47
28 63 97 78 96 14 22 95 75 47 57 25 6 34 37 91 29 15 77 56
95 63 97 30 23 56 75 6 19 23 22 94 33 80 46 23 49 64 47 75
35 95 68 13 18 21 92 63 84 34 14 97 91 42 6 93 35 78 45 58
18 5 88 28 65 9 42 83 9 17 12 69 59 80 55 10 2 81 98 63
65 66 25 52 39 77 4 81 52 94 88 83 82 49 80 89 13 17 3 16
17 24 72 32 27 22 11 76 15 99 41 85 52 43 72 42 68 9 72 46
73 79 76 92 37 36 46 3 50 57 3 68 82 43 65 39 3 49 14 99
65 8 81 41 88 2 11 31 55 69 2 62 58 80 49 49 36 53 77 58
11 90 11 44 4 70 87 38 25 98 29 18 90 72 48 34 94 14 37 52
40 15 11 87 25 32 51 28 38 39 67 23 53 88 81 41 75 74 17 8
82 11 16 71 39 21 64 16 87 65 77 35 66 67 52 85 73 98 60 52
59 48 16 50 33 47 2 87 35 59 93 95 42 61 45 90 46 52 63 92
37 25 68 26 76 62 8 6 84 9 70 89 76 90 84 54 49 88 95 8
24 58 16 19 52 15 45 82 80 86 63 76 29 97 45 17 31 50 82 51
30 85 37 57 5 36 23 76 11 25 73 37 58 8 55 85 28 70 71 79
85 10 72 79 27 91 42 18 85 94 26 15 55 70 59 20 51 25 68 22
23 59 43 6 35 16 73 97 43 49 77 88 87 21 83 16 63 18 19 10
92 23 41 56 37 44 75 74 52 38 32 65 44 45 77 48 61 58 74 69
54 18 8 88 32 48 95 20 45 80 98 36 73 93 50 45 21 76 6 30
32 73 34 82 58 11 40 46 80 98 11 66 56 68 24 16 33 49 37 69
18 92 23 73 46 28 99 54 16 56 60 86 96 79 52 68 6 72 95 94
77 95 48 27 62 77 46 45 76 42 86 69 65 17 79 7 39 22 36 34
87 78 10 71 12 26 57 13 32 8 55 46 65 50 60 85 11 89 14 98
5 24 16 59 24 50 46 10 43 55 80 9 27 81 80 7 88 82 27 28
27 84 32 86 53 29 8 83 60 98 36 20 79 67 40 64 63 98 97 7
70 74 97 21 91 78 10 43 79 67 31 88 52 55 44 94 50 96 24 18
32 31 29 7 89 5 5 71 77 12 91 16 67 81 23 3 78 80 13 82
98 64 57 67 40 34 81 98 15 40 84 72 60 95 51 78 98 14 93 27
93 37 54 64 17 81 67 37 83 10 47 73 39 11 63 52 50 81 34 61
51 59 80 92 44 95 50 52 23 70 87 39 51 6 72 74 67 97 84 87
65 83 70 28 37 75 78 83 94 88 93 66 9 19 9 98 53 7 4 22
84 66 67 47 82 19 47 63 62 14 36 78 34 44 74 5 33 26 40 29
15 48 7 42 15 73 66 16 32 76 94 7 51 93 62 98 38 64 75 13
39 6 70 7 68 41 5 27 13 96 79 90 49 18 93 75 33 8 43 4
2 27 10 24 68 70 37 27 58 8 48 10 82 51 30 71 93 21 63 87
60 23 49 8 12 98 80 7 35 9 18 84 3 52 23 51 28 68 29 69
64 96 29 31 10 3 94 50 53 66 66 3 64 91 20 75 86 59 64 13
41 83 45 75 24 94 63 81 70 41 69 38 30 9 67 17 14 80 56 82
46 77 59 21 87 50 27 99 68 77 51 82 33 98 38 92 25 78 28 24
31 34 2 14 42 54 33 75 92 81 13 3 87 57 96 31 92 38 19 24
51 61 64 54 6 87 26 42 66 47 82 93 79 65 83 36 53 89 60 43
70 95 73 84 3 34 46 40 17 37 15 52 39 21 20 62 61 73 42 36
41 99 45 26 64 21 4 22 81 7 57 25 90 42 47 16 37 82 85 31
75 34 30 43 92 62 45 80 88 56 3 91 18 5 55 6 83 84 40 30
87 61 72 97 2 97 42 29 92 95 38 37 26 98 35 64 81 68 76 72
81 8 96 21 39 90 5 42 22 69 10 28 4 64 32 10 62 68 13 29
37 52 69 40 27 93 7 54 95 70 26 11 50 67 62 92 92 2 46 70
54 7 3 20 60 72 63 99 53 35 47 7 25 13 89 75 54 8 84 60
24 23 5 50 83 9 70 38 55 81 43 23 99 15 29 33 91 52 21 22
12 77 50 67 75 34 75 17 22 26 2 91 45 81 16 11 26 82 89 63
56 69 83 73 91 61 81 89 64 31 90 72 50 77 62 13 97 97 39 64
