50 10
70 76 75 80 74 72 76 75 75 88
14 31 16 27 26 30 11 47 46 31
59 40 32 37 26 31 22 47 51 46
78 62 83 81 85 77 88 88 89 72
68 57 69 51 35 73 55 48 60 43
75 63 84 82 73 69 80 85 77 85
37 33 42 39 20 32 37 57 17 19
31 49 27 38 14 24 24 19 33 30
7 13 9 4 8 6 4 5 4 4
61 52 80 62 74 46 55 56 62 64
9 24 46 13 51 31 27 17 24 19
87 76 80 89 77 79 90 94 88 91
91 82 93 96 85 92 88 93 89 88
38 37 38 39 36 26 25 48 34 34
70 63 76 79 77 74 51 70 83 69
27 33 35 25 45 45 17 44 25 17
4 4 3 7 6 5 4 6 5 9
38 62 45 49 46 62 47 42 42 64
40 40 56 62 65 44 24 52 43 47
55 49 45 57 46 44 67 57 35 74
50 62 52 34 56 52 50 56 71 70
91 85 90 69 92 81 84 81 88 89
36 69 43 52 53 54 49 53 41 40
2 2 2 2 2 2 2 2 2 2
46 28 42 29 48 48 32 61 31 38
5 8 9 6 7 5 4 8 4 4
40 59 48 56 40 60 53 61 69 51
5 4 3 2 3 2 2 3 5 3
70 86 69 72 74 78 79 75 87 78
55 43 36 55 47 29 43 66 54 40
59 76 48 68 43 52 54 47 41 60
42 70 44 69 42 53 62 47 23 51
90 72 71 86 94 82 91 81 88 67
21 35 23 37 28 24 34 22 21 23
73 74 57 61 81 69 69 81 59 72
92 85 89 86 91 92 84 97 98 93
77 83 84 82 93 87 91 89 76 71
21 11 19 12 14 34 17 25 21 31
67 73 78 66 68 80 76 74 62 81
11 14 10 4 6 10 12 8 19 10
95 95 94 95 91 93 92 94 95 96
48 49 32 32 56 53 36 22 39 36
14 5 11 13 7 4 6 5 5 7
75 86 83 89 75 82 67 88 63 78
24 35 42 18 31 27 20 40 48 37
97 91 85 94 98 97 92 92 97 88
26 30 40 24 28 24 20 14 46 35
47 8 24 20 5 23 33 23 13 26
69 92 83 87 94 92 84 96 88 82
18 46 50 40 34 39 42 26 36 31
