100 20
67 60 83 68 44 41 64 78 55 66 79 55 72 63 35 59 74 61 50 62
11 7 8 23 7 6 6 18 12 23 8 10 20 24 7 10 15 14 20 16
33 43 17 52 37 38 38 25 41 25 18 47 17 35 41 46 56 41 51 31
14 9 27 22 23 6 8 19 35 27 10 17 20 18 37 19 23 15 12 11
26 34 50 54 61 35 30 72 32 35 19 35 36 24 57 23 37 46 52 38
39 25 31 29 33 26 32 15 26 35 41 32 31 29 17 49 14 19 26 32
65 72 82 83 84 82 65 76 72 66 77 76 69 63 78 82 77 65 72 78
94 96 83 93 81 81 78 86 86 76 92 90 84 93 78 89 89 80 83 85
94 95 92 93 91 86 96 90 93 80 89 83 94 87 82 87 83 89 81 82
35 25 41 26 54 39 22 25 23 26 30 26 17 35 15 17 27 35 15 36
83 89 87 86 83 87 89 84 87 93 87 86 84 81 88 87 77 88 81 89
62 85 70 60 77 63 60 60 65 64 62 68 76 87 76 74 70 70 75 85
53 70 63 64 73 68 65 40 50 49 82 45 63 41 33 49 47 65 57 44
70 55 62 47 45 37 54 56 54 21 51 35 27 43 48 38 58 29 24 44
46 37 31 36 41 42 48 28 27 44 45 41 18 40 40 49 18 23 41 53
53 53 60 84 55 87 43 73 58 54 66 37 49 70 64 43 57 78 41 71
26 30 14 12 16 13 27 24 17 15 24 10 28 35 19 36 16 28 22 14
59 57 71 73 65 52 79 59 72 67 58 59 70 51 85 54 64 67 68 67
64 80 44 56 61 76 63 41 38 65 66 72 61 60 67 52 74 57 54 64
46 46 30 60 54 48 24 44 40 51 34 31 25 24 45 49 34 46 37 25
75 70 74 76 60 36 68 56 78 64 83 36 54 62 69 59 60 64 60 73
22 18 42 20 15 31 36 34 23 21 15 42 28 35 17 38 14 34 26 29
82 88 94 94 83 87 90 92 85 94 94 86 88 86 84 85 87 78 92 70
72 63 71 58 64 59 80 59 74 80 56 77 71 82 79 69 68 77 58 80
93 86 89 95 90 93 94 94 96 85 91 95 96 88 98 95 91 88 91 96
19 18 15 15 19 11 17 21 11 22 38 17 17 22 8 23 17 26 21 25
63 77 75 73 52 73 69 89 83 76 67 77 74 69 80 66 68 60 80 66
56 48 58 53 68 50 73 41 41 42 61 52 39 22 35 39 46 54 37 53
92 92 92 87 98 95 97 89 95 93 96 91 91 96 91 95 87 93 95 84
19 16 29 41 30 15 30 18 13 40 18 21 35 31 26 13 29 26 19 28
46 22 21 33 37 21 18 25 32 23 28 29 16 41 13 24 30 32 30 49
38 36 36 47 27 52 43 38 51 48 32 42 23 48 48 32 44 54 28 42
19 29 14 28 15 13 11 12 22 12 13 26 22 24 28 17 25 23 15 23
88 95 93 89 94 93 90 93 94 85 86 83 93 87 92 91 92 93 93 75
92 90 89 96 88 85 91 96 95 85 89 93 89 85 91 96 93 96 95 89
2 2 2 2 2 2 2 2 2 2 2 2 2 2 2 2 2 2 2 2
36 39 40 52 51 29 34 49 32 34 36 28 37 54 27 47 37 14 35 30
16 12 16 24 27 25 12 21 21 16 10 22 13 30 20 33 23 27 21 62
92 88 79 86 69 91 87 93 91 77 66 87 73 78 90 91 75 88 85 91
43 41 45 40 50 67 47 65 53 61 39 64 35 56 26 62 22 32 67 63
32 29 41 39 34 40 34 23 18 53 51 12 47 67 54 32 26 35 42 34
59 72 69 34 71 65 66 58 66 72 51 60 76 70 62 69 75 70 62 63
51 58 45 80 23 54 79 58 63 63 56 52 63 39 70 53 46 66 57 56
98 97 94 96 94 96 96 95 99 97 98 97 97 97 96 97 93 94 95 96
98 91 86 86 89 87 93 91 92 86 95 77 94 89 97 91 87 85 94 93
77 68 70 50 83 91 77 57 48 63 65 55 46 81 72 58 51 63 83 56
79 78 83 70 83 72 70 85 88 82 53 77 83 86 75 88 90 61 87 83
44 36 51 42 34 54 30 37 40 46 55 29 57 55 45 30 32 23 25 75
41 39 70 63 62 61 64 56 76 59 84 60 65 44 71 52 48 66 78 56
58 55 33 21 42 46 60 41 23 29 32 31 45 42 36 35 61 42 40 38
26 51 43 27 39 42 24 40 58 47 38 32 26 26 31 51 55 42 32 32
10 4 5 6 10 4 7 6 2 9 7 3 9 5 5 4 5 4 7 5
88 84 89 95 88 88 92 80 92 86 89 82 94 91 92 97 97 64 92 80
49 63 69 42 61 53 54 71 52 60 50 67 61 73 64 56 57 49 57 37
59 45 37 43 51 46 40 39 42 64 24 35 60 33 36 51 66 52 46 25
37 38 52 38 50 40 40 26 40 51 43 53 44 41 41 43 41 48 50 34
76 85 75 81 81 92 78 75 73 81 72 86 72 78 77 95 81 77 74 82
76 75 67 77 73 81 66 65 56 73 61 78 86 76 84 59 75 75 70 87
52 56 44 63 55 59 80 63 58 72 68 63 45 31 62 66 74 39 56 65
29 42 49 27 55 36 42 41 39 33 27 42 23 64 30 48 33 52 41 24
16 29 30 19 22 50 30 24 20 30 9 33 22 20 15 39 24 17 29 20
49 49 74 51 45 42 64 61 44 67 64 48 66 62 43 54 47 60 66 58
16 44 19 17 43 34 21 12 24 40 25 36 35 28 41 28 45 26 30 24
63 57 60 67 46 53 43 42 65 53 49 44 54 53 73 45 50 72 60 55
45 36 48 50 56 36 65 56 54 57 63 55 48 52 53 36 52 36 57 65
80 83 62 92 74 85 78 90 84 76 87 83 76 74 86 76 76 79 87 75
19 21 27 29 15 32 20 27 32 34 21 21 13 27 13 19 15 13 32 18
79 74 88 73 83 70 74 75 80 81 69 85 71 61 65 73 78 65 82 73
56 58 63 76 66 77 76 78 76 77 67 55 59 82 69 82 69 63 68 75
85 83 80 85 85 78 85 88 84 90 89 90 91 83 87 87 71 82 93 93
85 77 87 64 76 86 76 70 90 83 91 76 86 86 83 88 80 86 89 75
8 7 9 16 9 15 15 7 15 10 12 6 12 19 25 15 12 10 9 21
98 95 94 94 93 92 95 95 97 94 93 92 96 92 97 95 97 95 96 95
31 24 17 26 9 24 34 17 13 18 33 8 20 19 19 36 19 27 44 22
74 72 80 79 46 81 90 78 80 59 62 71 82 69 79 59 60 83 67 65
31 30 55 26 35 37 38 52 34 34 48 24 56 40 28 40 51 19 59 50
42 44 52 20 26 28 41 42 23 50 14 23 24 34 34 33 27 22 27 44
99 99 97 99 99 99 95 99 99 98 99 99 98 96 99 99 98 98 98 98
88 74 77 91 93 96 96 93 87 91 87 78 98 86 89 93 94 96 89 92
88 68 68 81 77 81 79 77 62 82 66 75 90 76 78 84 76 66 67 79
30 37 68 21 46 23 37 31 47 60 26 51 37 40 31 48 60 32 36 47
4 6 6 10 3 5 3 3 3 4 7 4 3 8 10 6 7 4 7 6
86 86 93 93 77 82 86 75 96 80 79 78 87 84 90 92 90 88 85 71
32 37 31 40 23 61 55 41 39 63 26 43 20 19 49 34 19 36 70 34
27 20 21 13 15 22 15 21 25 37 27 25 16 20 43 20 29 29 17 11
17 10 31 8 20 32 9 33 15 10 9 6 18 19 17 19 8 17 11 10
46 54 43 58 29 47 33 42 46 50 38 37 29 39 40 43 42 25 62 43
87 94 95 95 94 90 92 87 95 97 92 89 90 85 94 87 81 89 94 98
85 94 91 84 80 72 86 84 79 96 94 86 83 94 76 93 87 89 89 86
60 50 40 50 33 52 51 63 49 36 54 40 47 62 25 66 45 60 39 36
49 83 62 70 72 75 71 48 73 69 54 59 72 61 73 86 64 76 71 58
2 2 4 2 2 2 3 4 4 2 3 3 3 4 2 2 3 2 3 4
40 57 26 42 24 35 37 25 66 37 48 16 33 37 36 34 41 29 50 41
38 54 28 37 42 21 49 43 43 59 24 44 53 46 39 54 56 61 43 51
3 4 5 4 4 3 8 11 9 3 2 11 6 5 4 4 3 9 10 4
44 53 57 50 63 49 42 40 64 48 59 66 75 35 56 44 56 66 50 48
38 24 37 52 39 50 42 24 28 28 38 37 29 28 42 33 22 27 45 50
41 67 32 20 31 40 19 34 24 33 50 41 40 32 60 29 42 18 41 25
92 87 91 89 94 92 93 89 92 95 87 92 95 80 91 93 90 91 96 86
15 7 15 7 10 4 9 12 16 10 8 9 6 11 9 6 14 11 3 7
