200 20
81 62 90 17 4 62 26 71 46 66 63 95 95 98 28 28 59 77 79 16
46 45 99 25 78 9 45 56 27 29 38 42 85 72 28 60 31 3 29 15
23 96 22 37 49 42 81 79 44 7 66 30 16 73 11 15 7 21 97 16
74 13 17 51 22 82 88 77 83 87 70 55 12 48 68 39 10 35 30 89
19 96 39 4 84 83 74 48 58 23 6 30 24 98 17 75 56 20 97 70
40 19 69 69 48 64 50 17 50 83 64 47 97 64 80 2 34 61 30 48
6 76 54 36 79 27 85 87 77 64 61 10 3 78 84 33 36 4 55 59
82 23 70 82 78 83 31 17 8 73 82 42 45 36 33 56 61 88 80 44
91 41 3 90 54 64 35 88 15 97 89 65 20 13 8 20 60 38 98 90
24 9 2 98 5 63 72 42 24 75 38 89 78 35 24 66 19 31 77 13
80 41 68 74 37 16 91 22 64 53 60 92 10 44 43 74 22 31 41 52
59 91 78 9 93 15 15 8 32 93 70 83 26 51 63 37 29 94 23 24
40 27 33 87 57 65 12 75 34 44 26 24 32 40 90 84 28 35 46 67
67 76 99 65 13 63 69 68 6 23 27 61 56 20 63 27 66 73 79 75
23 2 41 50 25 65 58 57 86 99 47 34 91 72 14 28 90 53 24 27
29 4 37 3 67 9 13 68 61 70 56 91 71 61 7 28 56 56 30 13
66 66 20 10 41 61 82 94 96 38 58 24 6 51 8 56 42 85 88 78
88 69 68 37 59 41 84 63 37 16 24 30 77 66 63 37 4 92 85 16
40 60 82 18 73 32 47 44 84 15 93 54 63 80 92 29 42 16 67 50
59 83 80 28 67 41 73 36 7 20 17 41 17 29 54 28 75 94 85 59
83 94 87 9 76 33 53 72 54 84 95 71 45 20 47 33 71 78 42 11
58 28 26 91 42 39 71 51 98 47 6 97 45 79 72 9 90 27 79 31
31 51 89 89 66 5 16 94 28 92 99 78 36 44 37 3 80 72 15 12
64 92 39 92 56 80 37 86 73 2 23 96 80 76 43 76 82 82 76 67
82 38 76 25 46 30 93 53 86 2 68 35 49 45 56 11 66 84 53 17
7 27 43 54 29 55 15 97 7 47 18 57 59 43 89 77 86 2 82 35
44 54 8 98 88 71 61 94 71 33 62 27 77 44 96 59 35 58 79 76
73 6 82 77 23 48 44 7 94 37 46 91 23 39 52 71 8 94 94 59
12 40 8 21 33 88 81 62 85 53 58 27 63 55 60 71 84 65 15 4
3 5 43 51 49 43 25 88 66 56 51 27 5 65 24 49 33 38 72 30
82 51 26 69 15 60 52 39 90 18 51 52 72 46 37 99 69 56 25 52
79 46 61 27 54 14 78 56 48 49 49 84 33 46 34 90 28 59 91 64
43 29 57 59 74 23 54 45 23 18 4 56 15 90 27 55 23 40 23 56
86 62 37 46 68 68 93 69 6 14 56 26 78 32 31 79 59 13 11 34
63 56 22 94 12 48 13 19 48 23 22 86 61 12 33 49 30 13 70 53
66 40 6 41 99 91 38 37 57 59 56 31 69 93 87 48 26 12 12 30
42 45 27 60 88 56 58 29 33 91 67 39 86 52 58 24 82 15 79 97
32 34 42 37 22 65 63 31 82 89 42 52 41 59 34 33 81 7 22 76
17 39 80 92 33 51 39 96 83 52 76 16 54 86 66 83 30 88 48 46
31 49 31 62 48 84 68 85 41 87 56 62 35 20 70 85 10 86 85 80
92 78 93 35 49 17 54 92 66 87 7 22 30 98 85 78 27 80 48 72
72 13 3 35 58 28 42 8 34 83 2 13 98 46 77 57 93 60 99 58
27 28 38 88 91 7 58 99 89 38 65 45 79 69 52 78 78 52 8 67
41 64 2 53 21 79 64 59 40 6 95 35 85 62 51 19 96 5 39 16
40 12 13 20 78 62 74 21 49 73 60 49 46 39 90 59 37 79 72 35
5 28 62 27 56 37 25 79 37 85 55 29 36 94 56 85 50 53 11 71
46 19 56 11 29 91 28 14 85 82 47 82 22 41 84 66 99 6 77 5
73 64 64 10 94 97 27 86 53 17 66 43 4 80 16 88 12 97 75 90
29 33 30 4 23 49 12 68 28 71 82 41 82 64 66 82 72 47 52 29
85 89 94 6 13 22 51 65 94 88 97 7 86 2 65 8 29 22 75 48
53 88 31 16 76 68 56 60 12 91 43 83 89 62 61 36 63 52 91 56
65 62 80 6 30 33 94 91 75 3 72 60 61 31 77 86 74 39 22 66
11 22 25 41 67 64 48 50 46 69 73 33 26 2 27 71 56 70 71 32
86 94 95 22 13 59 66 25 41 54 3 56 93 16 92 47 45 60 56 64
35 58 11 21 64 77 68 14 23 77 47 91 34 49 90 59 34 68 22 7
61 99 31 4 45 13 28 61 24 15 83 47 10 99 34 26 15 4 60 90
91 54 77 56 17 29 61 42 45 9 3 82 69 49 64 58 2 54 52 72
96 71 19 21 70 26 25 61 84 42 29 61 46 19 82 44 78 61 43 43
99 63 65 61 88 74 40 85 71 78 27 91 71 76 26 74 79 50 22 30
6 74 74 35 83 50 4 56 68 5 42 10 17 64 30 55 56 24 27 98
95 95 42 91 35 13 41 21 16 64 12 31 3 43 15 23 76 86 35 21
94 26 87 92 45 85 8 31 45 11 89 79 57 69 58 70 65 46 37 97
62 80 14 9 34 94 53 44 41 12 3 23 28 60 37 39 27 24 58 20
13 29 94 73 63 21 83 3 20 33 55 24 79 26 35 21 18 92 23 29
52 17 11 3 93 99 74 12 69 49 57 16 5 46 40 19 83 34 73 8
42 85 43 96 15 23 23 23 39 20 2 83 69 29 61 70 77 87 33 38
32 97 55 17 30 84 5 59 30 65 11 11 14 90 43 16 6 36 87 91
23 16 99 74 48 54 8 22 82 31 89 76 10 2 49 96 48 13 80 87
29 83 92 81 13 48 79 2 36 93 8 50 2 79 31 88 15 6 22 57
42 78 19 62 67 93 5 54 3 53 39 46 15 16 85 13 22 67 10 91
17 73 79 81 95 13 71 47 28 74 28 92 90 15 58 92 7 27 44 50
18 22 74 40 94 68 43 73 93 87 44 20 55 48 79 18 74 19 26 31
33 85 55 34 2 70 99 50 92 83 62 85 71 47 89 33 14 59 94 30
93 23 28 67 41 65 84 97 99 72 21 33 18 46 14 96 97 23 8 48
43 61 19 43 27 80 77 89 87 59 49 83 31 90 15 28 87 70 27 70
18 31 69 30 42 94 17 68 41 92 44 55 25 87 18 20 9 80 2 93
98 99 63 95 74 78 48 49 98 27 69 99 39 78 72 23 75 33 12 37
26 86 49 51 75 69 64 35 13 49 97 63 53 80 68 99 24 72 98 67
36 69 44 96 8 53 84 96 54 72 85 34 32 96 30 52 51 84 89 51
38 98 37 49 73 4 34 33 8 32 22 94 61 19 62 96 90 30 75 6
47 89 66 73 19 82 77 5 18 33 83 53 58 98 11 57 23 52 5 85
28 94 84 70 27 6 75 62 48 97 70 3 43 88 20 11 59 83 51 43
87 21 39 69 32 6 30 81 38 52 38 71 12 71 49 2 90 30 89 66
76 10 47 21 79 61 20 85 76 72 78 54 83 93 28 8 86 80 49 51
28 46 70 18 80 72 78 25 86 55 9 96 46 60 96 35 96 83 71 84
81 55 80 61 46 88 48 43 64 46 36 95 74 91 63 90 48 83 91 43
61 40 79 28 82 61 71 29 70 96 62 53 80 60 13 70 37 20 85 80
93 60 95 15 64 64 32 66 37 22 73 23 49 2 6 24 63 83 5 73
36 74 59 23 19 64 36 91 2 18 27 92 67 91 49 40 19 48 95 95
34 71 74 18 88 86 90 44 5 48 18 11 60 5 18 18 91 45 82 14
85 38 25 73 68 8 19 90 66 59 14 89 77 88 97 78 29 75 26 97
85 30 78 58 16 82 83 99 33 41 4 18 16 85 83 17 19 22 64 96
65 59 82 10 91 14 67 7 14 39 8 82 37 37 64 4 92 3 12 91
93 54 61 74 63 22 66 79 72 26 36 89 93 4 29 24 93 86 63 7
43 41 83 78 72 77 72 39 87 33 90 51 90 33 9 61 29 53 34 9
62 58 94 32 27 89 85 97 22 95 35 9 3 7 31 53 68 94 47 55
56 87 12 23 58 67 12 54 35 17 13 31 83 72 52 26 81 15 57 97
37 45 53 48 45 4 59 63 24 96 12 30 30 78 84 25 89 58 41 75
15 47 24 98 65 23 93 43 27 28 21 70 54 3 28 31 41 42 76 8
25 54 53 20 52 12 60 34 97 74 23 73 99 6 44 91 23 35 67 3
80 40 99 33 66 11 39 18 43 22 71 92 21 8 83 22 90 36 3 53
94 34 26 85 92 35 90 45 34 80 12 52 24 40 17 99 34 77 62 18
73 87 17 79 96 65 31 27 59 52 60 58 87 60 43 77 38 30 33 33
9 91 17 40 99 61 2 80 78 53 65 50 38 72 55 2 4 60 69 50
58 12 72 76 89 67 37 37 38 3 44 81 35 49 26 95 4 33 70 56
42 15 44 12 94 64 5 92 86 35 78 41 16 78 78 8 42 61 59 87
28 56 8 6 95 84 98 21 25 59 57 21 78 50 37 35 29 34 69 12
79 35 39 19 14 66 51 35 45 31 99 71 5 28 10 75 3 27 12 80
20 77 6 50 99 99 7 73 54 34 97 31 76 54 71 87 35 65 87 35
88 47 85 37 36 37 10 22 74 47 94 48 71 91 86 23 13 76 24 50
64 53 95 3 97 11 54 68 34 38 77 39 61 22 17 16 2 15 92 22
3 29 13 85 26 11 99 20 6 72 17 74 36 46 61 58 94 47 87 30
21 66 20 46 12 25 96 40 11 12 46 39 80 22 94 45 70 86 99 44
3 33 97 2 61 46 20 16 68 62 59 93 8 17 52 74 21 77 64 63
96 66 91 65 36 20 35 96 61 33 59 94 62 34 34 19 71 52 52 25
63 15 2 78 79 60 13 61 35 12 22 17 16 49 96 64 54 43 89 20
72 2 48 33 23 47 59 96 49 29 32 34 32 21 89 36 58 39 76 91
81 32 47 25 64 43 71 66 48 34 79 97 49 49 51 85 10 59 92 2
54 4 89 8 13 77 15 48 16 71 23 76 25 89 19 6 12 79 24 34
19 97 3 5 33 81 52 63 5 75 85 98 71 58 32 79 52 67 9 67
16 59 83 86 14 94 42 59 56 31 60 28 22 93 40 50 2 52 88 13
39 34 11 90 40 9 45 41 11 65 87 34 21 87 18 92 80 5 51 98
55 25 99 17 10 39 30 23 22 36 29 44 58 63 62 55 64 85 77 40
38 97 55 96 69 98 83 29 67 11 44 48 3 31 35 29 6 30 48 74
60 65 80 28 56 43 77 3 92 84 89 40 51 70 79 31 17 75 91 81
35 11 46 64 83 47 75 39 95 10 89 90 73 85 97 63 69 81 69 10
49 58 45 24 96 61 63 80 13 78 31 77 88 38 7 39 10 9 77 9
74 14 59 45 25 58 78 45 64 22 41 7 51 6 85 34 50 70 24 54
81 79 69 54 54 58 87 10 92 16 18 31 4 58 73 46 31 51 27 12
8 35 13 88 28 2 79 22 23 66 11 24 24 80 38 95 80 93 47 9
2 84 62 57 84 10 91 35 73 96 27 76 32 2 28 59 88 33 39 84
8 13 46 4 82 80 27 17 30 31 80 84 70 53 98 21 4 48 56 55
18 80 12 47 87 60 46 63 16 28 47 35 67 12 15 37 37 58 56 52
70 35 60 58 49 10 90 93 80 78 33 38 62 18 55 80 95 20 72 6
84 71 45 65 52 48 22 78 73 37 81 43 28 26 5 85 44 32 64 23
96 20 42 88 26 29 84 29 56 61 48 98 93 6 91 28 79 43 53 65
28 60 27 78 3 36 53 73 18 3 44 64 82 43 42 21 98 61 17 87
25 91 99 75 9 10 83 36 2 61 95 96 34 48 43 20 35 75 73 20
58 19 11 91 8 71 66 80 6 84 4 38 86 79 84 86 96 92 22 85
37 83 23 89 38 68 87 30 54 92 38 81 50 30 37 91 83 37 50 61
44 57 87 13 89 96 31 95 45 50 88 37 95 46 71 66 45 46 42 5
75 96 29 51 26 75 48 90 9 83 73 62 46 17 76 96 61 90 64 22
37 81 16 24 43 89 42 84 14 16 10 32 14 38 16 88 38 50 64 83
65 95 33 19 85 97 90 13 17 78 54 87 64 57 94 20 84 95 3 85
68 22 59 70 49 21 33 3 39 29 55 83 15 33 91 40 70 38 72 45
51 10 33 42 89 4 52 15 75 19 80 37 29 25 89 87 4 79 3 81
95 98 5 74 35 67 85 27 89 32 49 12 73 11 3 36 23 54 35 30
99 54 94 62 32 60 68 79 3 28 32 71 76 84 94 60 81 56 91 32
74 56 39 48 37 28 4 88 92 54 77 84 23 70 23 48 77 34 22 51
34 30 35 51 17 35 74 24 80 53 12 85 91 58 35 63 44 30 53 8
38 61 43 10 71 61 61 62 9 14 99 25 75 42 43 17 74 11 94 88
7 11 12 51 77 65 14 59 89 15 3 81 29 55 6 81 92 87 90 72
18 91 39 17 2 44 30 17 16 9 82 12 76 76 55 15 32 97 47 66
93 92 7 89 5 87 88 15 27 60 95 22 76 66 89 91 81 73 63 93
48 76 14 31 57 53 19 43 22 33 98 94 36 7 86 50 50 70 69 90
60 47 57 5 6 20 58 57 90 56 17 15 24 21 8 13 87 58 8 79
80 33 61 89 5 69 81 78 16 73 78 48 17 60 80 81 59 64 90 58
27 82 71 95 65 75 90 9 41 12 83 38 52 67 93 5 70 11 22 8
87 36 46 43 10 73 68 30 57 82 66 21 83 51 6 50 79 98 55 31
8 67 38 91 52 18 5 24 30 55 8 58 62 66 74 37 49 75 91 87
3 15 73 92 77 33 30 30 96 92 66 63 86 96 78 85 38 79 7 24
36 40 10 31 98 64 19 53 14 43 62 62 24 31 61 48 19 32 2 12
59 86 72 60 25 54 21 29 24 48 73 77 21 6 52 4 80 74 13 53
76 66 83 34 43 64 44 72 3 43 30 30 4 76 83 59 80 15 37 90
62 45 52 32 34 69 35 80 75 78 64 74 3 31 97 67 16 59 98 77
53 57 75 67 14 53 66 49 16 96 80 44 34 39 7 84 47 19 82 92
12 37 11 96 58 33 58 9 13 12 21 36 59 40 86 43 55 87 10 21
44 19 61 4 55 80 9 13 45 6 7 26 30 4 25 22 52 99 66 59
88 81 85 97 42 47 86 9 72 80 98 8 61 67 13 48 38 34 2 61
16 36 10 97 95 30 2 30 53 49 38 57 40 40 4 31 23 15 87 30
57 26 6 73 59 83 80 86 52 42 38 57 31 66 82 33 33 27 12 94
28 87 99 70 12 48 25 49 16 54 15 5 53 32 11 30 48 73 60 52
9 15 55 22 41 99 20 25 73 68 82 98 37 85 76 80 24 8 84 12
6 75 51 3 61 61 31 61 72 72 19 57 11 67 6 80 21 35 15 6
99 5 63 88 55 16 17 39 95 91 30 65 73 16 26 22 39 68 84 66
36 43 72 66 77 80 26 71 11 97 31 26 67 72 97 83 2 14 82 97
72 64 93 25 87 60 35 63 75 39 99 47 9 96 5 37 46 64 61 99
10 12 68 79 55 35 8 8 50 18 62 72 82 27 74 79 48 30 97 33
9 47 9 12 35 54 57 46 44 39 10 66 2 37 98 24 94 45 88 80
56 74 53 39 46 54 46 64 70 55 11 11 50 86 32 45 18 92 4 55
42 8 74 47 12 71 59 95 34 10 16 49 68 76 92 43 6 10 71 65
3 17 35 14 53 97 27 23 86 6 6 28 47 66 16 40 60 83 3 37
77 10 9 10 49 23 74 88 54 89 2 86 3 27 43 69 66 57 96 61
51 83 33 78 75 62 42 71 23 78 29 44 87 56 70 58 67 96 20 47
51 19 20 64 18 63 32 99 6 51 17 99 61 29 21 22 84 63 19 78
40 68 31 61 26 59 3 25 61 93 84 54 58 90 77 30 24 13 86 51
18 16 13 12 73 99 86 7 30 23 85 19 99 45 30 69 23 54 9 12
54 14 7 64 39 57 42 97 27 30 37 31 68 67 77 8 34 23 85 48
80 9 26 79 69 17 7 87 64 96 15 12 63 93 21 26 31 83 29 38
29 52 33 86 21 50 92 16 29 12 99 31 33 15 27 87 70 87 79 67
42 26 95 93 76 86 97 2 61 18 82 73 3 92 77 68 80 60 19 10
63 44 99 49 11 94 19 24 33 93 52 86 87 12 47 97 22 18 60 76
37 5 53 4 87 93 55 63 76 29 99 54 89 11 80 80 50 43 56 41
5 28 49 97 97 32 10 15 29 8 51 86 5 91 38 36 43 68 16 82
12 3 95 71 30 69 56 41 66 66 74 8 2 64 66 76 85 79 64 77
7 63 95 90 95 25 6 82 87 63 46 81 32 76 87 36 63 68 13 94
17 72 32 95 21 31 6 85 91 83 11 3 8 81 25 23 67 54 19 75
70 24 3 28 49 63 52 96 84 88 54 54 64 38 96 87 29 22 50 25
41 79 41 77 13 30 51 78 50 5 97 6 28 70 34 64 10 62 90 55
91 55 16 79 65 26 50 67 9 22 68 83 29 9 31 4 51 2 35 16
