200 20
86 56 43 24 73 39 24 2 50 74 98 71 39 95 94 82 8 23 17 5
73 44 54 41 52 6 18 49 70 16 51 8 32 21 6 50 88 32 20 48
86 21 97 8 95 29 9 45 71 88 27 80 12 89 16 14 29 5 40 36
92 81 91 21 47 54 88 7 91 72 89 38 85 63 41 99 10 3 21 17
83 56 53 19 17 76 53 22 41 17 87 31 95 55 9 22 20 18 90 81
57 55 16 11 29 48 58 25 73 40 35 99 30 89 86 7 32 61 90 2
39 62 97 72 46 89 27 7 16 71 24 38 71 87 59 79 85 43 62 69
88 68 39 96 11 12 31 58 29 13 45 67 49 59 77 43 74 60 70 15
45 93 13 30 86 91 9 57 6 60 5 43 24 51 24 42 43 57 14 58
29 78 7 23 84 24 2 14 10 28 53 25 78 96 88 95 73 28 60 27
33 7 3 37 81 42 50 42 36 97 54 26 35 87 78 50 17 33 60 85
81 85 70 17 52 88 44 38 13 18 25 23 79 98 83 49 57 50 89 65
60 99 42 36 76 23 98 33 72 86 7 24 7 19 23 26 43 79 19 43
70 44 56 27 80 55 42 98 30 72 68 83 24 29 88 66 4 89 78 70
80 30 11 81 71 25 62 4 78 38 54 84 76 40 41 14 64 54 4 48
2 88 89 84 49 48 9 51 60 4 27 95 96 21 56 72 29 71 18 73
16 72 70 47 66 75 61 88 94 43 38 90 38 31 46 21 10 37 58 61
96 48 64 51 64 82 99 21 11 68 39 21 89 54 6 48 14 69 19 85
52 44 85 47 16 22 5 45 48 43 51 82 81 33 11 58 5 2 4 27
83 57 18 76 5 59 85 67 43 76 39 60 36 3 77 57 22 38 33 55
26 10 79 37 28 39 55 5 3 4 62 38 7 92 73 78 8 75 34 44
29 13 66 42 81 12 90 25 58 17 92 58 68 54 49 93 16 4 36 58
77 21 17 31 19 30 29 64 36 20 23 52 52 57 90 47 51 74 74 49
53 33 61 86 2 70 76 15 39 11 96 25 65 6 85 84 35 70 46 72
91 71 75 57 7 20 55 99 73 38 20 31 22 40 72 43 33 11 2 14
3 38 70 10 28 98 77 32 13 59 63 46 96 70 83 99 32 88 63 50
44 61 2 24 50 95 16 62 92 70 40 71 73 5 48 97 48 22 15 20
3 9 97 76 43 52 96 94 97 12 16 22 92 23 87 89 34 32 21 96
81 27 40 53 62 12 30 75 8 42 94 20 57 83 15 26 63 30 51 68
54 64 73 6 73 66 40 58 68 22 24 93 12 85 22 38 77 96 10 72
86 90 63 63 47 10 18 7 13 31 18 27 52 6 80 55 33 66 36 19
57 54 58 58 49 62 14 25 76 38 47 16 54 22 25 13 60 87 97 20
40 18 57 76 13 51 93 17 80 39 36 71 66 39 21 44 54 17 81 22
46 77 45 41 15 29 91 19 84 22 11 77 40 63 57 19 83 77 54 77
85 81 54 14 26 95 38 27 62 54 46 41 24 78 66 92 87 18 11 2
74 33 59 71 77 52 99 95 27 48 57 56 9 95 4 71 39 66 7 63
44 84 26 93 57 68 38 64 21 82 49 26 77 87 93 58 12 51 89 7
60 26 4 66 49 87 72 95 15 2 96 2 73 53 3 61 8 6 75 85
89 49 67 48 99 93 32 37 87 2 9 60 34 92 27 50 59 97 50 38
80 92 84 73 66 42 24 86 76 75 44 55 30 95 66 72 70 92 13 72
43 81 10 86 44 77 14 91 18 94 5 56 71 64 72 40 51 19 32 65
65 44 94 75 63 93 23 98 50 62 78 34 47 79 25 40 87 48 19 15
29 14 2 76 20 83 22 94 99 74 11 62 64 58 83 92 95 82 65 32
16 61 14 61 79 76 75 91 79 63 7 46 89 64 81 7 75 40 39 88
62 19 9 74 84 27 19 93 98 90 49 39 50 15 36 79 56 28 7 27
31 95 52 41 58 74 18 35 51 70 17 34 52 11 5 85 83 82 97 36
71 4 71 52 92 62 88 25 12 18 27 72 54 90 10 6 36 75 77 5
33 57 58 64 61 97 57 99 52 65 34 47 4 57 68 85 6 79 73 15
78 61 27 92 66 54 70 63 61 14 14 6 34 58 22 65 29 67 50 26
84 31 34 60 71 51 71 32 19 39 44 70 63 83 87 95 71 73 56 75
32 44 58 25 87 53 61 64 33 76 99 97 52 3 58 83 8 50 94 39
72 65 40 69 66 39 28 97 43 93 53 7 83 39 52 5 24 26 44 8
12 45 21 45 61 83 53 80 26 10 75 42 21 26 71 60 54 17 66 47
3 61 63 77 11 12 98 87 10 66 39 90 30 71 37 68 65 73 65 35
20 42 18 96 6 14 7 19 62 38 76 55 62 33 49 77 5 62 70 94
97 32 82 99 30 77 83 68 2 28 13 7 84 63 55 3 13 43 83 83
34 77 86 92 65 25 33 30 25 8 26 73 29 54 48 93 16 77 98 44
33 48 68 31 75 34 55 96 49 49 23 76 27 68 69 61 76 28 88 5
61 98 74 18 24 87 41 46 10 88 42 2 55 42 32 82 15 59 79 47
77 72 59 23 17 6 16 16 88 10 44 98 46 4 18 16 76 29 16 80
53 73 10 46 64 39 8 54 36 90 89 55 90 20 96 76 58 54 82 36
24 57 15 37 57 90 54 16 30 67 68 35 7 17 23 86 25 51 93 94
45 38 44 96 48 99 33 25 42 96 11 71 13 31 59 68 70 91 19 80
85 21 72 20 54 3 85 78 16 91 48 48 15 19 94 13 52 34 6 23
72 14 89 96 28 94 55 71 38 62 58 6 50 25 96 85 88 66 26 34
12 59 46 71 39 63 20 5 89 77 33 68 9 68 13 63 33 50 24 43
18 36 93 72 17 38 69 99 54 83 92 79 32 20 29 21 4 86 98 82
3 82 72 97 34 24 89 64 7 92 86 78 69 59 57 36 62 61 41 85
59 84 25 68 15 50 60 87 2 90 85 37 2 80 33 84 62 46 57 55
87 73 24 78 91 21 81 46 65 33 17 9 73 77 53 12 89 61 56 59
42 32 15 62 24 21 89 11 9 92 59 89 85 59 39 48 91 67 85 85
68 21 5 29 94 52 15 75 4 44 93 79 49 37 28 52 32 82 61 3
32 74 66 81 97 60 40 2 30 57 2 40 18 19 53 13 34 44 74 12
53 39 87 28 29 24 85 85 67 56 69 42 85 38 61 20 8 98 4 72
14 29 49 87 47 68 18 35 95 22 36 51 97 68 19 79 2 85 76 17
2 88 93 34 40 18 54 22 18 55 80 74 47 12 34 99 87 37 72 44
96 23 42 32 93 21 51 17 22 56 92 4 94 9 27 27 64 73 21 13
94 8 20 68 14 49 14 59 3 75 26 58 96 31 69 10 85 76 99 47
29 73 92 80 16 34 16 22 42 15 91 69 87 33 42 60 7 59 70 16
18 78 83 11 76 57 13 70 32 51 82 55 97 20 79 77 10 63 24 28
61 3 42 51 71 19 76 19 52 36 11 21 42 15 47 67 70 90 65 42
8 67 16 85 53 21 70 71 33 18 30 61 10 77 70 72 77 94 74 14
21 80 88 49 71 40 84 33 58 37 40 74 36 55 9 56 91 26 76 28
21 98 92 97 72 19 93 63 5 55 88 36 93 92 40 81 77 84 10 53
42 27 71 56 35 29 74 15 75 34 11 20 10 35 81 41 63 48 37 37
66 73 68 97 82 59 90 22 11 45 67 40 93 80 6 59 92 51 26 63
87 82 2 72 6 75 63 96 42 94 54 51 39 97 42 67 99 27 60 61
75 14 74 55 6 89 98 25 85 69 14 38 52 98 10 82 55 82 19 60
23 11 39 5 7 27 39 17 89 9 81 4 93 22 62 39 59 37 79 3
41 29 64 61 41 14 33 88 47 91 29 90 18 27 28 12 47 70 98 47
62 40 73 5 98 64 16 13 12 70 12 53 14 78 79 83 12 58 15 12
45 20 96 17 4 96 18 81 45 41 66 38 51 64 20 89 83 93 78 28
83 52 4 82 14 53 27 38 45 30 13 75 74 31 67 43 91 51 34 29
22 27 73 87 31 35 38 51 67 7 47 49 11 60 45 80 18 72 79 22
77 33 71 40 76 40 75 62 76 3 54 40 89 31 67 94 24 69 45 23
66 13 36 23 91 4 53 76 93 25 91 54 97 89 38 87 50 21 83 56
12 50 14 65 67 71 36 13 72 4 59 90 60 15 37 90 42 84 36 30
15 91 49 29 59 73 12 12 87 20 80 58 52 41 55 50 71 8 76 97
24 50 64 84 88 2 40 91 38 99 28 89 77 21 99 90 10 5 81 14
62 32 88 60 89 11 77 31 28 78 24 60 67 58 16 97 35 12 25 91
39 17 70 53 98 26 24 2 8 65 69 95 51 51 57 28 83 72 26 62
33 57 85 25 31 20 88 22 13 57 34 86 62 34 70 26 91 13 96 26
31 7 34 60 55 60 53 46 3 12 96 17 68 8 96 46 11 36 8 66
21 39 23 96 5 68 54 51 86 55 93 56 82 33 36 10 28 84 17 54
10 66 98 59 79 49 66 56 62 98 26 14 15 82 54 45 67 28 9 60
97 82 14 21 62 81 68 55 66 69 74 59 67 97 55 50 94 63 74 66
28 73 11 13 49 48 41 31 80 13 98 29 57 26 90 23 20 41 53 3
99 43 9 23 27 71 36 24 49 9 79 96 43 63 16 52 90 84 54 49
56 82 46 12 12 33 5 95 35 13 68 60 86 84 89 77 95 9 98 3
31 34 28 97 78 43 26 52 40 89 79 62 81 32 81 72 70 28 77 6
67 59 39 10 31 97 6 53 27 60 32 24 20 31 38 75 92 29 4 25
93 46 33 6 99 9 10 11 95 45 15 95 3 99 29 83 63 60 50 36
61 71 66 62 75 45 51 58 36 34 55 69 9 13 8 71 75 93 70 24
9 93 17 30 40 23 43 59 94 9 98 2 54 66 59 6 57 25 10 68
16 28 5 9 29 40 12 13 57 10 34 12 19 26 70 66 80 14 30 59
92 90 61 27 31 54 77 51 99 90 89 80 53 37 5 54 62 67 75 38
74 48 40 95 85 87 76 98 35 28 67 81 93 59 3 38 16 87 2 41
17 98 28 20 39 99 6 46 3 46 99 4 11 58 3 86 59 83 54 96
74 64 50 94 83 86 18 7 33 13 39 57 64 93 55 73 60 52 4 13
6 47 14 63 22 20 14 59 9 99 25 89 31 86 81 52 79 15 42 37
25 5 58 22 36 17 62 50 19 65 71 45 66 61 71 26 99 46 96 97
94 38 63 42 67 62 44 89 32 71 30 46 17 80 98 93 79 58 46 81
5 95 79 95 25 20 22 29 44 29 48 14 78 97 61 56 86 66 26 19
96 29 28 7 38 54 10 12 37 7 39 39 10 39 69 95 54 61 34 97
38 59 67 35 34 79 15 3 37 46 61 25 86 55 65 42 42 40 99 37
29 56 99 51 20 23 2 44 74 19 91 49 40 37 37 75 62 15 39 66
96 63 9 98 19 87 31 94 68 82 98 76 63 27 81 74 37 98 28 94
13 52 50 93 45 82 21 6 21 23 72 52 96 92 30 32 67 55 74 80
23 87 83 84 14 77 7 39 13 9 19 27 7 65 84 11 95 88 37 13
53 5 72 17 17 79 9 16 29 3 37 9 47 16 63 29 17 70 95 19
98 83 77 24 37 75 73 72 72 77 99 18 37 49 20 24 66 31 67 53
21 7 19 91 4 19 5 52 74 68 60 74 86 85 68 4 60 66 82 66
10 40 28 54 60 81 17 69 51 18 54 23 55 88 59 66 38 28 3 62
23 62 49 62 29 48 48 29 64 53 21 44 58 31 58 88 40 45 84 92
42 69 15 16 5 22 91 21 22 54 82 76 44 97 69 55 11 95 90 53
62 31 29 59 59 96 71 99 82 21 2 90 81 57 38 11 17 39 15 41
54 87 17 98 75 27 82 69 72 64 89 15 88 68 11 8 89 10 84 26
45 87 92 97 58 90 52 28 2 67 24 57 85 84 9 23 64 49 8 56
25 72 75 67 46 37 57 51 8 41 63 91 87 84 43 82 54 9 98 93
40 60 80 14 30 55 68 24 37 88 97 32 2 23 64 7 44 31 72 47
61 63 68 46 46 97 80 72 89 41 52 49 29 50 75 86 56 64 10 32
80 41 57 73 70 41 68 33 80 57 15 77 65 24 72 68 83 77 28 21
71 39 15 61 20 28 99 36 16 60 45 13 11 59 90 46 45 89 44 73
85 79 99 25 87 28 5 65 25 32 56 72 73 3 60 6 24 60 28 7
80 46 83 28 42 91 39 14 89 38 7 56 14 41 23 96 21 31 66 4
78 37 76 57 67 7 46 76 13 35 37 7 19 40 82 97 55 28 46 38
24 36 89 72 93 48 82 24 64 15 67 22 67 83 36 50 71 36 14 7
59 26 60 27 89 36 93 63 52 52 98 72 35 57 3 64 20 25 92 55
49 72 30 92 72 22 7 76 21 19 54 61 72 62 85 28 56 53 76 34
18 60 58 69 86 82 8 77 21 26 69 22 64 41 88 49 31 9 37 12
63 41 77 56 71 38 94 72 23 2 89 38 66 58 61 17 13 17 96 14
97 82 24 7 21 77 70 58 83 14 24 34 70 40 12 53 86 25 96 68
99 72 97 79 51 90 61 2 44 38 22 43 61 22 52 83 51 14 36 33
60 47 26 22 27 56 64 31 52 95 15 81 97 27 24 14 23 21 7 38
88 85 79 73 20 99 80 43 25 95 22 52 90 78 53 4 98 98 98 40
55 71 4 18 61 75 10 26 79 91 58 73 88 47 84 75 22 31 2 85
39 22 44 43 96 11 43 96 41 90 27 86 99 28 7 6 35 82 26 87
5 69 36 72 3 17 86 72 81 87 87 72 36 91 50 45 3 24 76 77
30 27 32 9 79 13 78 79 24 87 36 45 59 70 9 21 82 71 29 66
96 28 18 52 21 8 77 82 13 47 18 97 72 86 14 13 54 62 77 14
85 97 68 55 9 98 17 69 7 60 44 56 18 68 72 76 41 81 46 68
9 59 38 57 7 55 62 91 91 60 40 45 4 41 27 26 46 94 4 91
79 95 27 66 48 52 22 56 3 77 20 16 25 98 90 20 90 22 94 59
8 94 90 50 64 3 63 89 38 83 48 71 14 90 46 47 49 30 47 82
67 24 97 96 24 52 10 39 74 84 23 28 7 72 24 5 84 26 21 22
35 57 68 3 30 28 88 47 49 59 63 95 20 9 10 84 53 4 27 36
42 67 28 66 17 25 90 93 64 75 15 20 77 62 95 71 83 56 48 4
87 41 86 47 9 64 38 32 39 14 12 77 90 32 93 47 19 8 99 51
95 36 4 57 55 31 79 57 80 79 10 88 57 42 98 36 30 93 10 92
45 51 55 34 3 15 5 57 17 38 96 18 44 54 82 27 49 32 28 80
74 13 24 72 55 66 21 85 60 10 10 10 29 97 48 83 2 34 55 67
85 83 43 14 62 54 13 32 38 96 13 47 6 4 55 65 25 86 50 19
63 63 74 31 12 5 43 5 41 67 50 21 73 79 93 27 38 27 60 31
30 9 37 41 53 89 44 13 86 84 14 80 61 28 39 59 5 86 36 51
5 36 43 76 61 8 21 26 70 71 30 89 7 47 94 34 86 23 81 27
21 60 41 22 58 16 98 78 14 69 4 90 64 10 40 50 92 8 52 48
93 33 53 9 91 46 18 93 5 25 55 61 76 95 15 36 90 90 71 22
38 46 95 20 32 83 75 53 16 44 63 89 40 43 21 47 47 95 27 2
30 74 92 34 39 71 62 80 17 22 58 70 73 39 49 79 44 56 34 86
47 76 24 64 85 87 61 30 42 78 71 38 64 14 88 46 67 49 16 42
72 28 74 73 53 88 65 42 79 38 30 23 66 85 70 12 24 69 93 55
24 58 47 73 8 26 46 84 15 36 18 15 6 14 54 29 28 28 64 51
7 74 96 93 70 12 28 41 77 46 95 73 61 47 14 37 41 93 38 68
19 98 95 13 82 26 84 11 83 73 34 15 56 53 69 27 42 14 52 93
84 75 64 47 80 38 70 93 2 83 28 11 34 35 14 7 49 90 69 5
43 24 38 76 61 34 89 25 17 4 97 52 56 45 54 75 6 91 12 61
85 98 29 94 63 94 88 70 35 59 36 19 8 63 93 66 76 92 83 91
72 17 40 82 82 60 5 42 85 28 25 31 80 32 29 88 96 87 11 52
92 69 80 92 52 45 32 92 55 22 44 39 37 72 58 62 92 19 57 4
95 6 62 31 10 66 39 49 5 78 75 30 4 77 28 40 67 80 14 85
27 2 45 64 21 71 63 38 25 54 44 56 79 58 33 91 35 45 21 99
44 79 67 8 94 92 50 39 47 18 59 93 52 45 37 35 83 40 91 2
98 73 44 40 84 70 13 35 74 80 18 36 55 9 66 97 12 97 77 26
12 23 84 5 19 7 31 63 28 72 37 9 30 23 60 24 11 3 99 92
50 44 76 31 62 92 48 77 10 48 55 56 20 72 43 67 61 67 41 33
61 7 7 58 39 8 17 35 44 82 83 90 47 81 20 78 12 63 83 63
4 69 26 17 82 64 15 55 97 25 4 27 38 60 30 33 30 58 15 5
4 19 45 46 64 12 25 33 73 28 52 58 7 27 58 72 30 24 42 50
69 84 51 98 97 79 81 10 93 11 5 41 66 88 4 8 27 64 2 75
88 83 67 81 3 13 83 68 55 52 29 77 50 14 10 61 83 30 57 44
