200 20
42 86 24 55 76 79 65 74 22 57 14 26 26 14 34 29 45 19 11 67
46 83 29 39 77 84 70 86 33 82 10 35 27 16 50 40 72 33 9 74
49 81 22 72 79 83 68 89 21 70 9 31 37 22 43 39 62 27 16 66
47 92 29 61 91 85 66 86 20 74 7 29 28 18 41 38 49 19 6 79
42 83 18 27 74 76 67 70 22 82 18 25 20 20 65 23 40 25 9 63
36 92 30 29 63 89 84 78 43 90 11 31 20 8 26 29 46 30 18 72
39 82 32 48 78 90 77 85 20 71 9 27 18 14 63 41 61 32 7 63
38 75 32 65 77 89 64 85 28 41 11 39 24 19 19 33 76 32 4 55
33 89 26 55 84 87 70 90 26 86 37 44 30 8 30 38 53 22 8 63
46 84 14 61 72 69 79 90 43 75 16 27 15 11 24 37 76 13 12 80
29 95 26 52 75 89 74 93 31 70 12 21 24 17 44 37 39 33 6 74
28 77 15 64 72 86 61 84 45 81 16 43 24 11 42 28 41 33 6 46
26 91 32 57 76 92 68 68 14 77 21 42 22 14 35 35 57 20 10 71
42 79 11 25 67 79 68 76 26 73 15 43 33 12 42 54 59 47 6 63
42 97 39 60 81 90 58 87 24 69 13 26 26 16 34 27 61 27 7 45
44 78 20 52 77 82 70 92 42 80 24 29 33 13 44 41 26 25 24 78
22 89 48 46 70 88 74 93 39 66 12 39 10 22 41 41 73 20 4 63
46 90 34 53 73 97 56 90 48 80 14 24 36 15 19 32 43 16 12 60
52 94 16 54 85 95 64 80 41 82 12 35 17 18 31 31 46 18 7 54
54 76 23 61 81 84 63 87 21 49 12 41 34 20 26 30 45 37 8 63
41 76 21 49 78 86 63 82 32 77 8 57 24 18 47 24 49 20 11 53
46 90 22 68 82 91 73 88 19 57 12 39 17 17 42 30 51 23 24 55
47 88 27 53 75 89 73 82 37 84 15 29 24 26 61 42 56 19 3 59
52 87 12 65 58 85 73 80 32 83 5 38 15 6 33 29 35 22 7 75
55 75 23 58 84 89 78 67 40 88 5 46 18 19 43 29 62 25 11 51
45 75 26 51 58 91 77 91 16 80 23 26 23 21 42 26 37 18 18 63
42 79 33 49 74 86 89 94 42 71 20 51 20 6 40 44 45 28 8 58
32 83 22 60 78 84 55 90 20 77 11 37 29 11 32 44 30 30 5 32
23 81 22 64 84 87 63 92 26 61 9 33 27 6 52 37 50 33 8 56
34 85 36 58 84 91 80 90 34 78 10 52 27 19 30 33 44 28 22 65
57 90 41 62 62 84 78 84 46 86 8 40 43 7 45 35 48 27 3 86
46 90 14 71 65 84 90 94 28 92 21 37 35 14 42 8 44 20 10 79
49 89 18 43 64 92 67 91 35 80 11 27 23 7 34 53 70 44 6 75
47 90 33 59 71 81 71 75 22 62 8 23 23 10 43 30 60 12 6 70
41 70 25 47 62 86 76 95 15 61 13 25 14 33 56 35 60 21 13 48
52 93 27 53 88 85 62 81 15 85 10 24 35 27 35 23 43 29 16 47
60 90 39 39 73 77 61 92 29 83 9 28 25 20 39 29 51 36 9 62
35 88 22 66 75 88 67 76 20 75 7 39 24 7 27 25 60 44 7 48
30 80 28 41 83 89 72 86 16 82 20 29 21 23 30 14 69 32 11 46
49 93 40 30 89 83 82 92 43 67 8 38 21 15 34 29 69 31 7 59
30 84 47 45 82 75 66 91 56 78 6 48 16 11 33 33 46 33 17 60
46 74 15 59 84 90 82 89 37 87 9 60 38 20 46 49 59 23 10 44
22 89 29 59 57 83 74 79 18 80 9 59 30 33 58 34 55 31 21 69
32 92 16 54 53 90 59 79 44 81 24 20 30 20 39 38 38 28 16 72
46 86 17 41 82 88 79 88 33 72 19 53 31 19 61 48 58 39 4 47
43 91 22 36 85 77 66 86 18 83 17 30 9 6 26 38 34 35 13 77
68 92 30 43 72 83 82 86 24 65 12 56 27 15 24 28 76 23 11 83
53 94 31 60 88 81 65 68 17 61 11 42 27 6 28 37 54 22 4 65
34 89 22 46 82 94 74 91 31 86 10 38 60 13 52 47 59 23 11 51
29 86 34 50 48 82 50 76 32 88 7 27 13 17 45 24 50 42 10 47
49 80 15 53 58 80 74 82 15 66 15 32 27 11 41 30 33 25 4 49
39 70 18 53 79 93 67 70 30 75 12 32 21 21 50 47 38 26 12 70
39 92 35 54 84 89 69 87 42 87 14 22 28 8 66 39 64 16 11 46
40 85 40 67 75 88 57 84 44 88 8 44 26 21 44 47 64 32 12 74
41 80 17 43 82 82 70 85 36 88 22 55 11 9 41 25 47 18 6 46
52 91 25 47 77 81 72 86 27 78 22 18 21 17 27 28 50 15 10 37
43 84 24 40 80 82 80 78 40 64 7 48 26 12 42 42 61 23 8 76
56 89 12 65 87 89 83 84 26 77 8 35 16 29 48 34 60 28 13 65
52 85 17 45 77 82 72 85 24 82 17 32 17 12 41 17 47 33 15 42
45 84 29 53 77 79 75 83 35 84 6 23 24 16 67 51 41 22 14 52
44 77 33 53 85 82 61 95 25 74 8 45 15 18 30 29 34 26 7 70
45 88 13 49 88 88 69 81 26 53 9 34 26 25 37 19 39 34 7 45
50 80 37 61 78 80 78 80 38 78 9 28 26 31 34 34 49 54 11 63
43 84 21 50 84 91 67 88 41 91 10 28 15 26 41 50 54 33 7 58
38 85 27 63 90 93 65 84 37 68 30 19 32 14 53 35 45 27 6 62
60 90 14 62 74 81 88 84 27 82 9 25 17 20 54 41 36 25 11 58
57 88 22 77 64 76 69 88 20 73 9 32 25 26 39 37 38 13 18 33
65 83 37 76 75 79 63 89 45 66 5 33 21 13 38 23 57 43 5 58
41 87 25 57 84 81 76 84 15 81 5 27 9 14 35 47 50 25 9 62
48 82 22 49 81 94 89 57 27 82 6 34 29 18 29 31 59 32 4 43
40 84 26 60 71 79 85 79 32 82 19 21 34 9 33 26 46 27 11 60
39 82 19 72 80 88 58 88 33 67 6 43 29 12 41 47 74 32 18 52
48 88 36 34 73 79 61 86 17 88 12 32 41 10 43 34 49 45 8 71
52 85 40 47 72 84 58 86 27 81 12 46 14 16 40 28 43 29 10 54
43 81 20 74 81 80 70 82 47 64 10 24 21 29 57 30 73 23 12 63
52 76 12 60 71 81 72 91 15 73 11 38 22 9 42 16 58 47 6 64
52 88 17 60 89 86 75 84 25 68 24 30 7 22 46 60 41 38 6 64
50 76 19 63 76 75 61 80 19 78 11 32 20 25 40 34 61 28 12 67
43 87 19 40 78 81 65 89 43 65 10 35 20 20 45 23 67 33 6 79
57 83 40 61 66 57 51 88 42 74 28 20 19 15 48 30 37 25 12 70
52 84 30 26 86 87 57 93 48 79 8 38 33 10 46 26 49 30 7 74
46 91 19 42 75 85 67 88 25 62 18 28 40 7 39 47 68 48 6 56
54 92 28 59 92 78 77 71 32 81 11 40 24 17 43 15 68 35 26 35
39 88 20 68 73 86 73 85 30 87 15 50 18 20 39 37 59 21 9 64
39 89 26 33 68 86 68 72 41 93 15 33 20 14 39 31 60 25 7 61
52 85 47 76 75 87 65 69 34 85 15 37 39 21 53 37 38 38 13 76
51 88 35 58 78 87 74 92 46 79 9 52 18 11 32 37 68 23 10 67
39 84 18 59 70 93 70 95 56 75 3 48 21 34 51 43 55 43 9 68
58 93 15 54 70 92 67 66 37 76 8 27 29 16 60 23 58 45 4 65
66 71 24 60 55 96 56 96 41 73 8 10 11 17 34 32 54 23 9 73
34 84 12 42 65 90 56 89 26 78 10 39 47 18 47 35 46 47 12 60
50 85 27 59 47 91 69 90 30 56 19 41 23 18 61 35 39 45 12 69
51 92 20 53 82 68 72 84 20 72 13 21 18 15 44 33 44 26 11 56
51 91 35 57 69 67 81 82 15 85 10 36 60 16 49 53 42 37 11 80
52 84 23 60 82 84 80 91 43 64 11 25 23 14 32 34 64 44 4 69
50 84 34 64 70 75 83 83 31 76 5 28 18 22 54 30 63 22 18 60
41 90 10 57 81 94 78 84 29 75 11 34 21 13 64 37 52 9 10 60
54 88 16 26 79 86 75 83 35 77 5 18 20 10 38 40 39 25 3 66
36 89 26 60 85 78 64 91 42 77 7 21 31 10 37 28 46 38 6 72
33 58 11 48 72 77 67 87 28 72 14 35 8 12 39 45 51 24 6 76
49 84 38 49 88 91 67 90 27 79 15 48 24 32 20 54 39 28 8 80
56 79 38 60 64 92 75 89 35 56 8 27 17 14 41 34 74 36 15 72
32 88 27 56 79 86 73 77 30 75 10 24 19 14 45 43 50 46 18 39
60 88 23 43 68 78 65 90 31 66 25 25 11 17 38 38 68 26 9 60
44 87 20 30 68 80 67 79 42 78 26 25 18 14 36 24 63 23 6 81
42 88 15 58 64 89 38 77 29 58 7 15 24 11 57 29 46 22 6 39
49 76 53 60 79 82 76 81 28 77 12 21 24 23 44 15 56 22 5 76
34 88 33 58 82 91 75 87 37 55 16 18 32 25 50 28 61 25 6 58
33 79 33 57 70 82 60 93 21 84 13 18 32 12 35 31 50 12 7 50
39 67 28 61 88 81 87 78 25 55 32 20 25 17 38 36 37 23 18 71
66 82 12 48 72 78 53 79 39 80 13 26 34 26 72 31 47 23 13 68
30 79 23 62 74 91 76 86 61 72 18 39 12 11 25 24 33 38 3 64
59 85 33 62 62 93 71 77 37 78 13 41 20 16 25 39 58 30 12 75
64 85 26 62 75 84 72 83 41 82 14 24 28 17 45 25 55 28 6 57
58 89 7 67 79 77 59 64 15 68 9 37 14 18 27 43 34 29 8 63
45 85 9 75 83 88 69 86 40 84 8 23 31 12 31 25 41 42 7 73
53 79 19 40 87 87 72 79 20 58 14 31 31 14 45 26 47 25 14 59
34 95 38 55 70 94 83 90 26 82 12 38 35 16 26 24 51 20 9 80
60 82 29 42 79 88 79 83 33 82 10 16 24 7 43 47 55 18 9 64
35 88 14 46 69 91 57 89 37 80 13 50 43 10 49 16 58 36 6 51
34 80 23 51 81 85 75 92 19 64 12 33 33 10 44 43 58 22 10 65
33 84 26 61 71 76 73 77 33 78 13 26 24 15 26 32 48 20 6 70
32 81 18 75 65 90 71 89 36 91 25 28 34 10 47 31 35 29 13 61
59 96 22 48 82 85 84 87 29 58 11 35 30 16 33 35 64 16 4 60
46 81 29 39 89 91 83 93 37 76 8 38 20 39 44 49 65 24 8 53
47 84 22 58 60 83 80 86 16 69 15 26 12 18 44 44 58 18 20 46
40 85 24 46 73 82 68 91 19 77 17 26 30 17 27 15 49 27 14 66
36 87 14 58 65 91 79 85 42 87 11 42 31 7 38 49 49 21 17 77
55 87 24 70 75 86 77 80 16 79 13 24 8 13 34 43 73 36 5 57
46 87 44 44 77 92 50 84 32 81 6 39 10 11 38 24 29 26 7 58
35 92 36 42 75 85 84 92 37 69 6 39 38 8 38 44 48 28 5 74
19 94 14 41 80 87 78 78 23 59 13 31 25 13 35 8 44 13 7 85
35 96 35 41 75 82 62 94 24 68 8 44 9 14 37 27 46 27 9 64
56 97 32 62 82 86 71 94 30 79 13 26 22 19 20 56 51 43 6 57
54 78 39 61 76 76 65 89 28 76 23 32 35 16 47 33 48 29 9 72
64 85 19 80 86 92 69 93 35 75 16 20 27 9 46 41 51 28 4 79
49 86 24 51 72 87 50 69 24 82 21 40 18 12 45 36 42 35 9 56
33 91 14 45 83 91 73 92 28 85 14 46 47 6 30 51 46 24 13 65
53 76 27 33 73 87 74 87 14 85 12 30 34 10 45 23 38 21 12 62
31 85 22 67 76 89 64 89 27 69 14 28 33 26 45 19 41 38 8 91
53 82 37 70 41 94 83 77 40 89 7 43 47 15 21 33 59 24 8 83
44 72 23 66 82 88 62 85 32 79 3 30 28 16 49 35 38 15 10 67
42 77 23 58 84 96 74 81 36 80 8 36 31 10 25 41 66 14 16 65
50 80 30 52 74 95 79 85 29 74 16 43 32 5 51 26 35 28 12 55
44 77 33 53 66 72 58 93 27 84 7 34 24 11 37 26 33 16 7 65
70 88 22 66 69 64 80 82 56 80 15 34 22 15 40 42 53 26 13 50
42 93 19 67 65 88 67 93 34 85 10 43 22 18 35 19 49 25 14 60
35 92 14 38 66 96 88 77 21 83 12 31 33 16 27 40 44 31 9 67
47 90 29 67 72 89 72 81 27 60 14 33 22 14 42 36 52 29 5 78
46 59 17 42 71 83 75 78 55 80 15 41 16 21 41 30 32 40 10 55
52 91 28 54 70 73 61 88 30 65 12 27 16 31 40 24 39 29 12 70
34 76 22 51 64 75 78 86 47 89 5 38 28 8 46 28 50 27 10 68
47 66 27 69 78 88 61 76 30 87 23 23 35 18 17 22 24 33 13 49
55 92 38 37 81 91 67 95 22 69 10 52 26 11 44 40 52 36 24 77
36 91 18 69 72 90 72 95 43 84 11 57 32 13 47 31 33 44 5 55
54 86 20 49 62 71 68 86 33 90 16 49 22 18 41 31 40 17 8 61
37 89 29 57 69 90 73 85 22 64 14 34 14 9 26 20 24 21 8 66
67 89 13 59 85 89 66 78 39 81 8 49 26 19 25 23 53 20 6 78
54 80 34 69 92 90 77 84 40 88 12 32 17 30 30 18 51 35 29 74
43 84 29 50 88 92 67 90 32 78 15 24 52 14 42 24 45 29 15 59
25 85 15 66 83 85 55 90 29 84 7 43 32 17 41 48 43 16 8 69
68 86 26 60 79 92 84 85 58 80 13 22 36 10 43 56 55 18 15 57
36 87 17 39 78 83 82 89 23 89 9 34 25 31 43 40 51 15 6 79
46 88 24 49 78 87 58 84 30 80 4 33 36 19 35 47 44 43 7 43
35 89 26 69 64 90 62 96 28 80 16 32 24 28 25 37 58 44 11 71
23 67 23 46 73 85 61 83 58 64 16 33 10 32 35 41 65 25 8 76
67 87 38 76 78 91 86 83 48 68 6 44 21 19 18 33 28 30 5 72
34 78 16 53 74 88 70 92 62 71 10 32 28 11 50 35 48 27 5 61
44 84 31 47 62 90 69 81 40 80 10 25 49 9 42 38 54 24 13 61
55 79 29 68 84 90 91 62 25 54 12 31 27 11 41 43 48 31 7 62
54 80 19 46 84 74 66 84 34 88 11 25 12 15 40 46 58 19 12 60
49 93 28 38 73 86 68 92 28 72 9 40 9 21 16 52 56 34 14 57
40 89 24 61 75 81 79 86 38 79 10 47 15 20 46 34 61 29 9 48
58 81 22 51 83 85 54 79 33 75 12 27 27 14 29 41 50 50 12 78
47 82 17 69 81 81 76 87 28 67 6 42 38 25 32 35 40 24 16 66
55 89 34 58 70 73 77 95 29 80 14 46 17 24 27 31 45 28 8 65
38 92 27 57 63 85 61 67 28 74 7 35 16 15 38 18 48 39 13 69
39 68 24 52 75 79 58 87 55 86 8 33 35 15 41 27 49 39 7 82
44 94 26 74 70 87 66 61 25 81 12 22 24 15 23 29 61 9 20 52
67 82 27 35 66 86 54 91 24 82 18 46 18 15 31 46 49 22 10 65
53 86 42 60 72 94 74 87 30 78 8 25 19 14 37 29 51 21 7 64
30 88 25 45 69 83 75 88 29 81 18 32 18 21 26 24 58 26 6 67
69 80 39 55 74 93 69 92 14 80 16 39 31 17 58 18 39 26 15 65
66 86 25 57 75 80 65 73 50 75 12 25 38 12 55 54 22 30 4 57
57 94 12 46 62 86 58 81 31 92 9 29 31 14 35 38 61 22 8 57
46 78 32 41 91 74 84 90 22 67 11 13 35 14 41 48 58 30 10 65
44 89 8 36 88 92 83 78 31 85 11 27 26 13 24 28 51 29 8 37
44 94 24 50 80 85 81 82 24 85 23 56 24 21 25 21 34 17 9 74
37 91 13 58 76 80 66 93 27 67 27 23 19 9 35 41 57 26 4 72
51 90 15 55 83 87 61 83 29 78 14 46 12 25 47 43 36 12 6 69
26 90 16 52 75 90 61 88 66 89 6 41 14 17 39 39 49 34 15 75
39 88 17 55 79 89 77 81 28 77 10 63 25 18 34 46 62 22 6 44
51 85 26 34 68 74 73 80 35 65 8 17 25 27 42 26 49 34 6 76
30 81 19 56 82 92 67 84 34 85 15 40 18 16 32 36 71 23 6 44
58 83 31 52 76 82 63 91 10 68 9 45 32 5 37 30 67 24 8 55
31 93 21 46 76 86 80 75 39 90 7 39 32 14 49 40 42 21 9 67
52 89 42 75 76 76 59 88 40 73 9 30 17 20 39 40 49 41 20 62
50 92 33 59 81 84 74 83 31 82 22 50 43 11 54 48 47 33 21 75
38 76 31 59 77 78 79 70 30 78 21 49 32 9 47 32 52 22 9 46
68 90 26 37 71 74 69 80 39 77 9 54 17 19 43 27 64 23 16 66
