50 10
89 5 70 33 51 34 43 62 35 14
93 5 75 7 34 42 35 69 56 5
98 8 73 17 45 22 55 82 49 32
96 3 69 18 44 60 48 86 66 9
93 12 77 11 45 40 41 69 33 6
79 5 66 19 40 39 46 79 48 13
95 4 68 12 34 31 34 74 62 15
74 4 67 26 43 54 55 69 55 11
74 10 82 26 42 39 45 71 54 13
87 4 71 19 53 18 22 77 25 14
87 15 62 19 49 42 20 66 48 35
96 7 66 26 61 40 27 80 40 16
84 12 61 12 33 28 42 60 46 10
78 8 68 23 59 34 60 71 52 15
92 4 58 30 60 39 31 68 45 11
78 4 75 23 28 45 28 64 42 10
95 5 65 12 35 31 38 87 47 8
87 4 69 41 49 24 33 66 33 3
90 4 73 22 30 34 40 72 42 8
87 4 72 26 34 23 45 75 50 15
87 7 88 24 45 49 41 90 56 23
95 8 64 26 76 37 61 78 58 8
96 4 78 24 26 18 38 78 46 11
92 13 57 17 42 32 50 70 53 10
90 6 81 11 54 29 29 81 43 16
87 12 54 10 49 19 45 75 56 8
90 5 69 31 51 20 62 78 54 18
87 6 73 19 52 29 62 68 46 12
85 12 64 11 47 37 59 66 27 11
80 4 79 19 41 17 35 57 72 7
86 5 83 34 31 43 17 55 44 12
86 9 76 19 46 42 57 58 40 14
91 3 68 23 25 34 19 80 50 14
94 5 79 22 35 22 52 80 46 9
92 7 82 14 43 41 70 80 34 9
86 3 71 11 63 31 40 77 60 10
84 4 65 14 52 14 23 77 45 9
89 3 67 24 39 34 51 81 64 6
87 8 74 43 39 38 54 71 35 12
92 7 65 18 22 40 45 66 35 4
79 7 73 18 22 47 66 84 54 12
85 10 70 16 44 37 29 70 45 10
86 5 82 20 49 47 39 65 33 7
76 3 56 16 33 41 48 89 59 6
94 5 85 15 39 55 45 78 41 16
97 7 79 47 43 40 49 73 56 9
87 8 74 15 51 29 52 49 55 10
86 4 63 17 35 34 42 63 54 8
91 7 73 14 36 35 47 64 64 12
94 6 74 20 37 62 54 73 48 5
