50 10
34 68 61 84 96 55 39 26 61 97
50 72 50 92 67 39 36 20 11 40
31 85 89 55 11 51 21 18 51 82
69 46 94 72 59 27 93 56 4 8
71 30 65 28 3 4 88 77 66 14
64 49 36 79 22 5 5 5 38 84
9 98 42 68 75 64 21 89 54 94
67 13 55 92 57 21 17 96 8 22
85 43 3 99 52 86 92 16 14 94
14 7 89 38 47 63 80 34 11 27
26 73 48 52 53 40 59 66 58 37
72 35 94 41 63 58 40 91 9 15
61 54 98 44 26 95 48 2 76 62
33 60 18 91 36 42 51 26 54 24
2 16 66 70 70 53 47 53 83 37
32 32 11 98 75 58 45 71 33 4
61 28 40 10 31 43 94 18 25 38
72 46 12 69 4 11 63 45 75 21
96 37 22 2 91 97 44 9 68 43
49 81 63 26 3 50 51 75 73 42
93 87 37 70 44 2 34 12 96 72
92 38 12 84 69 21 21 8 78 88
83 87 39 39 47 78 30 45 91 26
24 23 3 13 48 59 23 37 21 98
49 27 59 28 10 40 94 15 17 31
67 73 18 80 37 99 64 22 68 6
47 46 23 6 74 32 27 27 86 6
39 39 27 66 17 91 51 76 43 82
98 72 91 12 35 77 73 53 88 98
90 21 34 5 9 17 99 24 76 79
10 8 38 53 53 57 12 20 21 11
55 35 27 17 62 77 38 29 78 30
11 58 38 35 37 21 10 14 27 75
47 38 34 84 48 39 76 15 99 50
33 91 36 92 39 20 73 21 72 55
16 76 34 47 53 11 34 69 54 26
78 26 67 67 60 50 64 26 87 3
64 64 57 97 66 10 64 52 90 15
3 53 36 15 67 47 71 82 47 73
26 9 26 60 73 90 32 64 71 4
62 35 41 20 56 12 83 38 58 18
42 4 69 22 39 98 12 7 73 32
73 36 97 60 71 57 69 42 87 97
73 87 18 13 84 75 12 12 30 74
52 96 52 6 40 41 66 89 58 54
83 19 68 21 82 39 79 74 80 86
67 29 69 80 58 17 66 88 65 15
27 87 29 60 15 50 27 24 21 84
40 85 7 81 47 83 80 76 62 82
13 12 65 13 65 86 13 36 53 46
