100 20
36 27 35 26 24 40 36 28 40 39 19 25 34 29 29 36 35 41 27 42
64 49 64 60 52 43 50 52 44 58 34 26 60 63 60 39 46 50 69 38
14 14 5 13 12 5 9 10 7 5 11 21 16 8 8 29 12 10 15 5
87 90 96 82 87 93 79 94 95 78 88 92 78 80 90 94 85 89 84 94
13 12 28 23 18 20 21 25 18 22 22 23 45 19 35 15 25 34 19 27
4 10 4 5 7 2 4 3 3 6 3 7 3 3 5 2 3 8 3 6
99 99 97 95 99 97 97 95 97 98 97 97 96 96 98 94 98 98 99 99
92 97 90 95 92 95 94 98 95 91 92 97 92 94 97 92 94 96 93 96
20 10 11 15 24 23 21 9 10 33 9 24 6 19 14 22 12 10 14 9
51 59 72 72 45 71 73 64 51 72 69 71 67 48 74 68 66 72 30 72
31 51 37 40 47 31 46 54 32 25 27 48 29 28 21 62 34 25 21 22
51 60 47 56 49 55 64 55 54 56 68 47 41 54 58 51 36 63 50 72
33 20 18 49 27 19 37 15 19 44 38 8 45 38 27 38 51 38 18 28
88 85 87 92 79 87 91 86 83 75 88 93 91 82 86 88 84 78 91 82
19 35 18 32 30 25 15 15 23 16 26 32 39 23 12 10 28 4 23 13
64 62 59 57 66 40 34 36 49 39 59 67 28 57 44 48 57 51 44 42
40 47 43 26 33 36 23 31 14 36 33 53 44 17 26 35 20 18 12 50
52 66 29 36 16 35 64 55 44 44 46 33 35 46 37 48 19 48 24 47
71 93 52 64 82 79 87 76 78 87 74 66 82 73 80 58 61 74 50 79
73 64 70 69 84 91 68 87 81 71 70 70 73 57 82 87 86 85 87 74
40 57 18 22 19 25 15 18 34 42 20 16 10 18 33 31 18 23 24 14
7 3 7 6 6 5 8 9 11 4 12 7 4 15 9 6 7 4 10 4
38 25 16 45 21 33 26 28 38 25 30 38 35 30 40 39 37 28 18 16
88 91 84 89 90 91 68 92 90 80 90 86 95 67 94 87 85 93 71 83
6 10 3 2 9 5 4 11 4 4 2 14 11 5 6 6 3 4 3 3
15 27 25 31 12 24 34 22 25 30 18 24 23 24 16 13 16 28 29 40
20 26 38 52 29 35 26 17 26 33 25 48 30 31 30 39 34 30 35 39
80 64 48 70 72 54 67 66 52 78 45 77 53 61 65 57 79 61 58 66
56 33 73 25 20 34 41 51 29 42 51 32 43 42 22 45 62 18 42 26
88 79 82 81 82 87 79 76 72 86 84 82 96 85 88 81 86 64 94 82
55 52 64 47 65 42 59 63 43 59 88 72 57 58 65 71 54 56 56 56
90 89 94 86 87 96 88 81 83 79 73 85 72 92 80 90 91 94 87 79
29 29 33 30 39 17 10 20 42 20 25 27 10 24 39 15 21 26 28 34
9 15 8 12 8 5 9 7 9 15 6 8 10 15 5 9 10 14 6 14
81 91 93 86 87 81 83 65 80 85 93 70 87 80 82 88 81 86 90 76
78 74 92 64 80 86 87 69 78 91 85 80 84 83 89 85 88 71 78 88
96 96 84 95 91 86 90 89 90 90 83 94 89 93 92 87 83 87 91 93
6 7 5 6 3 5 2 6 5 8 4 4 4 5 6 11 7 8 13 7
48 60 58 51 53 77 44 48 35 62 57 53 46 66 50 53 57 50 49 34
43 45 46 49 46 53 57 58 57 50 51 44 39 44 19 49 46 37 44 50
85 78 81 73 86 79 80 86 76 68 80 53 67 78 87 88 86 86 73 70
20 42 21 10 38 13 41 25 28 15 33 23 9 18 17 32 25 26 32 15
19 33 23 47 25 20 17 28 27 20 9 37 19 22 23 36 39 47 29 23
20 19 32 18 11 8 33 27 21 36 26 25 22 23 15 14 22 38 42 14
61 72 73 69 71 66 78 63 81 84 88 78 67 76 46 69 80 82 73 81
66 50 40 40 53 31 29 39 59 68 41 42 31 33 42 31 36 16 52 51
78 69 56 62 78 66 65 67 68 50 62 61 55 54 66 58 76 51 78 68
95 96 88 87 94 92 97 95 88 91 95 93 92 93 95 92 93 91 95 98
29 33 23 22 37 35 11 32 18 40 28 40 38 43 40 45 23 34 47 25
39 68 43 42 58 70 60 57 57 72 65 61 66 61 56 53 63 64 82 50
44 38 22 51 30 59 23 24 30 42 55 28 33 62 35 27 31 64 30 43
67 66 76 72 73 57 51 48 81 64 47 62 72 57 76 71 64 66 73 75
24 35 20 19 34 40 21 31 31 35 15 34 16 36 24 16 20 26 48 24
18 12 9 16 19 18 20 26 28 22 35 22 17 22 23 12 26 21 29 13
24 24 29 26 19 23 19 35 22 29 27 32 29 22 23 31 29 45 35 27
94 97 97 93 98 97 96 92 95 96 97 97 93 95 96 97 96 95 98 94
86 83 87 92 88 84 90 96 90 86 86 87 88 93 91 91 88 91 86 94
49 45 35 67 16 36 33 45 31 26 31 36 47 46 38 41 39 42 39 41
85 82 88 84 84 93 89 95 93 84 94 91 95 92 90 96 93 80 83 92
51 54 34 50 61 48 43 36 68 46 46 37 35 70 44 60 51 73 39 53
89 75 84 77 81 84 91 93 84 84 96 68 77 87 76 84 78 86 92 81
46 77 79 51 70 74 71 80 71 72 62 49 56 68 61 48 69 80 62 74
86 91 85 96 93 94 93 92 86 84 89 95 84 95 90 95 95 98 88 93
23 10 8 10 15 19 11 27 15 38 19 15 16 9 10 20 17 12 18 17
77 65 51 70 77 65 68 48 74 75 74 71 84 86 78 86 72 64 84 67
26 36 29 17 32 32 26 13 22 28 19 36 23 27 30 23 25 18 21 31
20 14 18 11 16 21 11 14 7 12 18 19 23 30 12 8 25 30 25 10
35 14 31 17 10 26 13 22 10 9 10 10 25 17 19 25 9 11 18 27
33 60 40 34 24 43 39 60 59 53 57 50 26 62 15 30 56 33 28 40
94 97 97 96 98 98 98 93 96 98 95 99 97 96 95 94 97 99 97 97
95 86 93 84 96 97 89 77 92 97 93 89 62 92 86 90 93 96 88 94
98 95 93 94 98 94 95 95 95 94 96 98 96 94 96 95 92 97 95 94
74 63 71 75 65 56 68 83 82 68 80 69 90 86 65 74 76 55 66 70
20 25 18 14 17 13 18 22 23 13 16 22 24 24 19 18 47 22 23 11
47 48 43 61 61 71 60 49 48 60 66 42 74 62 62 57 75 64 47 41
56 56 67 68 47 39 75 34 74 54 55 71 57 64 41 57 54 61 68 48
59 55 71 73 43 60 43 51 74 44 55 54 59 70 72 32 45 57 66 58
10 3 4 6 11 19 16 9 11 6 7 4 9 6 34 14 13 14 18 12
28 16 39 32 33 16 18 18 20 16 27 27 39 29 42 20 47 24 39 27
68 58 46 43 34 39 38 53 59 57 72 35 83 47 39 60 44 52 46 39
92 93 85 90 77 77 75 93 85 88 80 84 88 78 84 91 79 93 90 89
38 66 35 41 36 26 35 46 60 34 45 24 34 28 37 34 28 41 40 40
59 78 76 87 81 76 86 79 72 85 76 72 59 76 70 59 79 83 71 62
37 19 22 22 15 30 27 18 23 27 32 43 20 16 32 21 17 14 31 14
34 26 38 34 24 15 47 24 32 32 17 16 22 10 34 35 20 15 24 27
98 99 98 97 98 99 98 99 99 99 98 99 96 99 99 99 99 99 99 99
20 15 12 16 17 35 29 38 25 39 17 34 16 29 37 32 32 36 40 27
47 37 17 33 28 33 24 28 33 44 35 44 26 29 30 36 34 40 40 59
54 60 57 63 57 67 69 74 65 80 71 44 65 62 44 51 64 55 58 83
76 58 75 62 71 85 73 77 75 68 76 76 78 51 86 67 45 72 79 72
86 87 92 85 83 98 85 91 96 77 86 81 95 95 89 92 94 71 90 92
12 32 18 22 14 10 22 18 26 22 31 30 10 12 24 27 29 16 32 21
5 7 14 33 8 25 6 14 9 21 11 24 7 11 24 13 10 8 9 11
62 65 42 55 52 43 65 60 71 57 50 68 34 67 55 55 49 53 51 53
40 29 44 32 41 45 52 53 44 55 36 31 41 46 58 52 58 40 71 42
4 3 3 2 3 8 5 3 3 3 3 3 2 2 4 3 3 6 11 3
5 10 4 5 14 4 4 6 14 10 5 8 5 16 5 25 9 3 6 11
14 10 9 17 20 11 12 11 44 31 24 23 33 21 11 15 16 16 15 9
66 57 85 82 51 73 57 66 80 74 72 66 40 75 71 71 65 63 62 83
19 18 22 28 31 25 34 20 37 22 34 34 27 21 26 31 18 30 44 29
