200 20
23 29 10 29 15 16 29 38 40 37 38 8 24 35 23 17 15 24 33 37
25 37 51 43 43 44 26 50 46 36 36 17 48 15 40 34 32 41 46 58
56 79 41 49 49 48 56 50 72 53 79 40 66 59 50 77 60 61 70 30
31 25 38 43 30 36 47 36 22 25 25 53 53 31 25 23 30 29 18 27
30 48 31 43 56 30 71 56 48 45 36 40 38 43 26 49 43 41 40 32
41 56 67 76 46 66 76 45 56 74 36 36 45 71 67 62 64 70 62 59
25 21 26 24 18 22 24 19 24 24 17 22 13 15 25 19 17 15 30 11
36 29 45 57 64 65 51 57 67 30 39 42 54 27 54 40 40 32 63 56
29 15 43 13 34 28 12 42 27 18 21 40 22 23 23 29 35 22 19 16
50 21 55 27 19 34 44 49 37 21 14 23 42 50 36 40 57 58 25 48
96 97 96 97 90 92 91 89 98 91 98 97 97 97 91 98 98 95 93 97
95 83 81 88 93 85 81 75 91 86 88 82 81 78 84 80 86 85 89 88
67 32 68 47 53 63 54 54 42 61 57 78 75 64 66 55 69 51 51 38
50 61 69 69 73 60 65 41 49 71 67 68 66 60 56 68 48 50 44 57
23 22 14 27 17 24 15 24 14 20 22 26 38 26 10 31 17 13 20 21
94 93 91 85 89 93 83 93 86 78 86 87 95 87 88 92 96 86 91 90
26 31 31 24 37 46 34 40 56 42 39 28 39 58 52 42 25 30 45 47
11 33 27 27 23 23 27 21 29 35 34 23 21 16 17 23 28 28 20 14
51 35 32 52 52 37 46 55 60 68 49 53 34 39 71 43 36 25 47 54
79 86 86 84 85 89 76 72 84 84 82 83 87 72 80 93 73 71 83 91
94 84 82 86 85 81 86 93 91 68 69 86 90 95 88 87 61 88 93 89
11 12 13 20 19 27 12 11 19 9 17 28 11 25 15 7 17 16 13 10
19 29 13 45 25 20 27 18 20 27 25 12 31 18 34 13 28 22 25 16
85 89 86 76 85 86 78 93 82 90 88 94 78 88 86 84 87 96 86 78
72 62 30 42 52 65 53 51 58 36 49 74 40 44 36 58 30 54 55 56
40 23 26 33 37 58 55 25 33 32 26 46 53 21 27 59 31 51 36 46
57 57 38 46 49 68 69 78 62 49 49 55 58 63 69 77 75 58 65 71
9 21 12 6 15 16 7 35 9 22 19 14 11 10 25 32 6 11 14 16
32 22 38 33 37 33 34 24 36 39 24 27 23 29 25 31 44 23 25 32
64 65 48 27 47 42 57 64 49 59 58 72 58 69 36 60 39 57 46 60
25 46 34 25 33 44 36 28 29 55 15 35 43 40 32 33 36 23 34 30
42 53 55 36 67 65 67 49 47 63 54 62 64 68 62 53 56 37 48 40
71 69 49 51 53 38 55 41 43 66 62 48 41 42 47 32 51 56 46 50
9 5 5 7 7 8 6 5 3 3 4 8 3 10 5 8 9 4 6 10
62 75 76 78 78 86 86 74 76 80 72 67 77 87 81 79 84 75 77 76
64 69 58 73 76 65 64 59 75 78 52 66 72 68 65 52 54 63 73 42
73 84 68 86 92 82 82 62 77 83 76 89 71 87 83 85 81 88 73 70
89 95 89 93 95 78 75 86 80 97 90 87 88 88 85 90 93 92 94 90
68 65 56 38 56 51 70 46 60 64 62 63 50 48 55 68 41 57 45 59
24 35 39 20 35 45 20 28 26 32 38 31 34 36 34 33 35 24 28 28
41 44 47 27 36 25 42 35 43 32 35 30 44 26 18 38 32 38 45 26
72 75 85 57 83 81 60 81 69 73 52 89 70 66 49 67 59 57 68 67
40 44 45 40 43 32 37 26 52 38 35 34 62 46 64 54 26 49 51 40
89 94 95 83 95 90 91 74 94 89 94 87 92 89 89 96 90 73 92 92
30 53 71 60 61 48 60 48 57 36 68 60 58 66 37 72 41 61 55 71
93 87 90 70 89 93 93 95 94 91 88 95 80 86 88 89 91 87 88 91
54 70 63 53 81 64 45 62 42 66 25 72 66 54 60 77 67 77 70 58
64 81 50 76 85 72 70 73 76 57 79 60 80 69 61 65 48 57 69 58
38 42 30 33 17 23 25 37 28 23 31 31 44 37 43 35 21 17 21 37
96 97 97 99 98 98 96 98 97 98 98 98 95 99 98 98 97 99 90 98
47 62 66 43 47 45 46 45 58 35 57 68 22 29 62 44 57 29 51 66
9 10 13 5 9 4 17 6 16 9 6 9 8 8 8 12 10 22 9 16
27 22 34 43 38 41 37 37 40 24 21 47 46 28 48 41 27 33 33 42
71 57 77 56 75 59 77 85 69 51 58 59 72 59 59 72 59 77 71 62
23 23 25 34 36 29 42 36 20 33 18 31 27 37 28 21 36 34 35 31
88 79 85 87 85 84 81 82 70 75 55 82 87 86 84 84 65 88 74 87
36 58 31 30 35 43 58 51 55 38 42 33 19 39 35 56 29 47 42 46
62 74 58 56 66 58 49 34 69 61 53 62 64 51 63 56 61 59 44 52
10 12 25 12 7 14 17 14 10 13 10 18 10 15 8 15 17 24 16 12
84 90 95 96 91 96 85 96 91 90 95 93 98 92 97 93 95 88 97 96
68 45 65 30 39 34 43 39 43 46 27 42 46 49 57 40 35 63 37 35
21 23 25 40 24 30 20 22 27 21 27 31 31 45 44 27 29 29 26 22
98 95 93 97 87 93 97 95 96 85 92 83 77 95 95 94 83 92 97 85
63 77 80 64 64 63 75 65 59 51 60 78 71 59 79 60 66 81 78 67
24 35 28 27 44 58 31 30 33 36 42 23 22 42 21 26 33 24 36 52
61 67 90 68 68 61 53 77 68 83 48 58 70 53 55 52 73 67 40 39
90 86 94 91 92 93 88 94 89 96 94 91 94 87 96 95 92 92 94 95
22 27 18 34 26 7 17 15 23 19 18 33 13 27 15 15 14 17 20 12
37 39 67 57 25 63 51 58 66 43 43 71 34 43 50 50 19 45 41 68
75 74 72 70 75 79 71 68 77 77 70 82 87 73 90 76 65 68 74 77
65 80 77 65 75 75 58 77 51 67 86 72 79 67 63 85 75 76 88 80
62 42 60 42 45 57 70 33 52 56 60 42 44 43 52 70 32 65 56 51
6 23 18 32 10 16 20 9 20 14 21 14 13 13 14 4 31 14 16 8
60 33 65 56 29 65 45 54 53 66 34 35 69 78 47 33 57 53 41 49
50 42 48 48 32 62 42 42 51 44 59 34 58 45 43 40 30 54 61 43
48 63 27 37 53 65 59 33 44 50 45 32 33 66 47 40 26 30 53 36
92 90 83 80 89 73 86 68 88 85 93 80 81 85 78 84 77 86 75 85
66 56 60 53 67 69 24 60 41 32 68 42 22 42 54 61 74 47 47 50
89 97 97 91 93 94 94 94 97 96 95 95 90 96 92 92 94 95 93 97
18 4 20 17 12 11 12 10 38 6 21 14 27 11 26 18 9 7 8 11
31 38 20 47 25 24 20 32 44 20 41 29 16 38 34 39 55 31 43 22
57 51 53 55 30 35 44 32 55 54 32 28 42 37 74 53 45 52 26 40
67 38 57 45 59 35 43 63 72 43 60 60 62 45 46 56 45 34 62 31
87 89 91 90 92 96 95 93 88 94 84 86 97 91 93 92 92 96 93 92
48 51 58 52 74 67 51 60 56 76 63 58 39 51 52 69 59 38 52 66
94 89 95 92 95 73 90 82 79 94 89 87 96 87 91 79 90 80 94 78
18 6 6 14 15 13 6 14 4 6 15 27 10 15 9 3 6 7 13 5
85 70 79 84 94 87 91 90 86 94 85 92 85 79 85 85 87 90 70 86
96 90 94 94 95 87 97 91 94 96 92 91 87 93 93 91 87 94 89 93
81 66 67 63 60 61 64 75 71 60 52 69 61 73 57 68 82 75 75 73
4 5 4 8 4 11 5 10 8 6 4 6 9 10 3 7 3 14 6 4
39 15 48 15 23 29 36 22 41 28 21 29 23 34 25 31 47 28 22 27
16 40 33 34 50 27 35 19 36 32 18 23 22 37 23 37 41 37 44 45
26 15 18 8 16 12 23 11 13 9 10 21 6 5 8 9 20 19 13 12
90 86 79 78 95 92 91 91 78 82 86 82 82 85 88 87 88 86 83 87
92 88 89 78 78 95 70 89 79 89 92 90 72 80 89 93 92 86 83 85
93 94 63 79 82 84 77 88 87 79 72 81 83 81 87 82 78 83 91 91
63 75 83 63 59 66 72 72 78 81 48 67 69 73 59 63 48 71 64 66
56 40 61 44 51 50 62 45 57 55 50 66 45 18 55 44 57 51 42 70
58 74 62 64 59 47 76 63 39 50 49 47 79 53 48 50 45 75 73 49
94 95 92 90 87 95 94 81 88 87 88 95 94 92 95 89 95 93 92 94
76 77 61 62 75 58 65 69 62 57 71 57 75 66 75 84 69 61 54 67
49 31 62 47 77 59 65 59 37 50 48 62 51 58 58 52 52 57 51 56
95 94 96 98 95 97 99 92 97 93 97 89 97 93 97 97 94 96 97 93
5 3 11 13 13 4 7 3 6 5 3 6 3 9 4 8 5 3 5 6
24 35 49 28 43 44 26 60 46 37 48 30 39 33 52 33 46 24 63 37
60 70 40 49 45 32 48 48 59 41 31 32 43 62 68 72 63 73 47 59
31 63 58 60 35 24 31 44 52 32 45 40 55 61 25 38 52 23 62 33
53 28 28 46 53 39 31 14 31 49 14 34 14 35 22 7 25 26 22 19
27 40 40 55 51 17 38 11 38 30 49 55 26 26 36 45 25 37 47 29
41 73 59 51 67 53 59 53 64 73 32 62 40 47 66 80 36 55 67 58
50 56 75 60 52 68 49 51 71 64 63 73 59 72 68 64 58 80 53 51
98 98 99 98 99 98 91 99 99 98 99 98 98 98 98 96 99 99 98 99
5 6 4 14 6 15 4 4 11 15 5 8 3 12 9 11 6 5 5 4
20 45 41 21 29 28 65 41 27 46 37 65 44 23 42 41 36 31 20 42
61 73 75 70 70 64 78 69 57 76 50 77 58 83 70 75 72 84 77 69
38 22 20 28 32 18 52 28 41 39 14 23 27 33 22 22 30 18 23 27
80 68 55 70 69 55 64 66 84 68 57 69 56 51 74 72 72 59 74 66
56 61 34 40 39 51 44 49 58 38 26 62 21 53 47 54 43 43 56 39
20 10 24 18 24 27 37 32 16 18 7 22 21 14 16 19 10 38 32 21
44 43 45 40 48 47 48 27 36 34 55 51 52 65 35 38 43 38 42 51
17 34 33 43 23 23 23 18 23 14 34 41 43 23 33 27 25 30 29 26
4 2 2 3 3 4 6 3 3 3 6 3 11 2 5 3 3 4 3 2
29 14 13 22 37 20 26 21 32 27 14 25 30 31 35 38 33 19 24 28
48 26 51 32 38 35 46 27 44 49 31 54 43 34 30 30 66 38 32 38
75 62 60 42 61 59 55 68 60 55 58 68 62 60 59 55 73 63 63 72
77 78 68 42 73 49 74 80 73 65 70 50 66 87 74 87 73 54 75 64
34 25 18 13 27 12 19 10 40 42 14 39 32 18 29 14 24 22 28 32
50 58 46 59 71 52 67 55 37 47 62 40 65 54 56 60 37 48 61 43
28 31 23 25 16 30 47 33 33 29 44 37 23 23 47 57 19 35 34 38
47 44 64 29 38 57 57 48 37 55 39 33 58 33 42 53 57 62 72 42
64 70 60 64 72 50 69 57 73 76 71 49 41 62 73 46 75 54 58 73
95 97 99 98 93 98 99 97 95 97 92 98 96 96 98 95 98 98 95 94
58 76 60 49 58 31 53 52 49 52 25 63 56 50 69 64 41 47 45 60
10 3 14 4 13 4 14 11 5 9 10 8 7 6 17 9 11 8 17 8
13 14 30 15 14 18 25 14 15 6 20 19 15 6 16 16 7 6 28 8
76 91 83 83 83 58 90 90 92 83 69 70 89 74 86 86 75 90 85 88
58 51 70 48 46 70 43 37 65 56 66 63 53 61 51 67 48 65 57 57
19 15 48 17 29 26 28 31 23 29 21 19 26 11 14 44 29 18 21 15
71 65 66 57 79 70 73 64 78 80 57 78 54 68 81 83 65 77 73 84
76 66 76 69 47 80 55 61 73 51 82 60 68 64 76 55 79 53 74 59
54 37 37 36 46 53 55 54 33 61 48 44 65 38 27 49 59 36 57 60
65 62 61 81 64 62 56 54 41 36 78 57 78 78 60 57 67 71 55 60
60 60 47 49 40 40 36 39 52 44 34 49 41 33 53 42 58 48 56 71
3 12 7 7 3 9 18 4 8 3 5 5 4 9 9 6 3 4 7 7
12 18 10 17 19 11 6 9 42 19 12 27 22 9 21 13 6 16 30 17
14 28 47 38 21 24 31 26 18 28 30 23 26 35 45 35 27 11 26 34
47 48 45 84 59 67 71 64 55 68 44 55 50 51 60 33 61 59 51 38
3 2 6 3 3 9 2 2 4 3 6 7 6 7 5 5 4 18 4 3
57 65 62 55 62 81 75 85 61 76 77 62 67 83 60 81 55 78 52 59
5 11 10 12 5 7 10 7 10 9 4 7 6 22 3 7 7 6 5 6
35 27 26 55 18 29 35 48 25 21 15 41 39 23 47 29 20 46 17 37
39 47 50 70 49 44 50 61 41 41 45 37 45 39 52 71 46 41 55 41
60 68 68 67 48 46 48 54 56 75 54 68 71 69 84 69 63 68 78 79
89 82 93 85 83 77 91 85 80 78 64 77 74 85 75 83 75 82 77 93
64 66 54 56 55 51 39 79 41 64 61 57 73 46 72 59 58 69 71 53
8 9 7 20 8 10 20 12 11 9 4 8 9 11 15 4 8 6 3 5
15 30 10 11 6 7 11 13 15 8 10 13 10 12 12 12 11 19 22 12
88 77 73 94 90 80 92 93 75 87 91 94 87 93 92 75 89 80 84 90
89 89 79 69 70 75 70 82 71 84 83 88 80 78 78 70 73 78 59 79
2 2 2 2 2 2 2 2 2 2 2 2 2 2 2 3 2 3 2 2
20 38 43 47 36 32 48 33 26 22 23 48 52 24 32 23 22 33 41 35
64 78 62 86 76 67 86 84 83 83 71 77 75 79 75 75 75 82 72 88
20 19 23 16 33 18 27 17 10 16 17 31 26 25 15 33 19 17 12 13
25 34 50 24 32 54 41 54 39 27 32 35 33 25 31 16 28 49 28 38
66 48 61 42 76 59 58 64 40 50 68 52 57 58 48 67 58 35 42 69
33 48 39 46 41 51 45 23 56 48 47 39 54 29 53 48 48 46 64 52
10 17 12 10 10 15 9 4 18 23 8 8 4 3 14 15 6 8 10 4
31 45 35 57 56 36 48 60 38 34 30 20 34 35 40 12 43 16 34 22
64 63 39 63 59 52 53 48 71 34 53 47 43 35 49 50 46 48 68 37
2 2 3 2 4 11 3 3 4 3 2 2 3 3 2 4 2 5 2 4
23 58 28 24 63 29 46 45 29 40 26 35 41 35 60 29 37 34 26 49
6 29 17 7 6 11 2 12 11 14 15 5 16 6 22 4 8 30 7 11
98 94 96 98 95 97 96 98 93 93 88 95 91 93 95 88 96 97 97 93
10 6 13 15 9 7 9 10 10 8 9 6 4 10 7 15 7 6 6 7
78 83 73 82 90 94 79 92 83 89 88 77 80 79 86 86 75 88 90 70
73 59 62 71 59 61 64 42 44 48 60 59 58 28 56 40 46 60 52 59
57 44 53 39 42 59 43 55 59 28 34 45 41 37 61 62 49 52 41 48
39 32 32 36 36 30 43 47 33 20 53 32 45 35 52 36 43 61 31 24
32 25 36 50 29 10 42 24 27 32 46 54 23 31 33 34 33 37 26 27
86 46 51 63 49 72 78 67 67 55 67 62 67 68 68 71 73 74 75 71
85 88 89 88 94 87 95 93 91 96 88 93 92 93 93 96 90 83 95 81
97 96 94 91 95 95 94 87 97 97 95 97 95 97 97 96 99 85 96 98
24 14 7 24 12 23 17 9 17 16 4 10 13 10 11 23 17 10 19 8
9 12 5 8 5 13 8 4 9 9 7 5 6 13 15 6 25 21 4 6
14 22 16 11 13 14 8 29 21 11 15 10 27 17 21 12 10 16 17 7
72 90 60 89 80 90 76 91 81 82 88 86 75 89 86 86 75 70 96 79
30 22 27 31 26 32 32 41 32 39 26 39 16 52 23 21 37 34 28 38
67 77 71 64 71 52 66 80 62 79 85 81 60 74 81 52 75 73 76 63
62 66 76 73 76 66 65 70 66 83 88 54 79 71 69 71 67 64 64 74
26 33 22 31 13 29 16 12 60 19 22 24 44 18 22 55 39 12 56 31
31 14 31 22 18 40 23 25 46 38 49 25 24 29 14 43 17 52 49 31
22 29 20 17 39 28 18 28 31 34 35 29 28 21 41 19 36 28 10 26
55 45 45 27 61 33 60 46 31 35 62 52 27 49 48 49 54 35 39 44
86 78 83 90 84 88 89 78 88 87 83 76 77 82 82 90 77 86 85 86
70 52 64 66 61 76 75 72 66 74 57 61 45 68 52 50 54 41 66 69
5 3 2 2 2 2 2 2 2 2 2 2 3 2 2 2 4 4 4 2
60 70 33 57 49 61 49 51 51 62 67 33 51 68 40 64 63 59 60 55
67 67 55 79 64 65 71 64 74 67 44 61 36 63 66 51 64 62 59 76
26 25 29 31 28 26 48 37 19 38 20 29 31 35 25 31 39 31 18 34
