50 10
47 72 14 25 20 91 21 38 97 71
31 86 10 24 20 90 23 57 93 76
60 73 15 29 18 95 38 54 95 55
52 44 19 31 13 91 26 69 93 66
36 70 43 26 12 94 17 30 95 55
39 41 18 13 18 89 39 48 95 73
30 62 20 26 17 88 10 63 98 73
39 61 22 31 20 91 34 33 97 78
59 62 17 33 8 92 24 54 94 53
29 77 20 26 48 93 21 58 98 70
43 46 29 32 17 87 23 34 99 70
38 77 16 26 24 82 33 58 97 48
54 49 25 29 24 93 16 36 91 67
28 74 11 24 27 86 39 41 96 78
40 59 34 18 24 92 24 23 98 57
47 56 18 44 26 89 23 39 95 73
32 76 17 33 12 88 24 45 95 81
61 66 12 37 11 84 33 68 98 57
50 65 21 28 14 90 23 57 97 68
50 43 22 26 10 88 23 35 97 40
45 71 20 17 13 88 30 47 97 65
40 39 21 28 10 93 24 53 85 69
39 65 13 33 17 87 26 68 96 58
36 48 17 9 7 89 12 60 98 69
65 62 26 19 17 89 24 68 96 58
60 53 25 15 12 90 31 52 96 49
43 38 22 21 6 94 30 52 99 68
67 42 32 20 11 92 21 59 95 75
58 50 17 16 14 95 30 57 98 63
48 44 15 17 20 89 25 53 97 62
39 68 9 16 15 87 29 34 98 58
27 67 16 14 19 88 15 56 97 54
43 53 11 38 24 96 10 58 93 61
49 53 9 23 8 96 21 29 96 67
73 59 16 21 9 92 23 48 95 46
35 70 29 36 24 85 18 49 95 72
55 52 14 24 12 94 26 54 97 60
35 67 36 13 21 94 23 41 98 78
67 58 16 26 15 91 19 39 96 65
50 45 29 12 20 88 22 48 89 71
34 62 14 25 12 97 38 62 98 43
53 47 36 26 11 96 22 44 98 60
25 57 17 14 18 93 11 50 95 54
37 78 45 20 11 85 13 39 87 47
46 60 27 13 17 94 27 48 95 42
52 68 20 18 16 93 30 49 93 62
45 46 20 17 19 98 31 67 95 58
55 47 23 6 36 95 34 36 90 92
49 57 11 9 13 87 41 56 92 68
37 62 7 11 23 93 44 46 96 52
