50 10
41 91 92 33 84 11 23 79 39 17
34 76 6 82 76 57 89 79 70 66
12 22 13 97 47 12 55 91 65 40
57 8 75 85 78 55 89 29 68 31
16 44 28 7 65 37 98 73 96 57
47 25 30 29 76 4 88 79 90 16
91 93 91 65 76 93 24 24 63 89
91 82 88 76 59 17 11 47 18 77
91 78 86 13 25 95 93 42 33 70
42 65 76 76 35 38 47 21 47 80
63 27 6 65 66 90 96 94 20 58
2 44 9 14 42 31 35 22 43 39
8 55 88 66 86 33 19 59 16 72
80 26 89 58 38 2 10 51 48 16
46 77 83 43 30 5 58 53 65 11
54 36 45 65 63 33 93 48 52 65
17 88 10 76 56 63 64 55 34 59
91 13 24 62 17 88 26 75 93 49
95 13 80 78 54 67 62 59 16 93
38 35 16 60 27 7 71 47 2 10
25 98 63 32 42 69 45 51 75 24
9 74 93 6 98 32 10 86 97 61
74 24 77 91 26 36 9 56 88 17
67 39 48 96 60 46 26 84 93 79
46 82 20 20 34 41 21 62 10 93
56 7 24 40 53 7 9 10 25 75
78 18 98 47 15 71 35 5 93 12
34 69 38 56 42 24 45 24 29 76
94 63 90 94 21 65 27 77 25 94
7 54 28 29 12 56 83 99 49 75
3 34 21 61 85 46 68 81 87 55
4 69 55 69 50 54 78 34 55 83
81 64 34 63 91 71 42 88 57 80
19 79 98 27 5 2 11 72 13 21
94 20 30 51 6 96 94 39 98 50
48 53 69 77 37 30 50 99 59 48
30 19 40 60 41 25 50 42 97 7
72 12 4 61 47 28 7 28 9 85
24 64 20 34 54 89 63 20 52 82
46 76 25 17 50 39 14 57 86 21
66 15 16 94 7 71 63 39 60 76
19 59 54 12 5 41 42 96 51 53
78 9 71 19 40 54 96 9 94 69
5 6 15 95 21 67 57 72 8 61
75 93 69 49 99 10 13 13 47 85
60 70 71 14 57 88 27 84 43 36
68 39 12 57 73 16 6 36 86 68
83 92 72 14 96 49 62 4 39 57
33 58 15 31 37 95 32 15 2 65
48 36 90 32 21 9 18 47 34 85
