200 20
18 9 9 15 5 5 16 8 11 19 12 10 10 5 13 11 6 12 14 7
50 56 61 61 52 56 69 39 78 58 45 41 51 48 64 56 49 50 71 69
30 33 28 38 13 19 35 18 25 31 19 32 12 18 29 19 15 18 23 31
74 73 76 52 74 67 68 59 66 80 66 59 79 63 54 59 65 58 64 69
4 5 3 5 5 4 3 3 5 6 3 5 5 7 3 7 3 5 4 5
73 55 63 39 84 54 72 69 60 52 78 55 48 55 61 66 60 62 45 65
27 56 57 55 73 40 40 45 37 45 50 57 60 45 43 52 54 39 29 52
65 77 68 72 69 76 81 70 59 49 86 90 71 75 74 80 61 83 76 75
85 91 76 82 92 89 93 87 85 72 83 85 96 88 67 93 89 74 88 89
37 61 68 55 49 61 45 59 56 38 43 38 71 61 51 44 67 50 56 56
22 34 17 35 21 12 26 17 11 23 48 23 28 33 50 57 18 31 29 39
67 53 54 58 41 43 64 50 56 58 45 57 54 52 71 60 61 39 71 66
33 37 34 46 39 38 25 24 40 26 30 34 25 38 24 53 41 43 44 46
60 29 48 42 40 45 34 49 35 46 54 37 46 34 29 22 44 58 61 39
34 44 58 57 43 65 37 41 41 50 36 56 57 36 38 35 41 43 42 37
75 76 74 68 84 49 71 72 47 75 76 69 71 85 77 65 76 80 87 60
5 3 2 8 4 3 4 2 8 4 3 6 7 6 5 2 6 8 4 3
15 36 52 14 32 17 29 16 21 33 41 22 35 30 27 21 28 31 30 29
91 73 51 81 52 76 74 77 83 89 71 81 65 76 67 82 78 79 71 83
4 15 13 5 12 6 7 12 10 12 12 6 13 14 4 10 12 7 3 5
52 23 25 49 33 19 20 36 23 35 20 25 50 20 23 37 16 38 40 43
47 17 32 64 32 62 44 54 49 25 62 52 42 33 27 64 29 53 38 28
89 89 94 96 89 91 95 95 90 97 93 94 88 93 91 85 92 98 88 91
67 69 66 44 56 71 55 81 44 60 55 68 41 57 51 87 80 59 59 63
51 23 41 18 21 46 36 22 45 17 22 39 32 32 37 14 15 27 40 36
98 88 90 89 94 97 91 95 92 93 86 89 86 88 87 91 93 94 87 80
95 86 93 96 89 89 87 77 90 84 82 86 93 87 94 90 89 96 88 91
23 36 17 19 18 26 31 23 40 24 15 22 39 24 31 13 37 18 21 33
40 36 31 40 14 26 22 27 25 31 37 22 45 40 14 21 29 43 32 56
90 91 88 93 87 88 93 97 94 89 88 91 90 86 91 94 92 92 95 92
58 48 74 62 33 59 41 75 68 62 66 60 64 55 27 63 57 73 56 55
73 42 70 52 53 52 74 50 55 56 52 60 72 76 71 57 66 40 66 65
62 79 61 80 82 85 67 82 70 73 77 59 76 73 54 75 71 71 70 86
31 12 18 12 5 14 15 14 16 12 18 35 18 12 16 12 18 19 6 16
28 21 40 31 19 21 12 30 25 12 29 28 36 21 22 17 39 17 26 29
15 15 5 8 14 7 10 19 11 15 12 5 10 12 8 10 12 19 6 16
58 56 42 39 42 35 49 45 42 43 46 59 50 64 31 55 45 47 35 49
61 35 58 44 40 43 39 51 46 74 64 60 57 46 25 35 55 58 55 69
28 40 36 36 28 17 32 52 28 36 26 24 60 25 30 46 44 35 35 47
15 14 17 13 13 11 10 17 20 38 19 23 23 27 25 16 20 21 11 24
68 55 67 61 70 54 43 48 67 50 49 57 62 50 61 70 67 62 54 75
89 89 96 93 94 96 84 93 93 95 87 90 83 94 88 87 98 88 93 97
34 17 18 26 29 32 14 16 29 16 24 21 12 28 14 10 27 16 26 19
13 9 8 13 4 9 15 12 14 15 5 14 19 16 14 7 15 10 22 13
61 40 59 65 66 71 55 75 70 57 52 70 38 37 25 29 43 53 57 71
18 16 31 16 27 22 15 21 21 15 21 22 33 28 16 29 21 38 25 37
46 29 51 52 36 43 48 42 37 61 42 31 43 42 25 25 54 35 45 35
9 3 9 20 12 10 4 12 8 6 16 9 4 10 9 11 16 12 11 9
43 38 33 22 47 27 44 68 20 35 37 52 49 40 33 21 31 22 42 32
36 65 29 53 47 40 45 63 61 68 25 39 41 40 47 34 35 63 50 51
64 42 66 55 50 61 70 61 60 61 34 44 57 60 55 63 73 70 43 44
26 35 21 22 14 23 26 18 10 33 24 25 27 43 13 20 22 22 18 24
11 11 18 31 14 11 15 17 14 27 4 29 27 22 32 23 24 10 14 22
73 80 50 74 84 54 53 75 70 64 48 66 77 70 71 57 68 73 58 62
68 58 44 58 43 49 73 64 60 31 59 38 47 56 56 44 36 53 49 69
29 27 38 14 28 36 25 32 28 23 32 21 28 44 19 28 49 40 31 34
26 60 31 49 40 62 33 30 53 37 23 54 58 48 36 45 36 46 51 41
98 99 99 98 99 99 99 99 97 91 99 97 99 99 99 98 98 99 99 98
28 23 24 29 30 36 20 21 16 18 34 36 26 15 26 27 25 14 15 9
88 68 75 73 77 81 76 66 79 89 78 90 82 82 88 71 89 85 71 49
19 26 32 22 26 23 19 22 18 36 16 33 26 19 14 17 12 28 36 10
59 60 60 64 59 61 47 51 55 58 56 65 59 58 74 67 71 58 67 66
24 11 14 14 13 33 14 36 11 19 29 23 8 22 23 27 21 15 17 10
49 46 56 63 74 58 82 80 76 46 73 63 70 55 63 71 61 53 68 62
90 90 97 96 96 91 92 95 90 93 81 84 95 96 90 93 85 94 82 83
41 45 43 39 45 46 49 49 78 48 35 46 61 53 48 52 51 54 54 49
69 46 71 53 56 39 66 64 64 47 34 53 69 63 66 49 51 84 59 45
10 7 4 25 16 20 7 14 16 18 23 10 11 8 10 9 6 10 17 16
24 20 20 9 25 16 41 17 11 19 42 21 11 21 19 18 22 27 16 49
6 8 12 5 3 5 3 19 15 4 4 3 7 8 7 5 9 25 9 6
53 64 51 69 71 44 54 67 76 63 55 70 65 69 72 57 84 61 54 32
34 28 44 29 50 36 69 40 34 45 47 48 37 38 54 55 42 26 49 55
81 70 91 80 83 75 85 79 83 75 82 85 74 90 57 88 92 93 86 91
72 80 89 82 79 75 70 83 89 78 62 76 77 86 78 59 71 86 61 71
34 39 35 38 37 36 33 28 41 46 61 27 23 38 51 30 37 35 45 28
72 52 54 70 58 60 57 50 55 34 61 61 56 64 51 43 48 35 38 19
72 64 60 61 52 50 59 41 50 53 47 57 66 48 78 57 58 63 58 52
80 63 70 52 62 62 70 61 84 69 76 69 47 77 73 57 58 80 64 61
57 57 66 75 75 64 85 63 70 71 55 67 64 51 53 76 76 73 54 66
31 33 35 33 50 40 24 37 37 32 38 25 12 36 27 41 44 29 29 22
21 43 53 33 38 29 28 46 24 27 32 14 36 23 33 32 23 38 29 41
27 40 48 56 39 50 51 32 34 33 47 31 45 51 60 27 54 26 49 44
2 2 2 2 2 2 2 2 2 2 2 2 2 2 2 2 2 2 2 2
42 9 16 24 32 15 29 21 51 42 30 34 40 51 25 33 52 22 33 28
31 49 29 35 44 24 42 59 47 21 39 45 61 22 46 33 24 15 31 28
51 68 69 63 65 58 57 67 35 50 34 70 53 64 40 35 77 61 77 67
96 71 95 75 88 87 84 87 86 85 91 89 82 92 95 96 90 87 85 94
12 36 37 25 34 41 21 36 13 18 31 22 17 19 19 32 24 35 49 20
82 92 64 72 76 87 85 75 91 79 62 82 87 65 91 69 77 75 84 83
87 88 89 85 65 87 81 83 86 75 89 86 69 93 78 77 86 88 80 93
58 67 53 65 53 66 36 54 49 43 43 62 55 55 48 38 50 64 57 61
54 61 38 48 47 41 67 49 70 50 37 35 53 58 54 57 33 71 54 58
41 58 36 49 36 45 42 54 24 36 28 49 45 40 38 59 47 51 17 56
70 78 67 82 77 59 54 80 77 76 80 79 70 82 80 82 63 67 79 84
32 27 16 22 13 24 24 20 28 26 34 31 29 31 20 77 16 32 48 22
94 96 94 94 90 93 93 85 88 91 87 97 77 93 92 93 94 90 86 84
94 96 96 97 87 84 94 95 91 94 82 94 92 98 96 96 96 94 93 97
95 94 96 97 93 96 93 92 94 96 94 96 95 88 90 94 91 92 95 96
25 37 28 30 25 54 23 30 28 53 48 34 19 30 10 37 43 46 30 44
98 96 96 98 97 98 98 94 98 97 96 97 98 98 95 96 95 95 97 94
46 28 50 53 16 49 54 36 48 59 49 51 50 45 36 30 37 46 55 62
55 49 72 68 58 48 66 52 69 72 79 57 79 77 72 66 65 66 36 61
41 45 51 46 42 68 64 37 54 56 61 62 65 70 49 36 54 53 41 53
37 15 34 20 33 36 25 50 31 18 6 21 26 21 33 20 24 44 30 36
10 5 7 6 4 7 12 25 9 17 13 8 4 12 4 7 15 10 8 7
38 34 33 45 38 41 34 39 47 26 40 32 34 29 43 30 42 28 39 47
65 74 40 76 69 81 60 88 68 78 48 84 82 63 55 83 67 74 62 60
38 22 39 40 44 44 20 38 22 31 47 53 32 50 41 57 41 35 30 53
51 71 73 58 61 66 55 61 72 76 60 87 63 69 74 59 67 75 68 71
73 40 45 55 53 62 77 57 61 81 58 30 38 48 70 46 58 54 53 61
18 8 8 6 3 8 8 9 22 13 12 23 11 13 16 10 21 9 17 14
66 71 40 44 59 61 45 50 46 51 47 31 49 58 41 51 57 57 67 34
73 63 74 81 75 88 80 78 92 82 73 69 76 91 84 80 83 83 78 67
31 27 24 27 43 39 53 35 45 37 37 33 19 32 41 39 45 29 25 29
10 4 14 11 4 5 15 19 8 10 11 6 9 6 4 13 13 4 8 19
9 12 9 9 10 11 13 11 13 7 13 13 18 10 10 6 14 14 10 11
66 69 71 49 60 63 55 70 52 54 60 59 47 85 49 76 77 66 69 67
33 30 45 30 31 27 24 56 18 40 41 25 22 20 29 28 26 24 32 24
31 46 30 34 31 59 47 58 26 63 43 33 26 61 17 45 48 37 67 27
34 24 24 17 16 37 15 40 29 10 23 40 38 26 33 20 24 21 36 20
70 70 73 76 64 68 48 49 73 83 69 73 39 51 72 77 47 63 62 50
23 50 29 30 52 26 43 54 45 42 42 32 33 38 26 36 37 33 33 23
45 43 49 61 36 70 37 59 47 64 45 54 39 53 54 35 48 71 68 50
55 60 70 67 75 66 49 45 79 62 57 72 61 47 71 81 60 62 60 50
27 17 15 31 32 20 10 14 25 21 19 24 22 17 11 28 18 29 22 19
56 67 81 70 55 52 82 57 47 67 67 48 50 57 79 34 77 58 57 57
57 62 65 35 64 63 40 45 53 48 56 64 62 70 67 60 60 63 54 69
41 22 22 36 27 18 51 37 38 29 24 21 25 61 50 38 36 26 48 29
2 2 2 2 2 2 2 2 2 2 2 2 2 2 2 2 2 2 2 2
47 60 67 47 56 66 62 53 63 78 55 71 58 67 63 73 58 59 46 46
27 22 21 37 37 22 17 50 16 22 22 36 26 19 46 39 35 25 26 17
28 18 30 11 26 31 24 17 15 14 7 20 13 12 25 4 17 11 13 20
39 22 26 32 26 23 35 37 35 36 12 32 25 19 38 17 28 28 26 24
78 73 83 72 85 74 87 76 87 75 57 71 77 69 76 82 90 69 97 72
22 15 24 21 7 15 21 13 11 13 15 10 9 15 11 14 17 10 17 26
86 92 97 98 92 93 92 92 92 93 93 97 84 97 92 98 78 94 82 89
23 32 23 20 14 28 30 39 24 32 19 23 36 23 29 9 24 21 33 27
12 5 6 21 7 11 12 13 16 3 25 27 27 11 13 18 15 11 18 13
82 71 73 88 77 81 69 72 62 71 70 83 87 70 75 81 90 76 80 82
51 56 34 53 38 76 61 29 36 51 35 54 42 28 32 71 64 55 49 59
59 38 68 55 57 26 34 48 43 33 42 45 60 46 34 43 53 42 67 58
85 83 84 79 69 82 77 67 89 84 86 86 75 65 80 79 79 89 79 82
45 21 28 34 31 27 24 13 20 4 21 16 34 58 15 23 44 34 37 22
23 22 18 21 12 18 18 16 25 14 24 26 11 13 24 37 22 12 9 28
33 36 39 28 27 38 27 23 15 39 14 29 17 17 28 19 22 39 25 16
21 47 28 33 34 23 16 22 41 28 35 13 44 16 45 19 29 28 19 14
63 29 37 49 50 66 36 26 35 40 32 51 64 49 62 52 60 38 38 64
97 87 85 90 92 85 82 87 84 89 95 89 95 88 67 81 86 94 90 87
29 36 32 18 21 50 34 50 49 31 48 38 60 37 60 40 38 53 34 27
8 5 4 8 7 4 8 6 3 4 3 3 5 13 9 8 16 4 15 9
61 60 56 29 53 45 82 66 69 54 37 46 52 75 64 43 49 76 59 54
80 57 67 63 78 87 71 74 86 84 78 72 73 65 80 86 94 80 75 75
79 82 66 72 78 68 80 88 82 86 83 78 65 82 77 84 90 65 59 79
37 50 45 41 53 50 48 50 43 40 33 52 63 60 44 41 50 15 51 46
19 17 26 27 23 38 43 10 30 27 26 6 14 30 12 20 21 18 19 23
91 94 92 85 89 80 81 94 93 85 94 91 95 90 90 92 85 79 87 87
46 18 29 33 32 35 44 26 34 22 25 38 55 34 48 37 18 22 42 35
56 41 78 62 55 42 70 59 54 54 53 50 55 61 54 49 64 64 56 50
8 7 10 11 10 9 7 6 10 8 5 17 8 11 9 15 11 5 5 9
40 39 15 22 38 42 49 42 31 16 62 21 35 57 37 16 49 46 30 38
30 28 25 47 34 40 37 56 30 29 36 56 44 47 42 35 36 39 39 40
96 95 92 98 96 97 94 96 94 89 97 92 96 96 96 89 99 91 87 94
88 94 96 93 96 96 96 83 88 92 96 93 92 92 95 97 91 92 94 93
42 55 53 62 46 33 47 40 76 48 52 55 47 57 34 50 55 33 60 32
52 76 59 18 33 35 37 27 51 33 56 50 53 25 48 29 45 47 30 29
91 87 97 90 91 94 84 77 86 88 88 93 85 89 85 83 89 89 90 92
52 44 46 71 75 42 74 36 52 69 40 43 40 73 67 62 46 42 42 52
95 94 84 85 94 93 97 92 89 98 89 92 79 96 95 92 97 88 95 93
84 87 94 79 72 82 85 82 72 86 88 90 91 77 84 85 89 77 85 90
71 73 72 66 56 83 65 72 66 60 64 59 74 62 59 68 85 57 73 82
50 64 25 50 35 41 22 59 49 31 35 44 41 31 42 43 48 75 36 49
83 74 61 81 83 79 83 87 87 88 82 72 79 82 81 85 76 89 88 87
94 95 94 87 90 81 86 89 83 83 80 86 84 92 94 78 92 82 82 67
31 64 42 29 32 46 45 34 46 35 34 41 41 46 41 55 30 50 45 30
24 26 33 39 42 36 27 51 33 37 42 33 40 54 43 30 34 38 26 33
54 54 56 54 49 50 75 37 63 42 55 31 48 58 36 71 68 28 44 36
93 78 81 63 63 75 89 78 85 80 77 79 88 83 65 84 84 69 88 78
28 32 43 44 49 43 56 34 46 27 39 33 44 49 35 42 47 31 37 27
61 77 64 85 79 83 93 67 87 79 86 71 70 83 88 68 83 56 67 79
76 67 77 90 51 63 68 64 88 94 77 72 92 87 71 66 74 94 81 83
28 15 31 27 27 38 42 13 29 22 21 23 22 11 25 49 20 36 14 9
78 78 82 87 83 86 94 90 86 94 96 91 87 83 82 81 90 90 85 87
78 87 81 69 77 74 80 82 84 80 75 84 95 91 90 85 77 89 77 77
30 42 57 60 54 60 26 57 40 67 36 59 70 57 51 61 37 61 59 58
6 5 4 6 8 3 5 9 3 6 7 4 4 12 5 6 9 5 7 6
21 37 53 47 24 35 23 36 50 30 52 37 45 65 49 30 40 46 21 43
37 42 47 46 51 31 43 37 33 28 32 27 39 51 49 40 33 65 42 35
66 59 82 67 59 80 79 62 80 87 78 67 75 67 84 69 79 69 61 43
89 94 85 88 86 69 93 74 89 90 85 83 88 94 68 84 81 90 93 86
96 95 96 95 96 95 99 94 94 96 96 92 94 94 98 95 97 90 95 95
33 24 26 48 47 44 21 53 42 17 50 35 40 40 23 24 35 37 30 33
27 19 25 19 20 14 11 23 17 34 24 14 13 16 52 17 22 20 37 27
26 19 38 24 13 19 15 13 13 11 18 32 16 18 12 14 27 15 34 23
75 69 58 59 51 59 69 35 57 75 55 51 55 56 55 70 57 68 76 59
24 15 22 24 19 19 14 43 17 28 31 13 10 32 31 14 20 34 25 30
33 47 51 35 37 51 42 38 61 35 34 39 38 36 57 45 36 36 58 72
39 42 53 56 47 49 44 14 44 42 58 48 49 29 53 48 44 59 54 57
22 38 55 29 29 25 53 27 51 36 29 30 52 25 30 31 33 47 31 39
84 82 72 82 67 81 84 68 82 79 82 83 88 78 78 71 92 89 65 88
5 4 7 6 6 4 2 5 3 4 7 6 6 7 6 4 9 8 6 5
