100 20
16 47 32 95 47 9 89 85 38 28 82 59 69 4 83 63 2 38 39 75
14 40 43 89 61 4 86 82 61 49 81 51 63 5 90 58 2 27 42 84
19 44 38 86 64 11 82 76 31 44 69 39 39 4 93 76 2 44 22 77
16 45 41 90 66 8 89 88 35 33 81 29 48 7 87 48 4 34 17 73
16 40 53 88 40 7 96 87 26 30 94 46 50 4 90 80 4 43 32 71
7 50 35 84 61 15 86 89 48 49 93 49 57 9 92 71 5 46 45 82
10 43 62 94 68 4 88 78 46 49 84 44 54 5 92 71 2 50 33 82
17 53 60 86 62 8 92 85 31 19 85 55 65 4 84 54 2 39 42 76
11 47 32 94 72 7 88 92 57 43 88 43 43 3 89 73 4 41 33 71
10 32 34 77 51 4 83 84 41 54 91 43 69 9 87 42 5 52 58 80
9 44 51 92 70 4 82 82 23 48 93 57 52 9 90 84 2 33 27 73
8 45 47 91 55 12 82 76 15 45 80 37 40 4 76 84 2 29 38 62
12 57 36 95 67 5 92 89 58 51 88 53 59 10 89 67 3 52 33 78
10 43 26 86 62 8 87 81 35 36 82 31 52 7 83 61 2 39 43 81
6 48 45 91 27 8 82 72 20 28 86 48 54 5 89 56 2 45 36 80
7 57 54 86 55 10 87 91 49 38 86 44 66 6 83 72 2 21 31 74
5 46 45 89 50 5 78 95 19 27 90 44 61 6 94 57 2 21 42 62
28 36 64 92 69 6 83 83 24 53 91 50 77 5 87 66 2 48 44 75
23 48 48 95 46 3 86 87 21 23 87 57 69 8 97 81 2 58 24 79
12 54 56 85 52 5 96 95 48 34 82 31 67 7 78 63 2 60 25 72
11 30 38 89 61 7 93 84 32 52 83 23 29 5 92 75 3 43 34 74
11 52 31 90 60 4 87 91 26 28 84 33 53 10 90 64 3 35 41 89
14 19 36 83 38 6 82 85 45 23 92 46 62 7 92 69 3 61 41 85
13 53 55 94 54 5 91 84 31 33 96 43 50 7 79 64 4 47 28 85
8 41 37 87 63 5 89 71 27 34 77 36 54 9 75 79 2 57 57 77
10 51 45 84 57 10 89 87 52 46 81 49 71 4 90 72 2 77 37 81
7 67 55 88 68 8 89 83 25 18 94 51 40 8 74 65 2 45 27 76
11 39 56 86 46 7 80 88 37 47 95 34 53 4 94 68 2 41 58 86
11 40 67 87 50 4 95 88 25 26 74 48 66 12 95 70 2 31 29 76
10 49 31 94 77 5 85 77 34 41 81 42 56 6 86 61 3 42 49 91
11 49 50 86 39 5 84 83 36 18 89 34 54 6 94 51 2 40 27 80
6 47 46 79 60 8 80 79 38 44 88 31 47 4 91 69 3 55 21 70
25 68 50 85 40 6 94 78 25 32 81 62 56 5 85 78 3 33 44 62
27 84 45 96 70 4 86 79 29 14 92 65 41 3 85 58 2 53 46 65
7 56 39 94 56 6 87 83 41 16 74 42 65 8 83 64 2 36 37 73
16 39 56 91 67 10 83 81 31 44 63 52 54 5 88 66 3 18 35 73
11 54 58 90 37 4 92 84 43 56 87 73 37 12 97 75 4 21 46 73
9 35 47 96 50 4 86 81 49 19 95 50 30 8 85 71 3 31 33 80
18 27 52 81 56 5 91 76 36 24 86 39 72 7 93 44 3 43 26 62
11 43 38 87 36 9 91 91 47 48 82 42 52 9 73 59 2 63 46 74
18 63 50 89 43 5 89 81 46 30 80 27 78 9 82 79 7 42 52 83
8 32 47 94 56 6 92 82 25 36 69 52 45 11 80 55 2 17 46 68
9 48 37 91 42 3 92 88 44 28 79 25 61 4 91 76 4 43 40 79
10 35 39 94 73 4 94 84 38 21 63 63 44 4 82 74 2 33 54 86
16 53 39 86 64 6 88 91 40 39 81 51 59 18 92 68 2 56 33 70
8 63 33 87 60 4 87 79 29 40 93 47 66 9 97 62 2 27 26 67
23 45 33 92 37 3 92 86 55 26 86 40 62 5 88 74 3 48 61 78
16 65 39 90 53 6 83 76 38 28 91 46 52 5 82 62 2 39 49 85
11 51 50 94 73 7 86 83 34 37 86 31 55 10 86 61 4 52 40 74
16 38 54 89 74 9 83 88 29 44 86 44 44 17 92 67 2 31 57 81
8 62 52 81 37 15 95 80 46 46 83 57 75 5 94 56 5 54 36 83
14 40 35 83 73 7 94 84 32 27 90 38 51 8 93 36 3 30 35 53
4 35 54 85 47 5 90 81 27 34 88 55 67 5 84 67 4 59 29 70
7 44 53 89 54 7 89 85 21 35 87 35 55 7 94 57 2 54 42 66
8 13 43 95 51 8 78 83 56 27 76 36 50 4 77 69 2 48 46 57
7 36 52 93 52 5 85 80 28 28 91 30 51 8 83 48 3 70 27 79
18 52 61 87 50 7 90 81 26 45 91 45 54 12 94 57 3 40 51 80
6 46 46 88 59 5 83 77 10 23 87 22 51 7 84 70 3 38 30 84
19 50 30 87 61 3 86 80 34 28 81 60 67 7 77 50 3 65 42 82
14 27 64 92 49 6 94 89 35 31 87 64 63 12 81 70 2 50 53 83
13 41 46 85 53 16 90 87 49 31 82 55 36 4 86 78 2 43 34 67
12 53 41 87 54 4 98 87 21 46 84 67 42 8 94 78 4 43 42 77
21 37 37 96 38 12 74 75 42 44 74 45 51 10 85 67 3 43 35 92
8 43 69 94 74 10 90 70 37 38 85 33 69 5 96 65 2 55 30 72
17 53 73 89 56 3 97 95 33 14 82 55 78 5 90 70 2 41 53 66
12 32 60 88 67 6 94 88 37 32 77 42 61 14 93 58 3 41 18 77
9 34 37 86 54 9 87 85 24 24 87 27 48 7 87 66 4 43 52 66
13 34 63 93 47 5 81 88 54 28 83 48 53 4 84 78 3 24 54 78
13 46 61 76 44 10 91 84 49 25 85 52 68 8 87 63 3 43 33 70
13 34 56 86 68 21 97 91 46 29 93 48 40 8 88 77 2 64 41 75
8 62 34 89 50 6 87 50 36 43 78 58 44 11 92 65 3 39 39 80
17 32 46 96 53 14 91 83 33 39 76 50 66 8 90 61 2 29 46 76
13 67 62 81 53 8 81 70 35 44 95 48 29 3 87 78 3 27 40 62
14 38 50 94 48 9 91 78 18 12 88 41 57 6 91 74 3 28 29 80
11 53 52 89 70 8 94 93 49 19 89 47 62 5 80 63 2 37 52 72
9 48 57 85 58 13 87 86 42 59 81 41 44 12 96 87 3 56 51 72
11 47 55 91 61 5 84 95 21 41 93 36 55 8 83 63 2 38 29 70
18 53 44 98 60 12 87 66 24 47 86 56 57 5 89 76 2 36 34 84
7 43 53 86 51 4 93 83 38 32 93 41 79 3 93 57 4 19 41 70
9 42 50 85 77 10 96 78 18 48 85 57 51 10 93 53 3 39 54 79
11 55 45 91 67 6 92 77 34 37 87 40 66 17 95 70 2 37 42 81
5 48 57 96 52 12 86 87 33 40 83 49 74 3 85 75 2 45 13 84
19 52 36 76 75 6 92 84 28 42 85 52 37 4 88 70 2 31 41 76
8 57 49 85 51 3 92 87 24 21 77 45 62 3 95 76 2 31 26 70
15 55 66 86 64 3 88 72 18 49 72 56 54 6 91 58 5 43 54 83
11 47 59 80 42 5 94 78 14 41 64 64 57 7 87 61 4 16 47 72
8 54 29 82 64 3 89 91 36 39 72 53 61 6 88 80 3 41 35 66
10 42 49 88 56 12 92 65 37 38 82 50 49 4 86 64 2 31 25 75
6 31 58 91 63 5 90 93 33 12 92 19 60 7 89 70 3 75 36 73
19 49 30 76 40 4 66 73 19 21 82 45 56 5 91 59 2 48 28 60
11 50 70 94 43 7 94 85 35 37 93 39 48 9 92 80 2 56 26 79
11 28 51 94 66 18 89 89 26 24 85 43 58 5 92 70 5 53 45 54
7 41 45 89 52 4 93 80 32 53 71 46 66 8 86 75 3 44 47 72
6 44 70 96 78 8 93 84 38 29 80 65 34 5 90 67 4 39 25 87
12 47 30 88 59 5 85 93 27 37 79 52 61 9 92 58 3 33 44 51
9 62 72 81 51 7 93 82 21 22 88 38 60 9 80 60 2 42 50 73
19 54 51 93 57 11 88 75 31 17 89 50 53 17 96 51 5 22 31 81
14 46 42 85 63 5 93 80 38 70 87 51 61 7 90 47 3 55 37 56
12 40 41 71 43 4 91 87 36 32 92 27 70 4 62 55 3 42 26 78
18 20 43 86 53 6 84 81 16 23 89 45 53 8 90 73 6 49 46 79
