200 20
27 24 86 74 56 68 30 9 29 17 18 63 82 60 48 41 45 2 20 60
19 57 60 27 18 7 7 54 9 54 59 50 28 98 94 36 22 24 93 6
10 75 75 23 4 41 50 63 38 46 79 40 6 84 61 11 7 12 29 36
99 78 63 14 25 21 21 59 71 91 27 42 68 84 84 14 76 46 65 26
74 60 35 17 41 87 87 15 74 64 12 57 56 98 48 86 6 74 46 8
82 52 40 15 31 60 37 66 65 45 27 23 84 96 66 40 5 99 28 46
53 43 47 62 47 49 33 29 86 65 38 58 78 17 27 24 6 3 30 62
27 37 78 71 45 55 86 24 51 76 22 99 20 6 68 74 45 69 82 93
68 60 53 29 52 47 92 53 51 36 13 59 64 22 61 2 27 86 50 60
73 94 96 48 90 37 60 72 95 61 84 24 61 49 87 58 89 87 39 10
81 57 44 43 52 64 16 85 35 8 59 35 2 9 47 36 35 88 26 85
70 67 53 63 10 45 28 75 48 85 35 9 68 94 29 81 24 84 96 16
83 86 63 69 3 38 11 64 23 98 69 3 24 47 9 61 64 31 55 66
17 43 70 56 56 26 77 5 58 89 76 55 83 65 18 20 56 78 38 9
29 91 27 35 41 17 90 32 72 34 21 30 63 51 57 43 90 10 69 92
88 26 36 91 97 97 45 59 50 35 52 27 54 10 66 48 69 89 65 12
68 75 72 83 55 94 46 65 25 87 89 85 67 61 72 13 59 84 15 51
96 3 2 65 25 18 5 67 41 52 75 44 11 99 15 4 48 77 45 6
23 61 33 66 83 17 35 93 96 77 39 70 73 27 24 46 29 41 44 20
72 7 37 78 79 18 68 49 49 69 32 77 8 37 76 44 57 96 76 77
42 73 84 62 79 54 31 23 75 42 88 46 79 62 33 66 52 42 10 86
56 76 8 37 90 56 7 25 7 39 99 82 89 31 53 54 90 88 61 59
75 14 71 46 23 80 38 23 89 63 80 13 66 77 33 21 82 45 83 32
20 79 16 96 71 60 33 75 84 81 42 20 69 88 6 79 92 92 48 95
77 9 7 25 98 77 44 44 3 16 7 95 7 62 45 2 89 42 15 22
12 47 26 10 6 26 96 85 57 74 70 73 9 31 29 80 2 98 63 21
74 33 22 29 28 13 14 87 12 23 76 14 42 75 39 48 74 91 90 14
70 62 80 7 49 72 28 46 11 57 78 83 22 59 24 28 9 89 72 75
55 6 79 32 6 84 57 82 62 40 30 10 12 65 42 27 44 61 89 10
24 34 81 78 44 81 63 86 87 89 32 98 99 16 39 98 64 71 2 82
55 33 12 33 56 99 66 96 36 44 60 77 63 56 46 51 84 63 56 21
69 12 93 46 12 13 90 30 3 53 81 72 82 20 65 99 84 45 88 59
65 94 43 29 37 90 54 91 66 77 22 11 7 20 98 74 20 83 47 20
77 62 79 32 38 7 98 12 35 78 91 90 70 29 94 46 97 10 62 30
48 50 88 58 64 20 69 60 93 21 25 54 55 5 45 56 75 33 55 87
18 50 10 11 6 3 76 82 20 48 29 66 81 82 70 52 96 55 44 39
63 83 23 54 54 87 48 65 34 21 65 16 71 14 11 14 77 55 18 93
68 36 21 67 8 75 72 6 85 63 76 89 23 87 44 20 58 41 76 90
8 74 87 5 95 45 35 99 78 18 54 22 75 73 71 54 82 25 62 91
16 62 38 72 53 78 38 85 95 78 31 44 8 3 20 48 26 34 78 46
66 79 16 11 55 25 79 44 49 19 63 5 52 2 58 60 80 37 17 43
50 24 70 52 2 30 53 99 38 23 98 88 13 12 19 89 70 55 21 20
68 97 33 21 24 72 55 89 2 38 30 6 68 65 57 25 73 50 57 95
26 66 71 25 60 55 6 40 92 33 34 18 85 34 14 70 62 94 6 19
9 45 58 23 95 30 85 37 27 45 64 78 83 56 14 95 88 12 9 65
71 41 38 58 69 96 88 70 7 59 82 17 98 91 44 5 85 76 93 99
11 15 97 47 6 97 89 37 3 91 63 18 91 10 43 61 15 58 11 18
96 11 45 36 52 14 12 40 86 83 73 85 25 93 77 69 6 12 13 3
70 14 98 77 51 92 74 15 10 80 50 85 15 12 91 33 83 94 57 53
23 46 5 39 22 38 89 94 58 62 7 62 76 71 4 45 90 29 72 10
62 25 45 72 60 62 51 25 86 44 52 21 28 93 23 57 39 57 94 36
14 24 46 53 26 98 50 6 33 25 10 48 98 70 24 29 6 91 32 63
80 93 24 98 4 76 94 46 99 43 27 48 2 97 76 71 47 65 9 96
22 81 62 54 9 30 96 56 34 43 45 77 36 95 10 52 15 18 77 34
3 65 82 75 3 4 89 86 8 3 69 32 47 92 73 72 44 43 72 43
18 23 64 71 75 33 65 74 17 3 42 14 95 88 82 35 54 74 59 11
94 79 34 67 81 91 46 15 92 56 15 96 91 11 25 9 77 12 33 9
10 81 21 59 62 43 34 27 56 38 77 43 13 52 37 78 90 73 35 23
29 6 62 94 28 45 65 49 5 89 35 36 33 82 50 77 65 83 57 39
65 47 25 46 60 49 6 71 94 63 93 73 7 3 91 42 91 68 74 4
25 52 54 84 64 84 13 48 38 86 38 83 7 83 41 92 99 52 74 99
36 99 26 72 28 20 7 4 19 66 46 42 52 4 21 50 13 17 27 17
6 39 7 21 16 95 89 47 97 51 90 13 14 70 39 88 16 54 44 41
40 92 44 62 17 60 8 14 31 81 21 67 76 67 82 33 97 24 62 5
53 63 74 64 20 77 90 94 30 15 71 92 2 76 59 60 24 74 71 75
82 59 96 92 42 60 3 54 33 75 64 28 38 86 50 12 87 17 84 44
70 4 61 77 95 71 87 30 86 40 34 60 33 7 76 75 58 47 46 94
42 49 31 44 94 81 84 24 28 75 65 87 35 30 48 58 3 6 74 74
9 66 80 76 94 28 9 95 19 8 68 15 38 35 95 80 12 41 20 51
70 13 62 83 8 24 84 98 55 84 22 16 49 45 91 65 60 32 73 66
45 35 43 70 49 13 64 78 99 24 62 22 31 82 24 22 51 30 76 51
85 95 38 76 53 24 36 64 10 63 61 27 33 80 23 57 57 3 84 86
20 20 8 23 54 71 93 68 14 80 32 3 39 26 5 30 94 64 26 54
76 11 37 31 30 97 21 49 12 14 85 84 41 79 19 22 31 29 43 31
13 76 66 57 70 18 98 91 84 17 14 96 27 68 68 56 78 13 10 83
14 80 39 31 10 62 41 14 26 36 50 76 44 64 76 25 6 15 49 23
75 91 11 78 25 29 23 46 58 14 33 53 52 44 79 51 25 95 36 46
25 23 31 56 71 48 16 20 67 15 41 72 8 2 97 47 88 56 71 4
30 20 23 72 40 52 36 5 8 83 85 51 78 12 9 71 53 51 56 15
42 31 64 84 58 59 97 20 19 50 52 58 55 22 3 31 52 20 99 81
22 18 79 9 49 43 69 46 91 6 87 53 86 83 68 9 18 7 95 49
86 4 26 33 16 43 48 13 96 82 44 78 31 71 26 27 28 29 22 42
34 32 89 39 24 35 46 46 10 3 63 24 84 19 56 25 58 36 78 63
32 7 10 9 65 2 77 53 94 20 35 92 80 34 93 86 85 89 7 4
76 43 37 12 17 13 54 27 59 82 36 51 72 71 16 8 73 88 54 90
60 97 49 22 27 23 84 3 29 59 46 86 25 65 66 26 53 92 67 49
98 31 77 81 94 31 78 37 99 9 38 32 77 5 4 44 7 17 9 94
31 34 28 37 57 69 8 98 24 15 36 89 65 65 17 5 55 96 34 22
36 43 97 52 63 56 43 70 2 71 56 59 14 70 89 28 12 53 29 79
44 57 47 2 47 14 16 45 55 88 4 85 76 90 95 96 77 4 62 58
11 97 11 87 87 82 77 30 25 17 20 29 67 13 5 86 36 29 13 19
25 31 15 12 79 63 56 29 94 54 59 83 9 90 62 43 78 20 93 85
23 17 30 39 42 9 15 81 93 22 76 66 4 91 8 38 61 57 37 3
24 52 66 65 11 93 83 2 93 84 29 19 38 34 38 45 54 71 40 21
98 42 21 57 45 98 99 55 23 34 3 7 47 12 15 50 58 51 87 65
96 33 11 20 51 72 76 76 63 50 75 17 90 88 49 63 10 97 70 41
49 23 99 97 22 20 57 69 49 68 75 65 29 4 12 83 95 7 39 62
82 60 72 81 47 29 17 90 20 89 70 89 86 75 70 31 84 83 2 23
90 68 35 60 35 29 88 4 92 65 6 40 70 42 78 79 98 59 15 50
73 7 3 86 41 61 22 33 72 15 98 31 46 58 94 2 5 80 86 6
18 55 95 56 90 33 11 71 63 53 97 26 56 74 24 29 7 65 61 65
65 71 95 16 41 90 54 20 40 68 11 45 74 13 53 64 78 27 45 78
21 45 80 79 26 20 33 71 2 34 90 60 85 86 18 77 71 71 26 79
77 42 52 42 61 53 51 57 9 17 40 73 4 29 34 87 59 56 90 91
61 19 85 68 66 23 5 78 91 41 98 14 35 36 60 47 43 89 43 90
53 18 96 42 46 25 53 10 78 52 83 5 33 8 20 99 72 81 57 23
56 93 96 18 24 3 50 72 44 19 38 14 2 37 99 82 2 98 79 41
36 16 51 39 23 56 44 41 44 11 53 27 87 40 50 44 5 55 18 13
49 4 92 56 56 88 34 98 90 23 72 46 76 51 85 95 40 55 87 49
82 38 3 97 60 43 87 79 42 13 96 49 9 74 38 23 14 97 58 42
29 34 6 6 44 95 10 19 13 38 15 38 33 22 8 98 74 63 11 2
10 83 14 90 61 96 23 53 85 46 87 11 29 16 83 32 15 24 87 87
53 40 76 38 12 64 7 51 13 50 45 86 13 23 56 29 54 67 72 58
87 58 58 82 9 20 29 79 38 59 70 74 19 15 56 52 49 84 62 50
41 42 34 39 55 13 93 55 28 87 21 48 78 43 15 88 31 89 44 18
7 24 91 81 25 88 94 14 28 88 59 94 63 87 49 5 71 21 52 74
89 25 95 16 5 74 15 46 90 74 11 84 6 79 35 75 70 58 34 81
24 21 62 11 59 90 28 20 89 6 30 96 47 73 52 79 76 54 24 67
5 92 84 58 37 15 67 76 72 7 61 26 56 56 55 78 7 92 21 91
20 4 43 20 46 87 62 13 49 73 11 17 74 75 81 21 73 72 64 15
70 17 83 9 30 37 59 93 39 47 32 99 23 41 67 85 65 92 21 56
19 56 66 93 46 58 70 31 8 74 34 37 85 10 68 77 19 5 92 86
46 37 32 68 75 52 33 65 24 10 70 58 38 84 63 6 62 81 64 13
27 62 63 61 30 75 6 87 26 28 15 13 73 71 18 15 28 12 45 2
60 63 29 13 11 70 43 36 60 95 96 43 14 10 5 90 10 5 66 72
99 80 41 37 78 46 40 40 34 13 86 81 28 2 60 37 47 32 56 50
63 66 8 48 30 87 44 65 12 18 41 97 83 44 12 12 17 9 43 35
98 94 52 99 30 81 56 86 26 51 75 9 72 49 72 11 28 63 2 99
16 27 77 93 95 46 18 78 66 2 69 33 5 35 73 9 87 85 79 77
59 37 91 56 51 72 65 19 41 12 93 66 55 22 69 96 41 53 76 91
61 50 59 14 32 75 58 25 62 33 39 44 94 39 79 99 3 13 78 30
28 94 14 62 97 35 2 93 92 29 98 81 39 91 85 62 79 57 80 62
4 87 51 96 99 53 34 23 56 99 74 74 34 50 30 51 81 3 29 78
92 71 32 62 9 18 80 50 9 49 69 9 88 61 43 46 77 64 94 74
77 23 45 95 57 28 93 69 74 22 58 5 97 65 50 64 84 63 31 58
32 13 91 26 81 82 58 55 3 83 54 83 93 73 8 12 36 93 35 9
18 83 97 30 88 17 6 38 36 21 92 97 40 23 76 17 26 51 79 68
27 70 83 52 31 42 44 25 66 39 2 66 37 76 62 89 60 11 62 27
2 20 22 16 48 92 36 17 74 90 27 93 77 30 73 84 55 82 81 19
38 86 99 72 53 85 35 34 34 25 20 28 88 75 40 8 25 38 77 51
65 18 65 85 68 22 17 78 62 86 82 90 57 89 70 57 66 57 34 10
67 54 25 58 94 43 38 3 39 72 4 6 4 83 26 37 95 78 36 24
98 45 79 32 47 57 76 84 80 73 16 45 26 24 10 34 26 64 86 35
58 14 88 75 35 74 50 85 5 85 12 94 64 22 75 49 86 13 56 48
42 33 62 20 42 66 81 94 32 63 52 48 45 61 83 24 69 70 26 6
82 62 39 22 67 5 80 48 76 44 88 30 23 52 24 39 39 62 25 42
37 63 90 89 26 2 56 66 91 48 48 58 25 65 24 4 79 98 11 86
11 40 68 18 43 6 21 62 63 36 48 65 91 99 26 45 58 46 19 79
36 32 14 65 54 47 12 52 72 90 52 5 63 38 71 2 72 78 89 92
42 78 54 71 16 22 61 8 47 7 22 56 25 78 73 33 28 46 23 18
14 44 22 40 16 2 27 3 88 32 99 48 43 40 76 33 36 36 40 70
15 79 80 8 70 6 33 59 43 32 20 14 18 68 29 90 54 52 83 24
25 81 26 96 32 64 58 42 48 68 52 26 70 67 7 3 88 80 51 76
33 54 68 18 74 14 58 11 2 31 63 71 41 83 91 34 9 65 13 57
85 26 30 24 92 19 72 99 46 88 53 59 77 27 57 99 42 27 36 82
45 25 16 39 32 78 85 90 5 53 11 56 6 80 34 20 2 50 53 96
4 23 11 69 28 90 93 64 32 8 72 4 59 40 73 81 23 4 32 51
44 68 98 90 74 16 3 65 43 76 49 75 68 23 23 29 39 75 59 50
46 29 48 73 76 92 50 20 6 63 51 43 13 57 83 5 97 72 73 84
33 45 13 40 56 16 82 72 97 81 36 5 94 70 10 8 63 56 33 83
86 25 89 62 99 80 83 6 6 38 87 9 54 28 7 20 94 65 12 80
10 97 82 61 12 21 45 48 6 92 67 26 8 10 39 75 39 55 13 59
68 42 65 82 77 47 14 93 99 63 28 72 43 39 64 65 12 49 94 32
53 70 15 99 98 58 69 9 2 97 40 51 99 69 68 89 63 94 28 74
54 19 69 63 25 38 35 72 94 44 21 11 11 96 51 58 70 64 94 53
50 49 12 10 72 7 98 3 38 71 44 63 13 64 64 19 27 44 2 17
45 49 26 46 46 50 57 47 57 36 12 82 79 7 48 29 57 72 63 32
11 17 82 44 11 13 16 34 82 46 68 30 91 15 51 4 56 97 96 96
92 48 59 37 61 67 84 10 9 40 67 34 95 94 45 13 8 89 18 77
83 84 66 8 16 75 28 14 26 43 39 90 35 57 15 40 39 9 48 22
78 13 96 4 68 53 5 41 86 8 21 10 28 43 56 37 97 87 8 37
67 77 6 14 12 56 75 74 5 83 25 88 90 61 82 27 27 73 5 37
81 34 84 13 25 18 84 70 66 13 5 4 21 7 47 79 38 84 22 84
78 92 94 85 43 41 13 11 12 33 91 4 94 26 12 34 66 98 52 19
90 25 86 50 4 69 14 2 31 74 12 22 54 97 33 75 42 9 39 33
17 76 31 8 42 64 99 87 26 53 95 77 19 18 40 69 54 79 74 23
61 2 49 30 85 13 66 30 80 93 4 33 72 69 89 41 87 49 74 32
77 29 59 44 6 47 60 66 29 72 11 35 24 66 17 48 27 74 51 45
8 55 81 86 4 54 97 61 26 51 76 18 32 39 61 12 90 48 24 14
52 38 66 74 55 38 58 13 80 69 42 87 58 23 82 47 11 63 86 85
81 67 24 79 43 55 56 85 29 13 81 84 14 31 99 10 70 54 23 93
57 4 17 84 31 37 4 55 81 49 83 26 32 85 51 72 10 2 61 79
94 24 67 49 54 11 73 13 83 43 11 64 42 55 98 16 34 88 67 89
52 25 71 86 81 5 81 52 82 39 10 17 79 14 53 68 41 33 96 65
9 58 43 13 17 72 46 66 66 57 14 60 63 26 86 95 35 80 73 31
46 31 34 4 86 99 81 21 33 41 65 99 28 95 10 91 71 75 59 74
8 70 38 77 48 65 70 6 85 72 52 61 82 99 56 69 62 75 52 32
41 74 58 95 51 97 7 49 38 4 62 74 90 13 8 23 38 81 90 97
26 47 62 58 66 11 47 75 73 4 31 41 2 98 63 85 78 19 43 85
69 17 35 19 34 36 33 86 98 58 68 13 47 12 81 98 79 43 78 36
62 72 76 22 61 26 63 66 70 19 8 81 63 8 7 84 94 59 88 86
22 40 62 25 51 8 71 46 3 33 10 5 3 88 96 65 88 65 19 77
26 51 56 79 42 3 14 23 72 80 93 99 11 32 93 93 67 6 66 18
26 61 69 80 44 43 96 12 23 32 63 66 91 74 39 89 79 52 81 44
77 15 18 62 75 61 84 22 91 21 72 46 38 44 39 48 31 71 93 8
51 77 6 45 42 14 83 43 57 23 81 39 3 22 69 5 91 21 94 55
6 82 90 83 10 35 45 26 58 10 2 33 46 80 67 37 82 72 35 9
60 9 6 17 84 70 46 53 65 69 91 3 82 52 44 49 72 86 64 44
21 61 71 39 20 56 58 36 71 92 60 51 15 91 6 2 67 9 71 72
91 49 78 10 86 95 28 56 47 65 40 71 20 54 45 40 81 60 55 92
