50 10
24 94 55 85 96 96 19 45 6 11
11 77 39 83 95 98 36 53 11 16
16 97 36 82 97 97 42 50 4 19
18 90 51 68 91 97 35 58 15 21
20 92 66 81 96 98 24 63 5 11
12 95 46 66 91 98 12 65 13 27
21 95 30 66 95 97 14 60 11 12
15 92 55 89 94 87 21 29 10 23
14 95 44 81 93 96 32 50 9 13
32 94 53 79 97 96 9 58 16 14
16 92 50 89 97 98 20 55 14 29
10 94 60 75 97 99 59 64 7 11
22 88 51 78 95 98 37 33 14 10
21 79 52 70 93 98 21 46 16 15
18 85 53 74 91 96 30 53 11 7
24 86 42 90 97 97 27 62 8 19
6 82 60 73 93 99 25 64 9 8
22 92 61 52 96 98 19 66 8 13
13 91 45 91 93 97 31 43 13 17
25 90 54 84 92 96 39 37 11 27
19 92 42 76 97 97 29 54 18 13
30 89 46 91 97 97 26 63 27 17
30 94 43 83 98 98 32 58 8 7
26 78 49 73 95 96 37 41 10 11
24 88 48 94 86 95 18 55 5 17
15 89 29 68 93 97 35 50 18 5
16 94 50 86 97 98 18 36 7 19
23 87 60 63 96 96 50 54 19 14
18 90 62 76 95 98 34 57 10 6
30 93 61 87 95 93 42 34 7 15
15 91 36 89 94 99 35 52 14 6
18 93 47 77 93 99 40 47 22 11
17 93 68 94 96 98 28 24 5 8
23 95 51 81 97 97 27 36 16 12
36 91 57 53 95 98 20 73 17 7
33 90 54 76 98 97 27 54 16 8
23 89 40 86 97 96 31 48 8 19
18 89 41 85 92 98 26 53 11 12
24 86 45 69 90 99 14 36 15 4
19 86 44 79 98 99 23 68 8 15
15 91 44 94 93 96 61 39 18 24
19 95 53 88 95 97 49 41 11 4
17 97 29 79 94 96 34 52 8 11
28 89 30 87 95 96 39 32 10 26
24 79 55 85 96 99 34 60 10 9
43 95 55 80 97 97 30 50 11 19
26 96 66 68 97 99 31 40 16 20
19 93 40 89 98 97 49 63 8 9
33 78 50 70 97 98 41 60 9 6
20 95 54 82 94 94 37 80 22 24
