100 20
34 27 56 95 76 13 47 4 48 24 64 75 58 76 2 36 27 66 15 51
47 38 37 90 67 23 46 3 62 13 80 73 44 58 3 43 46 67 12 58
50 31 32 91 60 29 53 5 49 24 52 80 59 76 2 19 30 59 8 50
60 43 51 96 78 24 51 2 39 13 46 79 77 85 2 23 27 77 13 50
54 19 19 98 75 28 33 2 69 10 59 74 83 75 4 22 53 65 13 46
54 19 45 92 77 40 52 2 36 15 56 70 53 94 2 27 17 52 4 30
65 13 25 77 71 36 38 2 43 18 80 72 65 90 2 37 20 84 5 50
56 20 26 88 70 18 41 2 28 12 73 68 21 90 2 26 32 54 7 36
66 20 49 86 74 19 44 4 40 40 56 75 46 91 2 41 23 76 11 43
48 8 34 92 66 38 29 4 36 14 62 65 69 67 2 20 22 77 11 60
67 11 37 88 69 16 48 3 49 12 51 64 66 85 2 52 26 60 10 55
56 15 50 92 70 14 43 5 33 19 59 75 36 88 2 30 48 68 5 54
34 17 40 83 73 19 38 3 37 10 67 72 38 78 4 38 22 68 7 44
59 23 38 89 62 50 40 2 27 23 65 71 64 76 2 46 43 67 8 39
56 33 43 93 83 16 52 3 46 13 49 80 67 74 3 47 56 68 9 39
60 17 38 85 66 26 44 2 23 17 67 71 59 85 2 42 39 77 9 69
61 42 29 91 68 7 59 2 24 33 50 65 51 86 3 26 42 67 14 29
74 16 41 97 54 33 50 3 40 18 60 64 65 74 2 38 24 42 12 39
55 26 20 87 83 21 36 3 64 19 59 75 55 73 2 47 27 81 10 42
34 30 28 92 82 19 54 2 35 29 52 71 37 76 2 26 23 57 15 44
41 24 48 93 74 30 38 4 47 17 49 68 69 78 2 55 34 53 4 64
62 22 36 92 84 36 31 2 33 35 63 72 45 61 2 30 22 81 11 76
57 20 51 90 75 29 36 2 44 15 83 75 50 64 2 25 25 54 12 64
61 25 52 78 72 22 54 4 46 8 37 63 78 87 2 34 15 69 7 43
54 10 39 94 78 32 35 2 13 22 72 77 50 64 4 42 27 68 12 49
52 29 11 82 77 27 48 3 38 34 52 71 50 88 2 33 51 73 13 46
59 27 31 85 78 14 58 2 26 9 69 82 39 93 2 35 41 55 10 31
50 44 46 84 83 43 40 3 26 23 75 79 27 77 3 24 37 68 13 54
39 24 28 93 53 19 55 3 24 16 57 67 23 85 2 27 38 68 12 62
42 22 25 84 63 28 38 2 39 23 56 77 53 71 3 27 48 54 15 41
49 20 33 95 84 43 52 2 42 22 60 83 47 76 2 51 35 52 8 44
72 28 49 87 79 29 43 3 61 28 55 72 49 74 3 42 40 82 6 64
58 27 31 95 64 42 46 3 43 16 58 71 40 78 3 25 37 64 9 52
47 18 56 88 54 18 60 3 58 20 78 70 61 75 2 39 30 74 8 54
65 10 44 82 86 35 45 3 44 13 43 60 29 65 2 16 27 69 11 48
62 33 41 89 63 28 48 2 48 10 39 76 43 83 2 30 20 69 5 57
46 15 42 85 87 20 53 3 41 23 48 83 58 81 4 62 49 76 11 46
56 33 45 94 88 19 43 2 28 4 57 71 38 74 2 29 50 61 5 60
52 26 38 83 78 32 50 5 34 16 84 82 39 80 2 34 37 66 11 46
53 24 22 87 63 17 57 2 26 7 59 79 52 64 2 40 25 64 6 38
34 23 32 86 55 17 47 9 39 21 51 67 46 62 2 30 22 54 12 36
39 23 26 90 62 23 52 2 47 21 54 78 46 79 2 36 31 30 5 61
39 23 29 90 78 19 56 5 61 21 79 78 49 75 2 40 19 79 8 55
60 26 18 90 60 15 63 3 35 11 58 88 68 85 4 37 36 50 18 47
43 27 36 94 85 18 34 5 58 15 81 77 52 63 2 35 16 69 24 49
61 14 23 92 68 23 41 5 32 9 42 65 75 79 2 26 17 71 17 42
42 30 51 80 53 40 64 2 37 13 62 55 76 83 2 63 30 59 10 33
51 31 35 70 82 30 33 3 43 23 69 63 49 77 2 24 37 85 5 47
54 30 33 88 67 16 44 4 50 25 84 81 35 75 2 29 51 54 7 29
42 17 36 85 78 33 50 2 49 19 57 80 37 86 2 30 30 60 7 62
56 29 53 93 79 28 46 3 38 15 49 62 57 82 2 28 50 68 21 47
39 35 54 75 76 41 44 2 44 25 50 89 32 75 4 44 50 60 11 25
48 16 33 90 59 27 49 2 60 20 44 79 57 75 2 35 31 78 13 45
63 27 30 88 69 14 53 2 32 14 56 64 35 83 2 20 30 88 15 25
46 25 42 90 56 49 24 2 47 14 65 84 33 66 2 33 33 51 16 50
45 33 18 85 68 18 49 8 48 33 67 79 44 82 3 43 47 65 13 47
51 18 17 86 81 18 43 3 37 10 42 70 48 54 3 37 36 70 11 54
45 25 22 96 58 39 44 5 44 13 60 88 46 67 3 34 30 61 6 60
64 29 19 84 78 21 47 6 22 17 74 77 59 89 2 22 35 62 7 61
62 28 22 83 85 47 51 2 34 22 36 58 35 80 2 38 34 68 7 37
55 23 51 91 80 34 64 3 48 25 51 61 44 80 2 39 38 70 8 70
44 25 32 71 72 43 44 5 38 16 64 70 53 62 4 19 48 75 11 49
69 15 23 88 78 34 42 3 33 37 79 73 44 71 2 37 34 57 13 39
70 28 40 81 56 28 51 4 66 21 74 82 55 71 2 53 46 90 13 53
68 33 51 89 70 17 44 5 52 29 45 77 32 76 3 29 36 47 7 49
47 16 29 95 86 35 46 3 64 16 54 76 32 86 3 36 36 62 8 46
61 35 49 90 73 32 55 4 40 11 66 79 40 65 2 25 36 77 14 55
70 31 39 88 76 28 57 3 58 13 61 74 45 76 2 27 15 62 10 56
40 15 27 90 46 32 31 3 45 19 57 64 43 80 4 48 20 50 5 61
57 29 50 96 61 29 58 5 43 8 75 80 45 81 2 33 44 89 5 42
52 35 24 87 56 19 60 2 37 22 80 84 36 85 2 28 31 57 4 41
45 17 44 92 71 46 38 3 33 10 76 70 42 81 2 46 35 48 6 66
44 25 42 76 75 37 49 2 19 11 63 89 57 74 2 30 21 63 14 32
48 33 41 92 58 17 51 3 36 10 58 55 57 92 2 46 34 70 9 35
55 24 25 90 72 20 46 2 32 19 62 64 56 75 2 17 29 54 9 40
34 14 26 83 73 37 29 2 52 11 53 74 43 57 2 47 37 63 4 40
47 19 22 88 71 29 45 2 25 10 63 63 48 77 2 28 58 81 17 33
70 25 41 88 84 27 68 3 35 34 58 88 66 83 4 49 27 62 8 43
53 24 44 88 56 38 29 4 53 15 57 84 63 70 3 49 58 53 16 29
31 30 41 97 75 34 46 6 26 3 64 77 54 69 3 41 43 65 9 55
54 29 47 79 54 30 39 2 54 22 63 81 43 70 2 51 53 80 14 41
42 15 26 92 68 20 50 3 38 16 64 77 39 74 4 36 63 87 12 41
55 16 30 92 68 28 57 2 44 32 65 70 69 75 2 37 46 65 10 58
54 24 42 84 73 32 32 3 25 22 43 77 46 69 3 33 35 68 4 58
42 36 18 77 80 18 43 2 41 20 60 71 54 59 3 37 22 66 26 44
60 16 20 95 69 25 70 2 23 28 67 74 45 83 2 28 25 68 12 55
56 32 48 92 71 8 35 3 33 21 43 81 59 74 2 51 44 50 9 58
69 15 40 85 73 27 47 3 55 42 33 84 44 86 2 36 35 69 7 42
62 14 44 89 61 28 33 3 49 17 72 62 47 78 2 28 35 70 10 60
32 18 23 91 52 33 41 2 38 29 69 89 50 83 4 39 33 91 17 45
70 23 33 94 55 27 33 2 32 31 81 67 41 75 2 44 26 72 11 52
58 11 40 94 76 32 38 2 56 21 58 67 38 86 3 28 41 74 10 35
30 32 42 94 72 15 50 2 30 16 64 67 44 75 5 43 37 74 6 59
55 21 24 89 72 22 60 4 43 26 54 71 61 73 2 23 36 78 10 38
36 19 32 94 78 27 49 3 41 12 41 38 59 71 2 24 39 53 8 53
58 13 24 86 72 12 50 4 56 10 45 86 74 70 2 43 31 82 14 31
53 27 30 83 64 29 36 2 29 15 61 79 23 69 2 44 35 70 11 59
65 23 25 93 74 33 31 7 45 11 62 81 62 86 3 24 46 92 12 41
45 27 32 86 68 32 46 3 53 10 66 68 48 76 4 26 31 76 15 61
42 21 48 92 67 8 52 2 47 20 52 79 56 86 2 38 45 59 8 28
