100 20
85 16 53 74 42 80 71 12 28 7 14 87 7 92 65 23 77 80 41 70
9 96 65 95 38 33 66 50 89 12 99 58 42 82 96 97 10 90 4 83
4 96 83 3 33 33 24 71 23 75 42 63 73 25 99 7 28 49 5 14
34 48 4 12 74 24 82 94 27 47 43 8 28 13 63 24 93 79 33 70
47 47 24 55 46 20 21 54 4 86 14 36 4 10 25 61 10 30 78 12
73 48 22 84 92 14 11 57 26 2 56 40 92 7 97 20 14 40 5 68
25 83 69 18 24 63 64 56 59 23 88 60 75 81 93 28 60 92 79 55
18 55 49 32 40 46 98 90 25 45 60 3 13 29 71 18 29 19 49 95
38 46 84 71 97 17 9 59 7 48 49 66 59 55 90 32 15 9 64 8
19 51 4 21 13 80 93 6 5 80 57 7 63 47 96 19 64 43 38 94
46 67 10 83 48 44 97 45 65 36 37 52 52 74 18 47 49 15 45 15
85 10 38 90 73 39 48 40 59 22 84 88 14 30 51 92 29 14 10 41
29 89 26 23 17 54 61 45 55 28 4 95 67 41 37 11 90 91 50 41
53 14 5 96 4 33 86 54 3 54 59 4 66 65 79 13 71 91 41 39
89 43 63 92 9 37 60 90 18 72 47 46 39 17 96 55 49 47 82 70
22 43 58 45 86 24 23 51 98 39 26 27 71 63 13 31 72 47 31 22
94 53 38 83 82 74 15 66 13 52 28 75 50 89 28 62 75 76 59 15
87 55 23 63 66 73 52 17 5 62 7 48 63 38 6 30 58 96 71 35
5 99 91 36 24 88 92 71 72 19 48 34 92 43 6 39 83 27 29 93
92 39 50 11 20 54 61 52 4 73 43 37 2 3 74 63 64 93 92 63
64 33 98 15 54 84 78 90 92 64 62 44 49 78 45 61 83 99 67 44
11 50 41 22 7 75 82 39 17 18 66 65 17 12 39 62 27 95 83 64
77 7 50 59 94 42 37 74 12 26 70 75 28 64 44 91 86 16 80 76
29 4 90 26 89 44 5 24 17 98 17 57 60 73 59 95 46 30 17 86
82 7 55 42 84 54 2 18 59 84 10 44 20 32 67 80 3 90 8 50
69 3 98 31 73 54 27 99 46 19 64 17 67 95 24 48 95 42 85 17
79 62 53 44 36 23 75 23 47 25 32 34 95 85 65 35 20 52 3 75
66 69 42 89 47 31 59 4 28 34 21 25 76 88 10 55 46 89 94 17
80 44 51 12 37 80 22 44 83 25 76 47 70 15 70 2 61 87 91 24
46 89 6 74 6 10 56 99 26 66 48 84 87 68 96 63 59 11 52 40
51 76 3 68 83 7 50 43 79 46 84 97 48 86 20 35 28 23 54 85
22 89 41 74 59 28 84 26 42 15 23 23 32 55 12 96 11 80 78 50
91 55 99 94 76 69 28 37 66 69 30 93 38 76 85 72 17 22 68 73
98 2 62 46 27 64 94 71 20 99 46 23 24 90 65 55 90 47 26 51
54 84 68 22 21 38 38 98 33 22 90 67 15 79 22 2 47 96 32 78
7 66 26 24 14 66 71 3 30 32 88 11 7 56 26 93 66 11 40 40
38 25 13 39 40 71 57 41 63 85 35 41 2 78 74 52 21 23 47 64
92 81 10 18 53 66 60 87 88 27 32 61 16 3 30 7 78 78 62 95
59 94 13 9 84 87 69 76 6 20 41 95 10 19 47 62 7 21 87 32
19 18 54 74 37 36 32 7 11 9 49 14 19 97 62 48 53 69 17 40
94 82 51 38 10 42 12 2 98 38 38 12 60 97 89 89 33 55 73 80
25 67 21 75 71 80 93 54 61 55 35 9 78 29 19 76 98 6 61 4
29 55 37 7 53 13 14 54 53 65 81 8 74 33 58 48 73 90 32 39
25 73 89 54 52 59 67 80 63 5 66 41 90 92 95 60 13 83 31 45
63 34 51 9 88 46 74 27 80 79 20 38 35 44 41 53 35 48 99 16
53 63 43 27 36 17 11 3 72 80 69 94 50 63 50 45 95 74 34 18
39 44 18 51 24 83 84 25 75 68 70 44 48 81 66 48 15 51 45 23
75 53 41 71 80 56 29 30 81 93 14 37 77 89 58 19 17 7 32 45
45 30 24 47 66 45 72 23 97 33 66 2 79 69 26 74 78 99 55 13
93 12 25 73 93 35 54 75 67 64 7 43 30 80 89 94 97 35 75 10
85 45 23 9 40 49 60 54 6 27 78 41 62 78 65 20 94 52 28 6
91 38 48 14 96 21 12 13 76 31 36 93 63 16 30 2 7 84 82 39
90 92 47 64 8 44 84 48 88 50 7 11 91 83 76 90 2 51 25 34
48 88 19 89 26 26 71 67 8 73 19 37 18 82 36 8 31 47 33 19
43 12 83 98 90 93 2 64 12 99 17 97 41 73 89 98 15 18 44 54
49 33 48 93 93 6 75 92 56 25 18 80 84 86 6 24 66 63 63 75
91 24 64 3 9 11 71 32 22 97 34 2 24 52 40 35 85 14 77 32
10 52 17 10 38 7 20 90 46 87 59 52 52 9 17 57 2 87 49 92
9 97 11 15 38 8 88 21 74 52 42 38 97 23 98 2 91 66 40 33
30 43 17 9 9 87 19 9 11 67 95 39 9 55 38 58 31 75 39 75
91 72 18 69 42 26 37 12 24 35 15 3 68 90 75 39 91 47 21 14
19 27 58 23 52 15 66 79 56 85 71 5 36 66 61 52 35 96 27 86
14 99 6 37 31 46 31 99 21 52 64 8 40 30 99 43 38 4 30 23
50 50 76 15 66 15 7 54 99 77 47 42 22 15 32 82 33 66 90 90
14 28 62 22 87 15 88 59 81 4 53 74 55 79 3 9 81 61 63 81
49 33 44 67 76 71 18 51 81 98 86 77 71 13 64 30 48 18 76 33
72 70 24 98 39 44 35 8 3 84 77 7 28 62 67 56 23 73 22 99
16 80 59 52 46 58 85 42 75 95 93 2 79 92 9 39 64 14 78 67
54 35 52 36 68 43 39 43 41 23 59 57 17 29 9 89 21 83 34 49
60 8 20 41 46 16 25 93 18 64 89 90 24 44 63 27 41 64 15 15
68 14 90 77 70 46 37 55 48 69 51 81 19 42 27 65 22 44 33 83
99 73 27 23 4 48 63 17 10 58 56 3 90 78 99 14 44 30 76 49
81 71 67 83 10 61 88 67 43 18 92 69 30 4 65 50 68 57 31 20
13 10 63 71 80 85 60 41 92 2 48 23 24 26 55 79 48 56 56 82
94 49 51 51 89 78 62 18 87 76 48 50 5 13 23 93 67 96 65 59
61 73 80 70 84 85 72 99 15 86 91 49 71 16 89 6 59 58 2 39
92 64 23 41 17 93 31 66 74 98 50 9 89 30 24 96 38 6 61 48
90 42 24 38 40 95 58 90 54 40 10 53 98 82 82 79 20 87 63 95
30 68 24 5 9 15 85 30 37 6 96 59 24 20 63 25 57 9 83 36
62 4 90 23 88 81 96 85 65 10 24 85 29 99 57 30 57 78 17 91
69 53 61 65 14 50 11 69 29 93 74 50 66 33 37 91 63 4 34 99
19 73 55 32 77 19 11 70 6 70 71 79 88 92 80 90 45 7 54 93
5 45 20 96 5 97 68 47 22 62 79 61 23 49 96 60 37 41 45 70
97 23 37 91 8 52 19 53 73 29 14 74 41 41 30 37 56 99 37 90
81 52 10 23 12 63 60 39 35 8 28 35 91 90 67 92 80 59 50 83
55 49 89 22 68 36 27 3 56 43 35 60 27 49 75 41 38 26 21 36
40 78 57 6 40 47 96 54 36 13 12 89 44 8 60 33 23 49 18 30
68 45 78 48 13 49 82 87 97 54 2 76 57 47 51 3 5 92 40 99
10 44 82 77 16 6 38 13 44 50 6 86 76 86 78 3 40 32 59 28
76 4 70 83 75 56 3 71 48 77 57 31 19 53 36 62 74 37 55 23
71 60 16 6 46 23 35 97 17 93 21 91 7 39 74 74 50 38 60 48
21 23 63 65 19 66 41 26 94 90 20 19 93 95 40 27 58 11 45 81
60 93 90 53 76 62 73 12 99 35 78 36 9 19 90 80 24 15 57 77
47 7 56 52 44 24 37 51 76 2 57 65 59 88 51 61 45 51 78 11
43 21 84 41 78 37 95 64 36 38 17 96 65 77 59 68 77 90 55 37
58 87 8 26 18 44 35 18 5 50 70 8 55 93 24 25 2 19 68 98
83 47 70 27 46 95 68 2 15 2 98 47 32 9 45 46 55 87 19 40
31 5 47 23 71 33 64 88 47 57 85 85 93 47 46 55 14 20 79 79
90 58 96 70 53 68 37 49 96 16 57 45 41 17 31 14 66 64 13 93
86 89 12 76 35 26 70 29 82 20 99 72 63 38 52 17 14 48 42 56
