200 20
12 91 36 44 43 64 17 51 34 55 47 45 98 49 95 55 88 63 52 88
74 40 70 18 21 44 60 46 88 95 88 93 4 51 94 83 19 92 83 35
29 58 95 86 79 93 31 7 8 9 17 66 97 12 9 76 73 62 97 75
98 6 64 72 40 93 32 53 19 20 38 44 3 92 91 86 82 41 23 28
82 12 27 27 66 77 91 17 19 84 84 26 86 14 39 19 74 42 62 48
80 71 38 21 71 88 56 86 29 52 67 18 79 95 25 35 13 39 19 75
91 31 48 49 86 99 78 41 13 6 84 96 79 30 98 68 37 4 39 16
26 85 58 99 48 88 45 17 36 22 8 25 28 86 62 84 58 82 9 83
3 51 8 29 10 78 20 54 70 73 13 43 70 23 56 31 75 23 58 34
53 98 77 93 54 71 20 55 27 78 42 55 2 75 79 8 48 12 31 43
53 66 57 8 16 38 21 60 86 94 87 43 71 22 81 11 65 84 87 6
31 68 2 74 90 50 21 24 49 74 67 77 63 39 87 43 81 54 26 17
43 85 88 44 35 49 84 5 97 86 14 20 29 81 69 78 50 9 26 13
78 15 63 54 11 38 3 38 46 46 77 13 34 48 28 35 60 64 30 93
11 10 31 94 96 31 95 81 37 55 20 84 42 47 28 5 58 78 36 46
58 17 33 53 36 72 82 96 68 13 19 26 19 98 59 82 67 57 84 75
22 60 12 66 81 84 2 81 15 42 98 67 75 81 48 3 50 29 5 90
38 92 31 84 77 92 28 56 63 82 46 18 90 33 32 25 81 66 57 55
35 39 88 82 2 54 81 40 88 35 32 35 68 78 58 95 26 18 32 40
39 4 11 34 77 12 68 73 22 6 89 4 4 37 66 38 60 98 81 44
34 56 14 73 40 18 92 50 20 76 35 19 82 27 58 70 21 12 78 39
61 19 59 51 18 22 98 88 13 8 17 43 31 30 58 84 50 89 30 90
34 32 68 69 95 9 54 2 60 16 27 37 70 27 22 94 34 86 52 89
68 46 87 40 89 66 81 85 23 71 26 15 77 49 54 49 70 94 21 35
16 72 87 89 85 34 95 88 81 37 26 60 73 62 55 83 22 61 99 60
5 45 30 68 66 25 67 80 23 80 95 44 6 53 57 56 11 5 90 75
9 70 24 37 62 96 67 67 41 70 70 32 47 85 52 90 44 95 98 91
68 10 26 48 87 4 59 20 46 74 39 15 20 12 63 16 26 97 9 45
13 46 26 98 31 83 16 77 90 99 56 89 58 2 73 26 52 30 62 5
63 75 81 40 30 81 53 19 47 89 77 37 65 13 60 97 69 66 92 36
15 74 76 20 83 60 42 20 53 55 28 26 14 92 98 61 33 46 22 2
53 9 15 27 50 33 16 36 54 12 62 23 88 63 37 37 55 53 86 3
37 94 45 61 98 57 64 29 73 58 95 37 75 55 7 78 79 38 81 85
6 48 61 34 20 12 58 67 89 83 23 29 9 52 93 9 89 44 73 83
53 26 90 75 89 53 59 3 67 63 19 24 81 75 72 59 45 74 34 12
26 42 86 73 61 9 13 34 92 48 54 28 54 65 45 64 7 7 44 63
64 6 11 15 56 12 51 36 32 75 57 83 4 29 78 97 7 20 10 3
53 72 31 5 59 65 58 98 65 15 62 53 10 39 53 93 20 70 92 30
63 56 20 35 61 85 17 73 41 47 91 67 94 51 10 16 90 57 43 28
44 36 4 27 34 12 77 49 8 98 82 27 54 40 68 71 81 27 48 65
52 72 69 38 80 55 22 87 44 9 64 61 95 45 25 21 88 48 55 26
13 67 93 32 99 31 11 2 42 42 17 55 32 9 21 25 90 70 66 47
15 15 57 64 17 10 17 64 18 37 59 52 82 2 2 67 5 75 75 95
8 99 78 72 35 37 54 45 86 28 25 97 97 15 93 39 18 83 28 82
6 95 54 54 27 40 8 60 31 99 87 63 64 73 51 34 83 76 31 75
6 71 10 90 77 88 75 22 86 23 59 83 76 54 5 89 77 68 38 61
39 2 46 17 43 45 79 56 58 58 31 97 97 47 37 28 42 75 62 53
85 26 71 88 65 55 34 61 75 94 80 88 77 87 37 31 45 75 9 27
45 49 41 21 85 96 22 67 54 31 49 3 90 91 24 81 63 45 75 5
72 69 23 24 4 12 8 84 33 69 85 23 26 86 19 83 29 65 31 4
3 95 41 81 62 55 21 28 19 98 22 36 26 31 91 11 14 17 74 87
3 54 31 54 9 45 14 95 44 43 21 98 8 11 94 66 65 58 90 89
82 67 8 6 85 73 49 99 26 47 42 69 30 97 5 44 90 77 83 65
95 29 25 92 39 33 40 99 21 91 88 37 15 18 58 30 40 13 27 21
26 26 62 63 99 79 55 12 92 87 19 27 67 99 98 46 67 91 42 83
18 87 89 22 81 57 58 7 76 9 34 17 63 7 70 30 23 78 36 84
34 45 39 91 24 55 74 9 8 28 21 83 12 18 48 48 49 28 72 9
27 36 88 89 60 91 32 99 13 62 70 48 10 30 7 32 26 43 70 3
48 50 27 78 54 52 46 19 63 48 76 84 72 58 9 68 95 51 58 92
82 27 17 70 60 38 63 48 40 36 8 5 43 7 80 99 46 85 56 48
25 84 57 12 51 85 93 56 39 72 76 65 44 85 78 34 52 26 35 6
30 84 2 24 73 41 26 55 7 47 99 34 42 26 25 62 64 7 36 56
15 87 52 29 38 81 70 40 78 90 24 51 86 58 27 68 9 14 18 9
94 70 22 16 62 40 94 76 95 29 22 86 2 62 94 92 71 96 58 79
75 13 59 69 63 79 61 73 13 32 82 48 68 19 39 48 38 29 12 88
99 26 17 41 64 3 82 17 70 66 24 7 55 6 59 19 66 30 47 13
54 24 2 21 8 37 58 59 26 16 18 14 71 44 53 83 66 42 25 20
72 32 6 23 50 15 53 77 35 56 7 56 4 97 20 48 88 32 55 70
59 83 47 41 46 22 64 83 74 27 92 69 75 30 66 31 35 26 35 52
23 77 24 53 45 23 82 68 8 4 48 93 78 67 32 51 42 41 9 38
42 60 85 69 19 12 84 40 63 91 14 88 48 96 10 87 88 38 36 12
55 89 87 80 79 70 43 31 67 93 63 69 18 52 93 76 36 10 2 39
60 80 42 93 28 34 72 4 43 99 7 10 25 83 48 3 13 84 58 58
7 16 44 26 5 87 46 64 84 47 53 72 22 75 54 23 8 96 62 69
8 61 38 94 65 21 9 49 4 17 53 18 42 77 71 21 3 49 58 38
28 56 44 2 12 96 39 71 54 63 30 42 90 59 43 2 24 66 48 52
43 59 87 95 75 89 73 49 90 83 51 84 74 51 49 86 88 58 55 16
29 6 84 39 28 22 69 46 24 54 58 95 15 74 52 97 45 10 96 84
29 83 82 63 93 59 62 79 85 63 83 77 71 70 82 22 85 6 43 2
63 95 10 37 57 73 75 39 27 74 5 13 40 64 48 33 93 14 62 81
75 30 65 94 40 63 89 54 33 70 21 32 87 51 94 99 82 10 94 75
44 22 72 18 67 41 33 34 57 46 39 90 44 46 58 19 41 24 56 22
57 57 55 70 95 97 45 76 17 63 15 48 50 71 61 96 34 37 37 54
80 60 30 54 37 68 70 37 79 35 51 21 35 98 62 16 48 5 80 30
3 33 50 78 87 13 91 56 87 14 5 24 77 11 45 98 9 41 49 66
7 37 57 34 80 7 36 3 24 9 23 43 8 37 46 82 80 99 87 18
61 51 95 32 33 73 50 21 5 50 35 79 3 62 77 42 92 81 67 85
30 74 91 4 46 97 37 88 37 63 55 31 76 45 44 48 4 22 75 15
20 60 96 9 34 82 31 46 9 21 63 60 28 68 7 82 58 94 99 12
32 49 11 87 66 60 49 49 88 54 27 3 51 71 72 85 83 97 13 54
83 30 88 76 97 3 39 50 15 75 52 86 16 44 18 33 88 91 73 4
62 32 41 62 65 98 3 68 62 67 85 43 12 84 52 17 20 64 18 8
68 94 35 26 42 20 83 51 92 23 80 5 12 11 89 48 82 39 40 62
47 74 16 6 81 55 96 77 10 64 8 44 5 96 64 29 10 2 78 55
23 90 12 60 73 57 4 30 9 67 16 98 86 54 81 84 22 6 84 99
12 74 52 35 64 59 60 67 36 61 11 97 41 21 51 27 50 49 83 29
24 20 51 8 6 72 27 87 70 57 56 19 59 53 7 84 33 3 86 77
32 57 88 12 96 49 35 28 31 16 54 15 33 84 69 19 88 70 78 97
63 79 22 54 58 5 64 65 14 92 35 53 88 14 8 40 21 94 80 64
69 5 30 82 94 90 43 57 85 56 73 65 53 76 80 82 90 93 78 63
69 29 62 61 24 92 85 22 78 60 78 76 98 26 38 78 55 75 4 56
52 95 65 24 86 47 54 75 58 23 30 53 12 55 48 37 38 98 80 91
12 31 70 71 31 68 16 42 8 41 63 85 83 54 51 73 94 13 23 32
66 16 75 88 68 63 59 82 83 83 12 31 95 77 8 39 52 46 5 79
75 48 51 57 30 19 82 84 71 3 93 20 39 91 70 8 85 85 36 28
63 10 72 28 12 26 2 56 5 47 24 6 24 58 88 96 47 29 92 36
62 76 97 52 61 54 56 26 55 33 47 55 37 27 49 73 14 48 22 66
73 14 62 46 88 42 53 58 60 39 13 47 53 65 5 67 55 61 51 23
96 14 59 17 47 87 60 61 90 94 76 21 83 72 40 75 81 98 16 50
87 68 66 43 3 6 35 76 69 96 40 37 6 5 22 8 9 5 66 30
23 40 15 18 28 95 24 53 5 73 16 16 39 26 44 23 49 78 97 25
58 16 27 52 72 20 59 94 54 21 57 90 24 55 24 67 34 3 23 87
15 36 50 39 59 77 93 71 39 33 23 84 67 35 5 47 42 78 90 9
36 45 80 64 31 18 17 60 63 70 2 92 15 47 2 18 83 85 91 30
43 76 82 58 72 20 10 73 38 63 59 14 51 66 69 72 97 93 93 26
75 74 97 43 91 26 30 5 87 87 38 49 71 96 33 89 96 64 40 71
77 29 29 19 65 4 38 48 16 52 11 81 4 33 81 81 64 76 20 4
80 33 73 94 18 97 14 82 23 42 15 7 21 71 13 54 40 82 41 78
85 57 50 80 96 93 24 76 38 18 87 69 76 73 28 25 36 87 15 39
40 80 76 28 55 3 39 29 61 94 25 11 10 3 95 78 67 26 91 70
49 95 40 69 38 4 35 9 29 16 9 95 17 72 63 98 79 99 29 91
75 20 52 45 32 86 67 72 35 43 48 29 11 62 65 35 27 24 10 35
64 43 60 85 50 21 21 10 85 88 56 7 53 81 99 3 42 38 32 44
34 40 68 26 8 42 6 49 49 54 15 31 32 77 67 77 24 81 93 89
33 3 56 98 91 93 74 57 54 91 24 16 42 85 39 33 24 49 40 70
18 53 79 58 11 99 2 77 76 40 54 41 47 25 74 95 47 14 65 46
19 32 35 13 24 67 76 92 44 42 66 92 66 20 72 40 41 5 74 31
3 85 41 79 2 3 54 52 65 25 4 52 11 2 17 63 23 30 39 82
2 26 33 16 74 83 64 29 66 43 77 43 90 10 76 16 24 39 32 95
42 8 39 81 14 92 12 57 35 58 13 6 25 75 34 89 68 64 2 25
75 20 60 87 25 31 47 26 70 23 60 89 35 73 85 37 52 25 97 31
12 61 91 46 20 98 18 20 84 53 43 92 71 52 92 90 38 86 76 36
92 16 75 52 3 37 84 68 11 50 77 55 77 93 11 97 58 99 72 6
75 75 86 45 8 91 37 84 55 27 68 15 30 14 65 40 21 37 31 9
99 98 27 37 60 7 79 66 34 65 41 49 64 82 76 30 18 33 17 67
20 86 19 32 7 29 26 87 32 55 52 57 5 89 20 81 97 90 65 60
86 74 4 85 40 33 26 19 66 56 14 24 35 71 63 73 59 13 98 25
41 9 51 28 76 83 6 62 71 79 27 27 22 68 74 96 83 15 80 76
36 79 22 53 50 14 17 39 38 42 58 17 73 23 17 95 26 67 90 66
59 22 92 86 31 89 56 83 38 77 84 39 5 8 35 49 80 75 4 54
93 81 96 62 89 37 40 19 30 4 22 76 65 32 78 63 98 89 34 63
33 11 6 80 46 17 21 27 27 21 35 96 79 10 6 98 28 6 18 87
15 97 68 87 64 7 5 27 58 59 72 73 95 28 19 25 60 95 92 76
66 56 29 95 23 63 62 99 33 34 69 37 27 17 71 67 21 46 4 99
27 12 13 91 14 67 24 32 73 62 79 85 95 85 86 45 8 33 22 92
62 53 35 27 80 54 96 44 83 46 12 10 25 48 7 15 4 51 86 17
31 83 6 23 88 46 29 96 34 41 28 21 79 51 97 68 83 40 41 24
7 71 7 99 20 68 43 15 83 38 25 8 52 32 94 40 57 9 13 95
65 62 51 91 6 37 74 92 28 78 93 96 98 21 46 14 97 81 30 60
32 6 92 45 9 50 39 98 55 56 73 82 23 9 79 69 72 77 34 68
85 51 94 32 74 80 49 96 86 24 34 97 33 29 49 41 16 22 28 34
38 43 28 8 76 4 53 13 89 73 13 3 24 62 29 95 77 16 40 78
2 28 60 78 42 43 85 88 62 67 8 93 69 50 15 67 87 66 90 16
25 42 6 80 4 85 80 64 25 57 12 58 53 76 4 68 19 19 78 64
5 63 15 16 57 57 33 78 57 65 73 65 29 51 52 82 81 69 68 23
2 31 29 4 14 87 86 64 54 4 58 70 96 92 65 73 71 2 21 36
64 16 66 97 11 61 37 62 27 79 99 6 8 78 56 71 16 49 76 62
84 65 67 58 18 12 78 44 22 82 35 56 6 21 89 15 41 46 38 40
45 5 23 21 77 85 48 24 97 20 96 77 14 9 15 48 43 30 97 16
88 52 60 31 23 65 35 34 48 38 77 84 24 60 58 21 8 84 29 62
23 18 98 90 81 44 15 58 80 77 17 89 74 51 42 98 59 6 20 80
66 20 6 15 53 77 64 85 40 47 58 65 14 83 8 56 25 3 25 35
2 61 96 53 3 15 62 78 22 88 18 79 15 72 67 77 88 90 31 99
98 97 3 95 79 51 20 2 48 41 90 69 96 42 74 27 42 73 59 62
34 54 19 32 41 63 66 14 11 10 75 30 72 99 74 77 65 58 7 80
97 14 53 40 28 28 41 7 96 68 9 50 72 23 71 26 88 98 3 84
95 97 5 81 32 53 10 58 44 62 50 40 27 93 84 37 64 66 68 29
51 41 86 7 20 45 87 28 64 83 14 95 94 60 32 57 29 26 72 53
36 40 24 70 58 80 10 81 94 72 98 59 71 94 87 26 67 6 89 66
4 51 56 38 57 99 74 88 40 70 36 63 93 58 76 25 83 67 40 72
88 14 39 95 39 89 17 29 61 6 7 86 99 2 62 50 5 7 15 47
32 15 90 11 83 7 73 16 86 57 65 69 66 85 53 69 66 86 98 79
54 88 74 26 60 40 60 8 83 47 50 2 67 81 99 51 2 10 70 96
15 42 66 45 23 86 27 27 37 19 99 33 92 53 65 54 57 82 46 56
32 76 20 82 44 69 28 31 69 4 89 80 67 65 27 63 59 78 14 81
60 60 72 81 91 10 80 75 19 63 47 46 45 21 67 38 99 95 87 7
78 15 31 73 78 80 50 39 58 44 2 18 13 20 85 87 11 19 65 6
72 71 29 52 64 59 66 35 34 37 18 91 92 48 31 82 64 38 5 53
47 28 20 57 91 11 14 87 73 32 50 22 49 92 79 60 7 87 75 54
12 86 85 25 66 53 14 67 59 49 48 49 72 43 16 12 58 87 20 17
34 35 34 51 59 69 24 97 74 59 43 9 55 9 40 14 29 73 88 12
4 61 56 38 55 10 59 34 71 86 93 24 97 2 81 19 89 27 42 48
32 99 12 66 64 14 43 16 33 55 26 89 47 23 15 51 53 4 93 73
41 38 16 8 7 90 95 15 26 79 90 84 64 39 71 55 72 62 78 35
61 28 34 68 81 92 35 86 36 16 87 22 43 48 79 69 64 5 93 27
21 13 33 2 28 49 35 29 64 50 92 96 67 27 38 40 5 88 55 15
17 93 64 50 93 38 33 52 84 71 35 40 80 59 2 52 86 29 62 73
62 78 48 67 73 59 40 22 47 71 23 81 14 6 18 72 53 62 60 2
40 53 63 81 2 74 43 8 9 70 9 71 69 48 17 94 14 15 4 92
64 67 50 80 47 31 99 40 89 49 3 88 99 18 97 25 52 28 98 62
57 67 84 44 62 96 61 10 28 69 23 41 66 14 77 27 77 74 65 27
93 86 83 41 81 10 11 79 55 44 38 14 49 53 90 54 2 56 84 62
33 50 73 89 65 76 75 41 18 97 98 33 34 27 62 70 73 3 37 80
54 37 5 41 87 83 31 3 99 96 21 61 86 87 37 71 16 24 76 67
60 5 51 75 2 81 78 71 88 6 85 14 56 86 80 38 91 3 37 9
66 83 25 24 33 70 53 36 63 53 90 70 37 78 16 37 51 63 3 58
71 4 5 26 38 62 48 54 50 89 8 90 95 90 83 23 95 91 65 26
72 94 81 95 84 65 67 94 79 32 67 70 77 7 74 25 4 76 89 43
47 92 20 21 65 55 99 31 62 33 9 42 15 23 82 43 46 52 60 57
12 41 18 21 65 88 9 92 12 48 99 35 16 71 73 68 49 93 18 67
