100 20
91 10 73 27 21 16 95 19 24 30 20 8 80 78 12 10 15 80 39 61
41 37 49 16 11 29 90 94 24 17 25 16 98 54 16 16 2 53 15 24
62 54 42 7 34 43 38 32 22 54 16 58 17 19 9 87 76 86 54 31
94 29 97 86 86 68 53 78 98 13 38 84 17 35 61 62 5 82 54 3
8 98 57 87 14 44 69 8 69 46 56 50 54 28 53 57 91 38 91 41
34 88 24 8 30 34 57 22 95 59 9 39 47 59 60 57 72 7 8 91
90 99 42 29 92 97 62 36 29 74 48 24 49 41 55 75 75 93 48 24
87 19 21 44 53 49 69 81 2 80 78 40 76 77 37 99 91 56 41 13
26 61 85 43 11 65 40 97 9 68 18 80 79 37 54 69 86 88 42 21
88 93 69 12 54 87 88 29 15 60 2 15 45 53 32 98 79 33 87 79
44 8 25 35 70 47 95 43 91 37 18 45 86 96 53 25 82 72 36 77
48 77 22 74 65 72 91 45 98 51 88 50 10 82 47 31 63 31 85 44
80 30 33 68 20 57 73 43 56 47 58 95 75 76 30 25 9 23 29 31
81 56 65 56 61 70 59 38 7 26 73 48 72 22 19 66 6 2 97 63
61 83 85 20 91 56 35 3 50 22 22 78 71 36 38 18 18 11 2 38
48 94 50 84 72 69 30 71 43 39 61 74 64 52 40 20 87 25 97 18
97 21 33 61 70 18 13 76 59 72 73 82 71 85 55 93 12 86 97 44
72 72 36 14 18 11 54 21 56 78 15 86 14 75 2 34 17 15 33 94
71 69 94 74 26 13 58 74 79 37 62 23 77 41 29 54 68 80 71 97
23 54 73 87 16 38 17 2 2 70 40 11 46 45 4 19 58 52 79 60
39 38 37 14 61 56 72 98 34 33 28 26 38 76 31 62 60 65 52 30
32 58 43 21 82 89 20 53 6 14 2 9 97 78 28 38 4 68 52 78
6 65 67 3 42 96 83 65 23 52 94 63 62 96 66 78 11 93 6 84
3 80 56 5 77 47 98 74 95 6 13 34 65 36 39 88 88 66 60 13
33 3 42 28 34 90 26 30 50 56 56 74 26 15 51 64 28 16 34 76
6 96 65 24 42 36 74 85 11 13 3 25 44 55 40 41 55 88 58 15
21 77 60 8 88 73 93 24 62 96 91 97 27 49 17 46 99 42 66 23
68 74 17 56 35 72 36 21 50 79 75 6 3 90 95 3 8 94 87 23
30 12 11 44 7 66 12 72 60 40 38 57 80 34 64 30 69 85 98 61
60 11 17 87 22 37 45 84 58 29 64 86 78 23 78 68 3 17 86 68
53 87 66 22 90 75 90 18 80 73 66 66 63 35 42 66 72 94 11 54
25 28 66 39 82 14 57 41 82 35 98 24 92 30 12 66 37 65 5 17
70 10 57 21 54 7 10 23 85 27 48 60 93 29 83 54 41 40 32 50
69 99 97 19 34 97 79 82 53 10 28 14 30 52 87 24 71 30 41 18
67 58 35 76 9 95 89 10 6 88 49 27 98 49 50 43 57 35 28 32
27 83 75 28 33 45 74 41 67 33 21 95 52 57 28 63 14 78 44 7
24 84 27 41 29 38 2 26 74 76 46 49 92 60 12 23 31 22 43 18
39 2 75 30 92 66 38 18 75 50 75 80 83 3 13 13 37 38 73 13
72 51 50 57 63 98 40 43 31 14 62 49 73 33 8 25 3 85 46 18
97 29 62 21 89 22 23 30 42 80 18 10 52 98 40 3 43 40 12 53
95 96 70 41 50 3 72 29 22 27 98 83 3 82 36 91 92 4 67 47
4 53 70 77 6 50 60 6 64 57 19 4 7 52 10 70 74 72 85 12
92 20 9 68 23 93 50 87 46 56 13 23 32 46 78 95 90 15 57 75
39 57 63 31 97 68 33 43 31 61 92 96 84 49 89 45 74 95 55 3
51 23 96 29 9 57 10 10 58 38 69 85 51 47 31 19 38 58 81 86
72 45 37 11 12 79 10 9 97 30 85 43 16 95 3 40 25 9 3 44
48 92 79 14 53 19 75 61 32 84 55 56 25 52 86 40 57 11 39 81
44 69 91 4 62 46 97 58 33 87 61 57 16 68 13 52 48 38 88 30
38 37 51 83 40 83 82 62 72 45 14 94 42 49 81 6 26 80 80 72
74 5 27 50 31 9 46 7 6 53 66 45 91 50 82 55 99 71 45 55
4 40 72 44 94 58 42 58 75 34 46 91 49 48 93 9 6 91 29 98
24 84 8 79 84 81 10 47 80 78 54 48 7 15 40 9 60 7 56 55
38 64 64 27 35 45 48 26 47 86 31 7 95 2 5 82 12 63 62 70
78 3 8 78 45 53 2 45 41 81 97 18 98 37 94 18 39 13 59 68
71 55 82 78 97 99 67 38 30 60 73 47 33 57 13 63 10 15 98 96
35 33 79 55 50 29 91 15 73 40 49 30 56 22 96 93 69 77 31 66
14 5 43 88 47 47 75 28 47 97 38 63 17 63 20 59 15 20 86 89
24 6 47 58 75 56 38 15 99 25 45 3 28 98 64 27 97 61 24 58
42 78 25 22 67 27 89 3 9 82 25 14 28 98 16 57 53 47 42 80
14 55 84 12 11 58 84 55 23 33 84 24 67 4 44 75 47 26 4 85
35 14 59 72 82 68 22 11 24 10 20 98 78 37 21 20 58 41 25 25
20 11 97 23 60 24 3 46 90 67 75 83 15 63 13 75 92 93 31 50
35 62 24 96 4 8 50 73 3 9 21 96 13 11 59 8 47 77 14 10
49 12 68 60 25 97 70 51 90 31 22 50 67 7 83 22 34 90 53 59
40 72 77 68 22 85 89 33 73 40 94 71 6 87 91 95 43 68 92 30
97 58 48 17 17 75 30 66 70 74 60 21 58 78 91 60 96 99 20 21
4 83 96 5 42 39 67 33 5 54 32 56 83 95 87 61 33 6 88 53
62 19 26 16 39 22 2 54 87 44 88 76 14 94 83 9 94 34 53 62
34 90 38 76 42 30 63 15 79 19 27 60 75 70 19 80 69 68 11 71
98 82 98 22 56 12 8 47 90 25 49 46 12 54 6 7 28 92 7 49
40 76 35 90 68 97 41 27 63 35 41 20 22 24 52 12 8 18 29 43
61 7 9 22 58 64 86 98 19 17 46 47 90 7 33 75 15 41 37 6
14 81 23 53 31 46 40 12 13 25 17 9 33 27 18 15 56 94 63 18
91 23 13 64 38 52 96 95 32 7 47 88 55 41 21 72 61 34 41 93
22 12 26 28 58 36 65 67 40 85 14 5 86 2 96 32 8 18 81 36
7 10 30 59 52 29 72 77 17 2 62 41 36 66 29 55 49 92 71 85
74 14 80 72 10 23 38 50 40 18 23 20 57 17 9 43 66 15 22 37
20 94 70 98 69 10 93 75 45 63 72 67 73 92 40 27 9 56 55 79
2 2 26 71 85 88 65 52 67 71 40 21 15 26 48 12 51 90 89 44
36 23 17 42 52 73 84 17 60 33 66 54 72 26 23 52 47 39 14 81
97 83 36 35 94 60 17 10 28 18 81 18 60 86 8 58 71 10 10 49
39 98 51 41 33 27 65 52 84 84 41 13 40 88 36 33 96 20 84 85
94 51 43 94 53 86 19 82 33 79 75 70 62 98 85 30 26 92 34 20
75 74 23 40 33 18 71 89 91 83 38 46 81 99 69 58 82 45 27 17
72 69 67 29 75 60 58 10 25 88 40 43 27 34 5 15 91 83 48 14
15 64 24 59 13 58 27 74 66 91 2 26 17 67 3 26 75 31 93 36
25 85 67 89 5 2 13 56 29 39 46 66 7 97 39 94 84 57 10 69
8 89 22 66 52 56 6 92 13 42 99 65 21 99 54 87 97 45 25 5
94 98 55 38 52 76 41 73 48 74 78 64 87 69 63 14 81 63 68 27
76 89 76 31 49 84 8 76 18 96 7 50 7 3 82 10 92 43 33 91
66 84 39 4 11 6 91 77 82 62 36 59 36 54 65 32 57 50 22 29
91 27 14 91 94 76 17 35 92 16 68 99 20 32 75 73 63 57 91 85
15 20 17 50 17 42 60 48 39 46 65 79 98 7 23 86 62 46 7 21
8 56 6 97 80 86 47 49 38 82 87 93 25 20 6 91 82 51 10 80
82 56 93 30 57 35 95 6 91 49 96 51 16 65 11 86 86 84 4 26
47 3 66 45 94 43 36 95 21 10 13 61 83 69 62 40 47 86 57 56
9 2 26 44 79 7 69 27 25 51 28 21 21 56 7 36 45 74 67 21
94 4 29 98 67 69 37 95 67 20 50 12 37 89 83 63 82 22 80 12
12 17 52 6 91 22 47 34 42 77 97 15 32 18 41 48 75 30 90 94
86 35 88 17 84 16 29 35 27 43 49 14 7 22 63 77 63 86 14 79
