50 10
22 10 3 19 64 94 32 43 70 8
23 6 3 16 60 96 20 55 62 18
24 5 4 10 75 93 16 37 42 10
49 2 2 10 74 89 19 49 48 14
36 2 3 8 81 97 31 64 37 21
35 4 4 18 66 95 29 51 45 19
11 8 4 13 64 95 32 64 59 11
25 4 3 12 57 97 35 52 67 7
15 3 2 19 90 97 20 37 47 10
16 3 4 7 65 94 9 57 64 22
29 6 2 8 76 93 27 52 51 13
12 4 3 14 61 91 25 72 82 8
16 5 3 13 73 97 38 22 41 4
43 3 2 10 72 98 18 44 61 7
38 3 6 25 81 97 20 35 52 9
33 3 2 10 71 96 23 35 60 3
35 7 2 9 78 91 19 59 54 20
21 4 2 23 69 95 24 58 51 7
31 6 3 31 54 97 27 44 65 5
24 4 2 11 57 86 35 59 62 12
17 4 2 18 74 94 25 65 53 19
23 6 3 35 73 96 19 30 70 10
18 6 3 10 62 96 28 58 50 10
55 3 2 13 62 97 42 37 50 15
54 6 3 8 89 97 17 53 62 14
35 3 3 13 71 95 23 54 54 9
36 4 3 7 81 92 15 58 57 13
20 5 3 25 75 97 26 63 54 10
48 4 6 22 65 98 21 52 52 8
32 3 2 12 50 97 24 52 75 5
12 5 3 13 54 96 18 51 72 23
37 3 4 31 62 94 42 70 58 16
32 3 11 18 64 93 11 48 52 7
22 5 2 36 68 84 40 40 62 5
23 5 2 17 81 93 33 60 63 6
28 12 4 16 66 98 22 57 51 3
14 4 2 9 61 96 22 39 55 9
36 5 2 19 55 97 29 38 44 5
23 3 2 8 56 98 21 54 56 7
26 6 4 18 62 94 17 36 47 8
38 6 2 30 73 89 20 74 66 9
37 4 2 13 84 95 19 42 64 4
11 4 4 13 54 96 43 49 61 7
17 4 3 28 61 92 23 44 65 19
16 3 3 13 80 92 18 49 79 18
29 3 2 10 75 87 29 48 47 17
21 7 3 8 54 96 25 61 44 19
41 6 3 22 53 95 32 44 68 16
17 17 3 15 82 93 13 36 51 4
31 3 3 32 75 98 15 70 58 13
