200 20
17 28 95 84 96 99 63 52 14 94 28 82 20 88 67 97 85 11 99 78
29 37 99 77 82 98 65 46 13 90 30 86 17 92 62 99 72 8 96 73
34 56 92 71 81 99 53 33 4 89 38 83 20 82 76 97 77 18 99 71
27 41 96 38 83 99 75 50 7 93 39 86 18 71 61 95 74 12 98 76
27 32 96 73 89 97 55 53 13 92 42 88 31 88 71 97 96 25 96 91
18 28 96 54 88 98 48 43 8 89 34 87 25 81 73 98 84 9 94 61
29 62 95 68 65 98 38 50 10 90 31 68 39 90 62 98 80 15 99 89
30 57 94 79 89 99 68 56 11 94 14 87 41 86 79 95 87 21 97 84
30 44 96 71 86 99 53 37 20 85 39 75 17 94 71 99 83 24 95 87
33 48 98 68 65 98 64 35 10 92 38 94 19 84 75 96 75 14 98 85
31 59 91 71 82 99 39 60 16 93 38 80 18 81 70 98 92 27 96 72
52 59 97 69 72 97 52 45 8 93 40 81 19 81 70 98 80 16 98 74
45 39 98 53 76 98 42 44 23 68 46 85 45 84 85 98 90 9 94 80
32 42 92 59 88 98 49 47 8 86 47 85 16 69 80 97 67 16 97 79
35 61 95 58 85 99 66 64 8 77 47 87 14 92 58 97 91 14 99 67
18 27 96 55 90 97 47 49 4 88 49 91 25 85 60 97 78 33 98 89
28 46 92 76 74 99 47 46 9 76 48 92 31 91 65 98 88 6 99 56
38 40 97 61 90 99 54 71 13 82 50 81 39 83 81 97 76 21 98 70
27 25 97 69 93 97 57 41 10 95 50 86 16 83 51 96 88 29 99 57
37 21 94 46 86 96 49 51 14 87 28 81 40 78 79 96 86 20 98 84
25 46 95 56 84 99 22 59 11 88 41 83 38 79 72 97 80 13 95 73
29 39 93 70 73 99 49 68 7 82 27 82 16 68 62 95 70 13 94 74
20 47 95 59 84 98 54 35 20 90 47 87 35 90 47 94 79 22 99 60
44 66 97 55 90 99 65 78 28 81 22 75 35 85 82 99 87 20 95 91
50 40 93 82 85 94 69 51 12 87 29 90 39 92 68 97 84 35 98 81
56 45 96 55 83 99 69 39 9 90 25 75 27 84 74 98 78 11 98 82
29 64 94 78 71 98 25 41 13 75 31 75 33 78 37 98 86 29 98 69
30 61 96 54 78 91 55 39 3 94 21 69 17 81 89 92 84 11 96 61
30 51 94 58 81 98 56 54 11 83 38 73 41 88 83 98 93 17 99 79
37 46 97 74 80 99 63 71 9 82 29 65 33 86 60 98 88 14 99 86
50 56 92 76 78 99 57 73 10 74 48 77 26 85 80 97 87 17 97 83
33 20 82 43 76 97 72 56 21 90 53 89 32 79 84 98 92 19 98 85
16 54 96 65 65 99 63 50 14 84 23 84 21 76 71 91 89 13 98 75
29 45 81 69 85 99 49 60 21 84 33 87 45 90 68 99 84 7 97 85
29 55 96 63 87 98 49 37 9 88 41 82 29 94 47 95 84 15 97 80
48 63 94 57 85 97 58 42 9 73 31 89 25 94 69 98 81 8 94 92
36 47 97 57 87 99 61 35 11 90 50 77 24 89 61 98 80 22 99 73
25 46 93 64 87 99 40 37 9 87 46 86 17 91 68 97 89 10 99 82
45 65 96 75 80 95 81 37 14 79 36 90 36 71 63 96 70 12 96 76
38 37 95 57 67 99 69 48 9 88 26 85 24 87 77 97 89 11 98 90
44 48 94 62 82 99 58 70 8 93 49 82 25 79 77 99 74 8 95 83
17 31 96 72 87 99 52 53 22 93 45 78 13 80 75 97 83 31 97 74
35 68 94 52 65 99 67 27 17 94 25 87 25 86 59 98 90 12 98 82
19 41 95 60 76 98 59 53 9 93 31 84 42 90 65 99 84 13 96 70
44 53 89 68 93 98 57 53 5 91 44 73 28 76 85 92 85 9 99 62
32 31 99 45 82 98 54 44 7 87 44 84 19 84 55 97 91 9 99 76
25 40 97 61 76 99 50 36 18 88 55 79 19 81 66 98 80 11 97 82
37 34 95 64 61 99 43 50 25 86 46 87 13 82 66 99 70 7 97 76
40 34 93 81 84 99 37 41 14 89 63 77 23 80 54 98 86 21 95 75
26 39 93 62 84 99 57 29 13 95 30 80 35 88 87 99 80 17 97 82
33 55 94 61 87 99 64 34 7 80 39 73 24 84 60 96 88 17 97 68
43 48 97 52 73 97 66 25 5 91 28 89 18 93 79 99 84 22 97 82
38 43 94 64 94 99 61 67 14 90 42 87 29 86 57 99 95 9 95 83
31 46 93 67 90 99 63 46 7 89 24 82 33 76 79 98 93 11 93 88
32 40 97 51 84 98 46 60 47 64 46 72 15 73 92 97 86 15 99 85
44 40 98 69 77 98 48 44 9 93 42 88 28 89 88 99 88 8 96 78
34 41 95 77 78 98 62 62 11 86 31 65 40 75 65 96 85 15 97 76
19 63 96 32 78 99 58 37 6 90 34 78 36 87 87 97 85 20 97 73
47 40 98 56 81 99 56 52 11 80 27 84 37 88 64 97 92 10 99 74
27 27 89 79 76 99 68 35 9 78 43 82 27 86 78 99 91 12 95 93
28 43 94 56 90 99 44 45 11 85 53 75 34 83 78 99 79 15 98 76
17 57 93 84 62 98 60 64 11 83 23 80 23 81 61 98 69 16 91 67
46 40 95 68 90 97 62 41 8 93 34 77 16 69 61 96 80 10 99 87
24 36 88 63 81 99 50 43 5 75 46 57 30 90 86 99 88 10 99 92
46 48 94 66 83 99 51 49 19 92 27 77 36 92 57 98 84 19 98 56
35 39 97 77 54 97 56 34 11 92 39 89 41 90 74 99 84 6 95 77
22 41 97 76 71 99 61 57 18 80 34 85 22 80 71 95 81 14 97 69
25 43 87 59 82 98 61 44 10 91 26 68 25 89 74 89 92 20 97 78
42 46 94 68 80 95 70 34 7 83 38 78 19 79 88 97 83 7 99 64
45 46 93 72 82 99 63 34 17 73 19 83 12 83 77 95 80 13 94 81
23 46 97 39 78 99 70 35 13 66 32 82 22 80 65 97 78 14 95 77
26 38 95 54 86 99 38 37 5 84 22 77 38 85 72 99 88 8 97 66
29 68 94 88 88 99 70 48 6 93 36 86 22 90 73 96 86 36 99 88
31 57 88 49 79 96 48 29 9 92 46 77 14 89 70 98 76 18 96 72
30 26 85 44 89 98 57 44 17 82 64 83 35 90 73 96 73 15 94 87
48 48 97 69 75 97 50 45 12 86 41 90 33 72 80 98 81 20 97 74
35 43 97 58 89 98 40 59 15 93 55 76 28 90 68 97 86 15 97 89
43 51 94 48 76 97 69 44 5 74 25 88 52 85 74 98 87 11 99 50
43 53 94 62 80 98 43 39 9 88 45 70 39 77 71 98 94 17 97 79
44 40 98 49 80 99 52 34 13 95 66 53 29 81 61 92 75 17 97 82
14 50 96 65 87 97 62 54 16 89 40 87 36 76 61 99 93 10 99 64
28 35 94 69 69 99 57 40 15 95 23 78 36 91 67 98 89 11 99 74
33 54 96 79 83 96 60 43 8 85 22 86 36 83 59 95 91 47 99 78
17 43 92 52 84 98 46 38 12 86 64 69 15 81 79 97 77 13 96 81
27 60 95 67 74 98 61 46 23 92 22 80 48 84 58 96 88 14 99 66
35 32 91 60 66 99 51 73 17 95 39 82 12 85 77 97 74 10 98 55
28 39 95 57 80 99 57 45 9 84 38 81 22 82 77 93 87 10 97 72
24 48 93 66 81 99 72 37 7 79 38 85 24 91 59 97 81 5 98 88
43 43 94 69 85 99 68 46 9 86 32 84 39 72 54 99 91 18 99 73
53 50 91 62 84 99 72 58 10 94 34 88 30 88 56 93 95 12 97 62
34 50 88 71 79 98 45 37 12 87 30 93 27 78 47 98 85 16 94 76
40 45 91 66 78 99 51 66 5 90 44 87 47 83 78 94 83 24 94 89
33 26 95 54 85 99 73 39 12 90 51 86 15 91 52 98 78 7 98 86
28 37 85 85 92 98 40 68 11 91 19 76 12 60 63 97 86 12 97 83
32 41 98 69 71 97 48 46 6 96 32 94 32 76 82 99 86 22 97 87
29 45 95 78 90 96 65 56 6 95 45 76 24 91 70 98 84 11 99 88
21 33 97 66 78 99 65 46 6 92 50 84 27 90 80 97 86 3 97 79
15 51 93 63 71 98 39 60 8 93 28 80 14 91 73 97 87 11 97 58
31 51 98 77 79 94 66 57 15 91 37 70 63 78 59 98 66 19 98 84
32 41 84 63 94 96 66 45 12 86 42 78 25 83 78 95 76 18 99 76
20 58 97 61 71 98 59 24 13 80 38 82 17 85 88 97 72 13 97 79
31 38 95 50 84 99 58 37 7 87 34 76 48 93 80 95 71 23 99 84
42 40 93 80 93 95 50 53 6 85 36 82 31 88 74 97 92 33 99 78
29 57 95 68 80 99 48 43 12 92 32 73 27 81 52 94 64 16 99 63
44 29 93 72 83 98 66 29 21 83 50 63 44 75 60 99 77 10 99 83
31 32 94 65 89 99 45 52 14 92 41 89 22 79 84 99 85 12 96 80
19 42 97 64 82 99 65 69 6 90 14 86 32 83 75 94 95 23 95 82
32 45 92 67 86 99 49 43 21 95 19 91 12 89 66 91 77 14 99 80
48 68 96 44 80 99 60 53 9 88 38 80 21 91 52 98 89 14 98 87
26 68 93 59 80 98 52 48 8 74 36 80 32 75 63 99 89 12 97 59
29 17 95 45 93 99 60 35 5 86 43 83 25 94 84 99 83 18 97 56
17 37 89 67 87 98 33 42 14 82 39 79 19 69 64 98 86 14 97 64
38 44 95 73 81 96 60 58 13 89 20 83 35 88 70 96 83 11 89 67
21 51 98 50 87 99 29 39 12 93 33 72 32 81 79 98 89 15 99 81
25 46 93 81 81 98 54 57 13 89 51 56 35 83 71 98 70 19 98 75
38 40 97 59 86 98 73 57 13 93 41 76 28 87 74 96 79 28 99 83
32 54 91 56 88 99 47 35 9 88 26 81 29 84 54 92 93 16 96 79
28 62 97 73 76 98 33 50 11 84 32 85 10 80 69 99 78 11 98 75
21 43 98 60 91 99 70 67 8 90 46 87 29 94 86 99 87 15 99 54
27 33 83 73 77 99 59 38 9 87 36 76 32 90 64 95 91 11 94 81
22 55 93 70 74 97 40 36 5 92 29 73 31 70 71 98 82 12 98 71
19 60 98 55 94 99 63 59 14 87 42 87 14 85 70 97 77 13 96 95
22 51 96 64 86 98 64 50 8 88 44 75 29 74 83 99 86 17 99 84
28 48 88 66 79 96 42 60 13 82 47 84 22 79 55 98 91 8 97 62
28 40 96 73 89 99 53 52 13 75 39 81 39 77 64 96 81 14 98 78
37 51 88 74 85 98 57 62 17 96 39 89 27 79 61 98 91 19 94 74
25 43 96 51 74 97 48 64 10 82 37 78 21 77 57 98 88 32 99 86
16 32 94 56 82 97 61 64 17 88 36 76 18 88 63 98 74 19 99 66
34 47 91 81 75 97 27 40 8 83 31 64 44 85 74 97 84 19 98 85
30 32 94 64 87 94 77 32 8 96 53 78 23 88 72 98 84 16 98 87
20 36 97 63 94 98 59 55 11 90 34 88 31 87 64 97 66 15 96 77
19 55 91 56 89 99 60 40 7 88 38 81 25 92 82 98 79 17 98 61
27 26 90 79 82 98 67 25 13 89 43 86 22 81 71 98 85 21 98 82
34 44 95 62 87 98 54 61 15 93 28 77 24 67 54 96 87 23 96 76
40 52 94 71 88 98 43 55 20 86 36 78 25 91 71 98 92 17 97 84
34 57 90 78 83 99 47 54 6 88 18 71 29 86 69 99 88 23 97 84
10 23 97 46 89 99 50 60 10 93 15 88 18 92 70 96 84 25 99 87
35 30 98 55 87 98 58 58 7 88 28 81 29 87 92 98 82 8 97 77
38 39 96 80 73 99 57 58 6 82 28 62 22 86 79 98 82 30 99 80
23 61 97 64 73 98 67 39 10 87 48 87 22 73 71 98 83 31 94 85
29 33 94 75 72 97 44 41 15 89 50 79 28 78 66 97 79 9 98 89
39 48 96 83 85 99 28 45 12 91 39 85 22 76 67 98 91 17 96 75
32 54 98 80 78 99 31 52 8 90 53 90 42 93 60 97 67 18 98 72
23 23 95 66 61 98 46 58 18 81 40 78 23 92 57 98 89 22 97 73
30 49 94 70 81 98 41 50 11 80 69 83 22 89 53 98 90 18 90 83
42 27 96 82 94 99 49 39 9 79 31 86 29 89 74 99 80 10 99 70
15 44 97 59 86 99 54 33 13 91 56 83 28 90 87 98 84 10 99 77
26 35 94 71 80 97 72 31 14 77 54 87 20 91 64 98 90 9 97 68
21 37 93 87 86 99 52 53 11 83 45 91 26 93 79 99 81 26 97 69
33 47 92 45 77 98 42 71 9 87 43 79 15 87 86 98 80 10 97 88
32 57 94 58 91 99 44 67 5 77 46 83 36 91 68 99 94 23 98 72
26 59 94 73 77 97 58 68 6 78 48 92 21 82 58 98 83 12 97 69
30 45 89 57 94 97 50 57 10 89 47 83 33 83 60 98 84 6 98 77
33 53 93 64 86 99 58 40 9 92 56 59 19 93 64 96 77 17 98 88
45 53 96 66 81 97 55 31 5 93 35 77 24 81 77 96 88 21 98 67
47 39 96 66 86 99 59 63 8 89 45 89 21 79 62 90 89 24 99 65
22 40 94 73 82 99 38 51 14 81 53 77 15 82 63 97 88 13 97 81
27 43 92 52 83 99 59 53 11 83 55 67 29 95 68 96 90 11 95 88
26 37 97 71 82 98 60 50 16 88 52 90 36 92 78 99 93 18 98 81
28 49 93 54 87 97 69 46 17 91 50 81 25 85 53 96 90 10 95 60
25 31 84 61 88 99 73 38 9 81 27 86 33 82 60 99 88 14 97 72
23 52 93 82 79 98 41 43 9 96 64 78 33 80 80 97 90 11 99 82
36 33 96 83 89 98 49 42 11 90 35 85 34 86 67 93 87 10 99 76
51 44 96 72 70 98 48 68 12 78 25 93 41 78 76 95 93 10 98 91
25 34 90 63 87 98 60 60 8 92 53 82 36 89 35 99 82 17 98 71
29 51 85 68 92 96 25 44 20 93 43 66 13 71 64 99 86 18 98 79
63 32 96 62 61 99 39 51 7 82 51 69 22 86 88 98 85 18 99 76
20 64 92 70 82 98 66 58 4 89 49 75 30 78 47 99 96 12 99 76
42 31 93 65 72 98 45 55 17 97 34 86 36 85 86 99 88 16 96 69
35 35 93 86 84 98 64 47 17 93 53 76 38 79 73 96 85 17 98 72
37 47 95 63 81 98 44 55 17 92 55 66 24 90 53 98 79 20 98 64
37 39 95 63 82 99 74 44 9 89 27 82 31 91 79 97 92 6 91 78
28 24 83 79 79 97 73 62 12 83 37 91 19 93 64 97 86 17 93 80
63 37 93 76 86 98 62 47 4 92 63 75 25 84 48 93 90 15 98 72
20 37 97 61 83 98 70 45 13 86 27 88 23 68 58 95 92 15 98 76
19 39 81 51 92 99 57 61 13 90 43 82 43 73 79 97 86 22 99 71
29 34 96 67 80 98 56 53 20 93 48 80 16 72 78 95 88 10 98 70
45 48 98 66 87 99 46 66 11 91 30 86 36 90 78 98 86 9 98 89
17 42 98 63 86 99 50 57 4 75 53 85 47 79 65 97 83 11 94 59
43 43 93 45 85 98 66 59 7 76 33 88 34 83 64 98 91 6 99 71
38 27 77 61 72 98 58 35 6 93 41 77 38 86 44 98 90 21 98 68
26 33 98 80 67 97 43 70 8 96 45 86 17 77 71 99 70 20 98 72
21 47 96 59 78 97 57 33 11 97 46 86 24 77 72 96 87 21 99 66
22 52 80 63 86 99 54 63 23 86 40 89 39 83 62 98 82 11 98 72
10 38 98 70 79 98 48 46 8 88 37 67 25 83 68 98 88 18 99 71
39 43 95 65 82 98 55 50 11 94 58 57 34 75 74 97 87 11 96 74
17 48 95 72 77 98 55 54 12 80 25 60 26 93 80 96 84 19 99 58
41 36 97 61 76 99 62 36 12 90 48 76 30 87 56 98 87 12 94 86
26 14 93 63 91 97 75 25 7 95 33 63 27 79 48 97 92 28 91 79
16 46 94 64 83 99 40 41 10 92 31 69 23 74 80 99 80 10 98 58
27 36 96 74 87 98 50 28 10 58 28 78 33 84 75 99 78 13 96 81
34 42 98 64 73 99 58 62 5 95 38 70 29 85 69 99 94 15 99 73
38 51 96 70 72 99 77 55 14 90 25 68 26 91 79 97 93 23 96 71
18 27 97 62 88 98 66 58 7 88 21 89 39 90 72 98 74 17 96 56
30 55 95 55 80 97 50 76 5 88 45 73 24 82 62 98 88 12 98 85
15 49 95 80 85 97 66 64 11 85 34 83 28 76 73 95 75 23 97 75
33 53 98 74 88 99 55 54 10 93 48 79 28 88 70 98 92 10 97 83
15 26 94 55 88 99 71 45 15 92 54 78 21 92 69 95 91 26 99 82
37 57 96 72 63 98 59 55 10 81 53 83 22 82 77 98 84 19 99 75
40 52 95 48 80 99 36 38 8 88 47 91 23 87 69 95 90 12 98 75
