50 10
52 36 88 28 27 81 38 23 91 38
91 84 29 55 67 6 68 23 51 43
25 7 94 39 56 46 13 23 74 85
10 35 87 38 29 45 45 62 50 35
4 58 39 55 36 7 59 59 63 96
32 52 16 49 75 98 61 44 63 95
91 26 79 5 44 59 9 76 28 62
98 91 33 49 70 53 93 93 59 26
86 28 70 6 38 89 37 8 20 32
20 7 81 59 83 54 68 56 91 28
9 51 49 34 63 26 54 89 21 26
74 7 49 26 32 12 41 15 94 92
24 8 53 57 23 12 23 76 60 89
32 67 46 87 37 62 41 76 44 68
48 86 33 42 67 87 9 57 48 11
33 20 6 72 98 27 91 77 80 58
79 84 51 11 81 45 2 93 28 99
65 32 31 29 10 92 3 37 79 35
13 63 27 47 55 77 94 16 51 19
13 90 27 10 4 17 41 23 30 71
57 90 31 90 95 88 4 90 3 65
41 18 46 69 54 9 20 16 76 24
78 17 60 87 17 21 19 50 41 10
9 50 59 16 99 63 22 2 46 45
48 43 75 57 43 87 92 97 72 12
64 56 47 10 8 30 9 57 93 75
52 4 77 39 89 59 87 27 61 48
94 18 87 40 66 20 39 81 80 59
87 11 20 66 93 66 88 36 77 38
5 3 14 36 3 10 46 2 10 70
23 16 19 76 50 57 56 4 96 47
54 63 60 36 32 23 43 6 41 93
98 55 80 26 76 29 80 55 96 94
25 53 7 93 47 90 98 40 88 79
33 92 38 73 39 91 98 92 44 19
79 21 47 21 29 74 76 14 62 89
78 79 64 24 68 99 85 30 36 55
94 44 6 12 37 51 32 53 78 43
76 2 20 6 39 35 48 55 23 45
28 40 42 51 90 15 14 12 25 51
34 49 18 54 46 8 46 97 92 78
25 52 88 94 10 87 38 19 76 97
19 38 90 87 71 69 45 29 91 91
37 24 31 9 45 3 52 69 49 81
63 11 48 17 76 30 20 13 15 48
87 11 44 19 36 11 52 39 88 70
22 78 98 2 97 2 93 36 40 59
26 28 18 58 74 97 13 38 20 17
57 82 58 24 82 57 53 68 70 43
30 11 92 36 40 69 51 18 61 76
