200 20
59 70 73 63 59 75 67 72 76 72 64 68 60 77 66 60 49 65 72 72
59 47 55 74 62 61 64 51 58 74 70 34 56 58 49 65 83 65 74 56
8 4 9 7 7 9 13 4 3 5 4 14 8 6 6 13 21 4 12 7
28 43 57 41 17 41 46 47 55 34 34 60 19 36 51 30 36 54 40 28
94 92 96 91 95 95 92 91 96 87 95 94 93 86 94 95 93 93 96 92
86 93 87 87 95 93 92 91 96 93 97 90 91 91 90 91 88 88 92 92
26 52 54 32 49 39 40 28 47 17 40 33 33 45 48 44 43 34 20 48
2 3 5 5 3 2 3 3 4 3 3 6 6 4 3 4 4 4 3 2
5 7 15 14 4 8 7 10 15 10 3 12 9 6 8 4 15 4 4 6
7 24 16 7 25 14 14 6 6 9 7 19 17 4 26 5 8 8 15 15
57 42 67 71 71 47 33 73 44 47 61 41 81 69 46 59 55 47 58 53
67 82 91 79 51 74 69 82 83 83 81 79 69 83 79 62 70 72 76 79
81 87 82 81 78 89 78 84 68 84 67 88 86 76 84 85 90 76 88 77
93 79 84 93 74 84 86 89 83 88 82 84 88 93 73 85 85 82 85 85
54 35 48 28 63 51 45 53 36 54 42 62 58 57 61 67 65 45 54 37
4 2 3 2 3 5 4 3 2 4 2 4 2 4 2 5 3 2 3 2
68 67 91 79 84 95 89 89 65 77 75 78 72 82 76 89 86 84 69 84
57 58 32 67 73 69 36 70 60 53 74 53 65 72 67 41 56 44 63 56
39 26 34 44 38 29 43 43 45 40 40 42 47 33 47 42 44 23 33 26
77 79 71 83 68 84 61 67 73 67 60 63 67 76 63 71 77 55 68 68
56 81 41 72 61 48 66 58 78 63 49 74 69 69 62 51 76 72 48 76
12 6 14 10 13 8 12 16 11 8 8 10 14 6 10 12 3 5 7 10
63 63 71 69 74 69 52 77 51 59 53 50 73 73 52 63 69 70 74 54
35 25 33 32 46 36 35 13 31 25 46 22 46 44 23 28 44 24 38 38
74 90 78 70 79 75 87 78 73 81 85 86 87 87 75 76 80 71 83 78
17 20 27 27 22 8 20 33 16 6 19 29 15 13 28 20 36 30 43 17
20 50 60 60 45 49 59 67 62 54 64 74 60 70 74 48 48 58 65 58
50 77 47 76 61 46 48 73 33 47 61 72 68 73 67 66 51 61 63 40
76 61 50 43 69 77 66 66 79 58 49 39 60 63 61 56 71 67 75 65
58 32 46 43 57 44 56 65 30 48 41 37 34 38 64 40 54 36 54 64
31 23 17 37 20 44 37 11 40 33 29 40 36 43 27 23 20 30 26 26
17 39 26 25 24 19 18 15 12 19 9 46 25 26 31 31 20 20 24 25
3 2 4 4 2 10 2 4 2 2 3 4 7 3 7 3 5 4 3 2
7 3 3 4 7 4 3 3 2 7 5 2 4 5 6 6 9 6 8 13
7 21 20 9 17 16 28 23 41 28 42 46 20 24 18 19 13 39 30 14
2 5 6 5 8 3 4 5 5 5 7 7 6 6 3 7 5 9 2 2
98 99 97 97 99 97 97 96 96 96 98 97 96 97 98 96 95 98 99 97
48 29 25 33 26 46 46 63 39 37 46 41 34 42 48 38 54 39 34 36
35 21 25 28 23 17 36 33 22 9 22 21 15 29 40 25 23 34 38 37
76 69 80 78 78 67 70 69 56 72 53 72 87 68 82 72 89 92 73 81
62 85 64 78 56 80 78 83 49 73 79 73 76 70 81 77 66 64 78 83
33 57 38 37 34 58 51 47 56 40 40 31 44 46 34 71 54 65 47 59
25 46 24 50 37 40 11 47 17 43 33 30 21 14 18 36 29 34 22 50
20 26 18 17 19 10 35 12 12 13 13 23 14 13 17 10 24 5 11 34
87 96 93 96 98 93 89 93 98 93 89 97 95 94 96 97 97 95 96 95
40 59 54 40 50 62 65 60 59 49 70 49 38 58 70 55 76 60 50 64
75 57 57 78 69 47 74 57 66 68 60 57 58 71 70 51 77 77 55 61
28 23 16 14 13 37 20 13 13 17 33 19 25 9 11 26 21 11 22 14
93 90 91 95 93 90 96 90 86 94 92 92 90 88 90 94 95 87 90 85
69 53 51 62 31 51 56 38 56 78 59 74 36 57 56 50 32 61 41 60
23 42 18 15 32 28 15 35 31 29 27 36 15 24 23 42 16 19 36 18
98 96 98 97 98 98 98 98 98 98 99 96 99 99 99 97 98 98 98 98
10 8 9 10 17 26 6 13 23 17 9 18 6 13 31 13 11 15 12 18
82 83 75 75 71 47 77 78 80 86 74 70 73 76 80 63 81 65 70 71
78 63 66 73 80 70 69 75 56 83 61 73 65 77 86 80 89 73 62 71
42 54 58 48 29 39 46 21 41 36 48 53 27 25 51 44 54 55 47 56
37 46 43 29 26 34 55 30 15 40 38 37 25 41 38 25 27 35 46 33
89 89 85 95 95 94 74 93 90 88 94 95 95 88 83 95 91 93 89 95
51 42 45 38 54 70 43 52 36 49 36 60 47 56 59 62 40 46 45 57
67 54 58 73 65 57 55 69 57 54 75 72 57 75 43 52 78 63 70 50
26 12 16 14 25 13 7 28 10 14 11 25 24 22 18 14 6 22 28 24
47 49 54 57 54 63 47 51 47 53 47 66 44 52 52 52 69 63 68 63
52 45 34 55 35 58 39 43 56 34 37 50 51 49 46 31 76 35 52 64
35 21 23 31 28 27 31 31 40 34 28 24 27 43 61 34 41 38 42 37
73 58 80 83 77 65 75 72 69 81 77 81 78 81 78 68 77 59 77 67
28 28 52 36 20 58 36 29 30 44 27 43 25 36 27 33 44 21 32 64
11 12 16 9 11 10 16 24 6 8 17 12 14 16 11 16 19 15 9 13
23 39 45 44 26 58 46 35 46 38 59 48 50 46 22 53 34 31 39 37
74 86 81 66 72 80 82 69 58 78 67 65 69 81 79 72 77 85 77 53
23 9 26 20 12 19 32 19 16 7 14 10 21 28 27 10 11 24 19 6
44 76 28 40 57 44 51 55 70 48 58 60 63 45 53 47 63 48 55 50
4 3 2 2 2 5 4 2 3 3 5 2 2 4 3 4 4 3 4 4
96 93 94 98 95 95 95 98 96 98 97 96 98 98 94 95 98 94 96 97
46 54 52 41 50 30 44 52 42 54 25 40 43 49 41 38 23 35 56 51
56 53 68 37 35 44 35 47 38 57 37 37 24 38 26 20 47 47 38 16
77 75 84 89 65 79 83 90 83 57 80 89 71 82 91 92 76 76 89 77
66 54 73 47 74 49 52 58 67 45 62 65 49 49 63 44 62 74 72 72
11 6 9 8 5 17 16 12 8 7 5 17 9 6 8 7 12 9 10 16
18 26 15 34 32 15 16 36 8 17 25 20 24 22 34 18 22 26 36 17
69 68 59 66 80 80 73 67 74 61 82 81 82 64 69 90 79 72 68 76
39 44 49 47 67 41 47 35 47 34 32 49 41 66 42 63 35 40 50 44
38 50 31 42 40 50 55 45 63 54 36 35 50 48 43 57 70 44 40 60
52 71 57 78 65 82 84 58 74 67 71 80 70 64 84 70 54 67 72 75
5 23 21 17 15 11 11 15 13 16 9 6 8 9 18 8 8 21 19 8
95 90 87 91 98 93 95 95 95 90 93 95 94 95 87 76 92 86 89 95
31 57 27 51 40 41 28 39 41 29 41 60 50 57 30 43 44 52 32 35
75 56 74 73 58 52 72 49 57 56 52 65 77 70 72 76 69 62 63 41
57 72 51 81 59 68 72 58 67 80 71 54 66 74 58 65 69 60 57 81
17 16 34 47 21 20 23 35 24 29 25 51 37 33 30 37 20 23 41 26
46 84 85 88 70 88 86 85 82 76 89 89 90 75 74 85 80 79 85 89
10 19 10 24 24 8 7 12 14 14 7 5 13 13 10 16 21 9 17 16
23 20 25 18 14 30 26 33 28 23 32 25 37 25 27 31 15 13 19 27
84 84 91 91 91 82 90 89 83 84 69 79 73 87 91 89 88 78 88 81
49 32 40 40 46 40 47 30 40 61 40 49 31 30 65 56 48 63 40 51
77 89 88 81 92 79 92 86 92 82 89 86 92 82 89 82 87 85 84 90
63 62 57 56 70 58 71 44 34 47 59 49 40 74 48 52 78 64 61 68
85 71 85 84 69 73 75 69 77 71 78 77 64 67 72 71 73 75 83 72
77 54 64 62 60 69 61 63 81 74 87 58 81 72 60 75 58 46 85 65
85 90 90 92 80 65 68 86 83 81 66 75 88 84 73 91 88 77 72 80
88 76 79 69 62 56 63 78 77 60 70 85 66 54 59 72 67 83 68 80
68 37 65 65 59 41 32 47 44 47 21 29 35 73 52 45 32 70 39 37
44 59 45 58 49 64 54 57 47 49 53 63 54 67 62 62 64 60 48 47
5 5 4 6 12 6 7 10 10 6 17 12 5 5 4 6 3 3 5 15
51 58 20 63 31 31 38 43 41 29 47 38 36 24 55 52 44 46 40 47
28 42 30 47 31 25 33 19 23 42 27 19 53 37 41 29 36 20 27 32
50 48 35 33 28 32 63 41 33 69 66 33 31 20 41 45 43 29 47 38
67 86 76 57 58 79 79 55 82 66 71 82 74 58 78 74 65 67 46 63
61 55 53 53 50 49 60 63 55 46 53 37 41 47 39 45 61 56 51 42
57 74 59 62 58 79 54 89 73 43 61 65 74 77 71 69 39 77 75 60
71 40 81 64 45 49 54 60 70 39 69 44 46 61 64 59 63 57 40 61
63 44 47 66 53 49 51 84 27 56 60 50 69 41 64 47 57 50 47 69
8 6 15 11 9 7 5 8 7 14 6 15 16 18 5 8 10 6 7 11
77 60 31 44 65 46 41 48 39 64 45 35 38 68 55 60 51 59 62 60
83 91 88 89 90 97 80 87 90 83 86 90 89 77 92 88 85 88 82 92
86 90 81 80 89 72 83 88 84 80 82 85 84 87 69 94 84 78 86 86
52 64 70 73 55 62 77 65 65 76 55 79 51 66 54 77 84 56 45 76
84 63 67 70 75 71 81 84 82 90 79 80 75 73 80 69 75 83 77 65
33 26 22 24 27 41 24 55 24 35 45 22 25 36 37 14 23 49 44 36
59 61 46 66 62 63 52 70 44 53 64 63 50 56 70 43 51 44 47 45
2 2 2 2 3 2 2 3 2 3 2 4 2 4 2 2 4 2 2 2
60 85 73 81 69 63 56 56 44 59 56 41 55 68 62 32 37 57 59 68
62 45 45 34 29 29 28 40 49 23 46 53 45 55 39 29 53 18 26 47
98 96 93 97 96 97 98 96 93 95 97 98 96 94 96 95 94 96 96 95
73 68 59 62 60 53 66 81 66 51 74 70 49 58 62 62 67 71 67 48
57 70 64 74 90 58 73 71 79 74 68 76 67 75 86 73 78 81 78 80
71 59 46 74 70 54 58 64 71 54 76 56 58 52 45 68 58 61 61 43
82 74 92 76 80 90 88 86 69 87 84 87 77 82 74 76 85 75 72 85
8 9 11 6 5 6 6 17 6 7 3 4 9 6 7 7 9 19 3 16
55 33 43 39 27 49 40 44 50 27 35 25 47 41 49 38 38 55 26 34
84 99 98 97 95 91 98 96 99 97 99 98 95 96 97 97 96 97 96 98
69 80 80 71 53 91 66 67 71 77 78 66 59 89 63 75 67 71 81 88
25 28 16 38 32 20 15 23 11 22 30 26 24 43 25 22 47 27 24 13
60 44 42 57 54 64 42 59 55 59 50 49 54 45 58 60 61 60 33 75
77 64 53 59 60 76 64 49 64 69 79 78 68 75 69 77 86 65 63 76
50 44 50 52 49 55 44 55 42 57 45 58 43 45 57 56 49 62 46 52
22 18 18 15 22 15 24 19 17 15 16 10 12 17 8 15 19 8 9 20
81 72 85 80 85 74 95 75 86 76 78 77 78 83 83 73 80 94 67 85
82 90 75 72 78 78 80 88 77 71 70 94 82 79 84 90 84 67 83 63
31 22 37 16 27 24 21 30 38 19 12 29 27 24 39 16 21 21 28 30
84 82 81 84 87 67 88 62 84 84 83 78 67 77 83 91 77 79 83 90
90 93 81 93 96 91 86 89 87 90 85 91 85 84 95 94 91 95 96 87
29 39 31 43 61 35 47 48 50 25 54 52 36 30 50 31 51 49 37 50
23 11 23 20 28 26 36 36 31 15 27 11 14 18 45 32 15 21 34 22
12 5 5 8 10 9 9 7 10 8 8 14 7 13 4 11 9 9 3 12
84 58 43 65 69 72 84 74 53 72 45 60 71 73 71 44 85 53 76 69
92 92 89 93 87 94 92 84 90 93 92 83 88 94 94 89 84 95 94 95
55 59 51 49 29 70 34 43 65 37 61 30 52 60 72 41 57 78 42 51
6 10 11 13 13 13 11 8 4 23 19 10 9 13 11 5 8 7 10 7
52 55 84 55 44 44 30 32 34 33 37 39 46 31 44 26 39 36 56 52
38 13 25 31 33 43 20 25 22 26 44 21 32 30 26 28 11 18 26 21
56 72 58 58 55 45 61 40 56 42 49 62 60 62 75 53 60 57 75 59
15 17 14 25 19 17 23 27 18 18 17 29 7 18 36 23 19 11 17 21
65 69 69 71 61 40 68 63 62 58 39 68 66 45 45 75 80 74 48 55
90 91 96 94 96 97 96 93 93 93 96 90 86 90 97 94 90 92 94 96
43 41 56 44 24 46 41 50 30 49 25 50 50 40 42 55 40 34 28 34
61 47 42 40 45 75 56 63 44 65 74 66 43 48 68 42 62 74 52 56
50 23 17 17 22 39 20 39 25 12 24 23 32 36 44 16 25 18 41 28
79 74 71 75 73 85 84 73 81 52 83 65 79 87 86 71 79 51 83 79
33 53 46 34 68 50 46 51 25 60 35 46 36 58 38 39 34 60 43 50
64 80 66 76 69 68 70 74 64 81 73 73 53 77 81 70 63 62 75 83
62 73 65 41 44 65 61 66 69 58 70 62 45 44 66 63 62 55 67 64
12 45 16 27 16 11 25 27 25 22 32 21 12 30 28 27 19 16 21 27
11 19 26 26 34 23 27 14 34 13 25 25 22 6 33 11 33 12 23 20
63 68 49 51 33 37 67 60 73 58 63 69 51 26 40 56 54 49 44 56
19 14 13 21 12 16 20 10 17 18 24 17 15 9 6 8 21 37 22 14
16 7 34 13 15 6 19 5 9 11 8 18 29 17 40 9 13 15 12 11
18 4 6 9 6 6 5 31 11 9 20 5 5 4 6 6 14 10 5 6
68 67 43 38 34 68 48 58 62 40 51 72 31 31 68 58 62 35 62 38
45 30 38 22 42 44 34 42 48 32 32 20 68 50 55 57 56 53 40 39
65 88 74 77 79 74 78 85 75 82 91 83 87 75 86 77 85 85 82 62
52 57 44 37 26 55 48 61 48 36 36 41 52 46 34 61 35 59 44 43
27 28 38 25 33 45 19 23 36 38 44 32 43 25 33 21 36 32 41 39
48 37 39 28 46 25 40 39 34 39 36 46 42 39 35 45 41 32 58 49
8 9 9 13 20 11 3 9 9 4 17 13 6 5 14 3 6 9 6 5
29 19 29 11 4 19 13 12 15 12 14 18 22 20 8 17 18 14 6 12
21 35 21 19 29 28 20 29 27 19 11 19 27 28 7 16 33 24 38 18
37 45 44 30 37 34 16 47 45 30 46 36 36 26 46 30 27 14 25 38
11 12 22 23 16 13 11 20 24 7 7 27 12 18 21 29 8 25 19 11
63 51 52 49 49 40 47 46 67 59 52 64 50 64 59 54 72 45 53 26
30 35 46 34 21 37 51 33 37 44 32 49 45 36 37 44 43 34 55 35
12 14 14 16 16 15 14 16 10 6 19 29 13 14 25 22 17 19 14 41
55 63 46 61 38 56 59 33 44 42 55 59 49 37 59 48 56 58 55 56
9 12 5 11 11 6 6 10 13 7 9 20 14 10 15 21 15 22 14 11
80 67 67 46 69 49 83 72 63 83 82 73 76 42 80 78 65 76 53 58
56 64 57 50 75 61 35 48 49 46 52 55 52 61 69 54 54 52 71 48
44 31 23 33 17 32 25 28 11 34 23 20 22 19 21 17 39 17 36 32
73 69 76 76 72 48 60 68 50 88 61 64 84 67 65 71 56 52 49 56
34 39 35 44 27 50 23 61 45 31 62 38 36 30 33 47 46 60 43 58
36 58 59 41 52 28 36 40 58 56 37 58 44 57 55 62 52 54 58 51
19 25 20 24 18 10 33 12 42 11 15 22 41 26 24 12 22 11 22 20
59 75 58 57 50 55 68 54 73 57 52 51 62 62 62 57 31 32 66 53
99 98 99 97 96 94 95 97 95 98 98 98 97 97 99 98 98 99 98 96
58 75 63 70 58 50 83 53 81 74 69 66 37 55 69 79 86 78 64 73
89 83 71 82 92 82 60 76 81 65 65 76 66 77 78 90 67 74 69 69
28 59 31 20 29 39 42 33 27 41 35 31 45 39 33 50 26 47 40 21
88 88 78 69 72 81 76 84 86 91 86 85 89 83 76 94 79 63 79 65
64 38 56 38 44 53 32 65 23 56 71 62 55 39 36 41 49 21 64 37
72 48 73 65 73 78 70 61 67 70 57 58 72 57 72 47 60 74 80 58
40 13 14 14 32 22 21 13 13 7 7 27 19 21 21 10 28 27 24 13
67 46 55 69 56 58 60 60 78 67 55 83 31 73 82 75 73 50 69 67
