50 10
63 77 30 20 84 42 47 26 33 33
55 29 74 15 76 64 58 99 51 40
8 87 90 60 14 81 24 17 22 75
73 5 26 90 17 18 16 6 73 58
63 86 93 72 95 51 64 35 35 91
25 62 62 33 58 14 31 9 78 10
95 95 86 58 23 15 53 70 9 27
25 5 74 66 91 21 5 30 11 29
48 30 32 28 76 76 73 45 9 57
23 73 5 54 3 45 79 33 36 25
64 86 35 26 61 96 95 70 88 34
65 34 62 95 45 32 50 39 58 49
33 96 76 8 25 71 69 21 92 87
74 13 82 15 34 22 32 4 80 90
50 35 16 63 7 34 82 2 97 60
63 87 10 59 77 23 35 72 91 99
14 19 78 64 78 27 32 57 32 87
99 60 46 54 34 24 22 85 69 50
79 11 50 81 81 36 40 91 18 83
79 49 62 56 37 45 76 89 82 66
83 28 36 74 15 28 41 36 11 97
6 59 81 97 66 5 5 25 81 61
20 27 63 53 59 90 39 59 52 67
80 29 88 72 71 78 86 32 31 58
85 63 86 35 65 56 62 86 76 15
67 63 57 23 41 24 23 27 6 57
7 71 89 45 16 88 74 60 24 73
8 93 15 55 43 81 61 21 80 46
59 56 83 31 4 48 47 13 45 85
35 92 61 4 92 44 5 42 23 42
94 57 60 54 12 61 84 91 60 14
28 60 67 35 49 63 34 79 19 2
57 89 2 83 68 55 44 84 17 41
19 89 68 51 46 61 41 44 27 55
4 8 87 97 22 22 62 97 72 38
84 98 57 99 64 98 18 92 56 83
4 23 6 83 30 27 70 86 61 66
68 8 54 54 46 47 13 4 99 50
22 23 10 18 82 26 40 48 77 85
83 54 38 46 48 39 55 23 56 46
90 98 95 36 20 35 28 61 32 76
83 43 88 97 42 30 75 59 2 94
5 82 82 51 18 80 33 33 71 47
93 7 3 4 50 39 9 39 64 80
32 41 47 80 40 5 27 91 32 88
90 5 51 82 40 67 41 25 98 10
92 35 65 2 16 79 22 67 44 12
57 42 40 18 93 40 61 13 39 25
49 12 71 34 88 57 13 15 82 44
93 48 58 78 96 35 29 74 3 27
