200 20
4 23 28 43 42 53 86 68 26 38 71 83 97 51 45 55 33 41 3 65
10 11 49 33 56 54 87 89 24 35 89 71 98 65 51 78 38 51 2 52
4 24 36 40 53 52 82 51 15 40 84 86 96 69 48 79 40 49 2 69
3 23 42 51 75 47 84 81 20 40 79 80 97 71 45 53 47 45 6 83
7 11 30 34 69 25 87 75 21 32 84 63 94 72 54 52 32 33 2 60
6 9 43 24 48 29 88 89 25 37 71 62 98 56 49 79 33 66 5 64
10 24 30 49 49 49 90 86 20 15 84 77 97 68 45 73 40 62 2 63
11 17 44 45 38 40 82 73 32 32 82 71 96 78 45 86 34 47 5 67
10 33 25 30 70 42 84 82 32 47 66 71 98 78 39 75 30 55 3 83
5 9 18 43 50 46 96 80 30 33 61 68 98 57 36 85 60 63 2 72
6 57 35 21 51 29 88 88 18 32 74 74 96 70 38 60 45 32 2 84
11 16 32 61 44 47 88 80 27 27 67 59 95 55 43 61 38 52 3 86
11 35 48 38 56 50 78 91 41 20 75 56 99 53 46 54 27 28 2 64
15 17 41 25 64 45 75 65 18 36 85 69 98 90 59 63 49 55 4 75
4 10 33 40 44 32 86 69 29 27 52 79 99 85 37 78 40 50 3 56
5 14 22 43 50 35 87 85 21 30 59 82 96 56 61 80 41 47 2 80
8 15 65 33 53 34 79 81 12 25 57 64 97 65 54 62 40 39 7 73
5 14 43 34 60 35 82 89 25 21 65 73 97 74 46 66 49 59 3 55
3 10 42 26 55 23 92 68 13 37 73 56 95 63 55 69 46 55 4 74
6 21 40 48 50 37 88 84 28 29 78 74 99 74 41 82 32 31 6 76
11 15 24 43 69 35 94 67 21 32 73 69 94 86 37 61 24 43 2 67
5 14 30 36 50 35 93 78 20 18 75 76 95 81 46 89 35 73 3 77
5 10 42 32 62 46 74 65 34 29 80 77 98 81 52 71 28 59 2 70
6 17 33 47 58 52 90 90 32 29 73 74 98 65 71 61 25 54 3 70
6 17 24 33 66 30 95 70 13 33 55 65 97 76 65 81 64 55 8 50
14 22 16 48 48 47 90 84 19 17 83 63 98 74 70 43 24 34 3 71
8 14 30 38 50 45 87 73 17 39 69 54 97 64 77 48 41 48 2 78
8 16 23 24 31 43 94 56 29 34 70 68 96 64 43 84 33 62 3 81
4 19 49 43 34 47 89 84 17 31 71 80 97 62 54 74 35 63 3 76
8 25 50 27 74 56 95 84 21 21 64 67 93 79 46 80 63 48 3 90
7 25 37 61 52 57 89 77 28 24 69 71 97 61 54 60 34 41 2 68
14 11 33 38 62 28 93 80 29 52 70 49 98 73 57 76 28 68 3 76
10 15 28 26 48 27 88 83 23 40 68 79 96 80 49 55 55 57 3 88
6 12 32 61 58 33 75 84 25 41 71 76 95 81 54 75 52 52 3 82
14 20 48 47 59 33 82 81 24 28 71 73 94 64 45 77 41 48 2 65
7 22 35 32 60 23 85 55 13 43 57 59 97 46 50 64 31 58 3 86
4 14 34 42 69 48 75 89 16 27 66 57 98 72 68 60 32 56 6 81
9 9 34 50 36 29 89 79 24 39 69 76 99 63 55 82 29 37 3 65
3 17 20 54 73 40 92 83 12 50 77 74 96 59 27 83 37 47 3 66
3 19 45 43 77 50 83 79 29 38 64 75 93 77 48 67 19 47 3 81
5 20 25 46 51 27 86 85 15 49 79 86 99 66 56 82 41 41 4 70
9 27 38 34 46 19 80 79 22 30 91 81 96 76 56 66 42 51 3 84
4 10 45 60 44 33 90 81 21 42 48 57 93 56 34 55 31 55 2 80
10 9 28 50 32 49 89 79 13 36 60 65 95 89 52 55 52 52 4 80
7 13 27 47 44 36 88 76 14 24 81 68 97 66 52 79 21 57 2 69
7 33 27 52 59 62 84 68 28 54 87 65 97 74 59 63 31 49 3 67
4 22 34 53 40 34 87 67 9 49 78 79 97 63 47 73 24 67 4 67
5 22 41 62 40 56 89 74 23 14 81 81 99 60 53 73 57 61 2 83
5 19 38 36 71 47 80 81 11 42 76 75 97 56 57 70 50 44 2 75
9 23 38 61 33 52 82 86 25 29 74 76 97 63 62 65 38 58 4 87
6 25 38 38 65 21 74 64 43 10 58 57 99 68 47 60 47 46 3 71
6 23 48 43 50 64 91 78 23 36 72 75 90 49 49 63 23 57 3 60
5 13 27 37 63 35 78 78 14 21 86 84 97 82 43 83 46 57 3 68
4 25 44 54 60 59 84 77 22 35 79 71 98 65 43 64 37 59 2 77
3 10 27 48 55 28 95 78 9 49 67 81 97 61 48 58 48 41 2 65
3 26 40 17 47 31 89 80 36 26 77 70 92 51 45 62 36 46 5 59
6 23 56 28 58 26 81 87 30 32 76 79 96 65 42 53 54 46 3 72
8 17 55 44 64 44 91 81 42 25 86 75 98 72 42 55 35 46 2 72
10 30 30 30 46 48 80 76 13 15 83 83 97 57 49 72 34 32 2 84
8 40 37 60 39 66 82 65 7 28 86 70 98 79 33 85 35 60 4 61
10 20 49 41 54 63 84 74 21 44 80 86 96 67 60 66 31 48 6 68
14 27 47 57 55 59 95 76 19 38 55 83 97 72 43 77 36 59 3 77
4 16 38 33 43 27 88 84 19 37 76 82 98 48 48 79 35 52 3 68
6 19 40 38 60 34 90 61 16 26 84 72 97 65 59 67 22 29 3 63
8 27 39 59 57 56 85 72 17 57 70 84 95 71 57 76 37 52 4 77
3 27 39 34 54 29 80 84 14 45 80 68 96 75 51 86 32 52 2 88
7 13 50 49 36 38 82 79 29 37 67 89 98 51 48 73 49 58 2 61
4 16 32 27 63 67 83 69 18 47 70 79 97 57 28 83 36 41 6 87
15 16 35 40 45 54 79 80 11 47 92 50 95 65 58 41 27 54 2 66
9 15 41 47 50 43 79 84 8 28 65 86 99 62 51 62 43 47 3 65
4 25 39 43 59 30 77 81 9 20 59 72 99 52 50 67 29 51 6 65
9 9 37 51 57 54 79 61 19 36 68 80 97 81 37 72 21 41 3 66
11 19 63 38 46 31 76 71 40 24 60 72 96 61 53 75 31 33 10 67
18 30 33 60 68 46 89 84 24 39 68 77 97 46 44 53 40 43 4 66
10 16 18 40 37 45 73 82 22 18 66 83 97 84 41 74 32 64 2 84
7 17 36 38 41 47 90 87 26 36 71 65 96 70 23 82 35 55 3 90
3 13 39 54 47 61 88 84 13 39 54 44 96 79 50 77 50 54 3 51
9 14 38 40 55 36 89 81 44 31 65 92 91 61 47 49 25 40 2 78
6 44 41 24 49 51 79 85 23 33 83 58 98 68 44 56 50 63 3 68
18 25 30 41 52 41 74 75 16 36 73 63 95 61 54 69 26 42 5 70
4 19 43 41 62 31 91 78 50 51 63 79 96 67 39 63 40 33 4 76
14 22 26 45 31 42 79 87 13 47 76 80 95 71 51 70 20 61 2 66
8 17 46 42 48 67 74 66 18 28 81 71 95 71 52 73 34 70 4 79
7 33 33 27 44 40 73 81 18 38 78 62 98 75 57 78 55 37 2 80
12 32 23 33 52 48 83 85 25 38 65 71 98 58 51 72 20 48 4 62
20 28 34 22 46 44 71 79 24 34 63 89 94 58 76 62 45 64 8 70
13 18 40 26 44 47 96 72 24 41 62 57 96 61 51 72 28 66 4 71
11 14 28 36 54 36 89 73 32 19 54 82 98 80 45 74 34 50 3 75
11 19 62 54 39 54 82 79 25 45 88 62 97 54 35 69 36 36 4 83
6 38 22 52 45 45 90 65 25 19 55 62 96 59 55 70 25 39 4 78
10 15 37 32 65 34 84 82 28 30 69 86 98 78 45 67 33 52 3 61
8 13 29 52 40 40 80 60 27 25 75 61 98 59 50 67 31 41 4 81
7 25 31 42 58 40 86 86 30 39 87 64 98 56 45 66 19 53 5 68
4 9 38 38 46 37 88 78 18 35 64 71 95 67 34 76 50 41 4 80
3 21 30 47 33 48 91 67 21 34 65 67 97 58 44 59 31 51 3 73
5 21 37 48 46 52 78 82 17 50 81 82 96 70 55 78 56 54 2 69
10 17 46 46 52 62 68 80 19 23 87 77 96 80 42 83 41 54 3 71
4 21 29 32 45 41 90 85 27 32 72 79 96 77 49 87 33 51 3 87
5 18 48 57 51 37 82 67 18 21 76 81 96 72 56 75 19 49 3 73
7 24 23 43 44 40 93 72 45 41 87 59 97 55 54 78 32 39 4 83
6 15 22 52 47 41 65 69 21 21 62 48 99 72 51 53 38 45 2 56
17 24 30 39 49 50 88 72 24 32 70 75 89 74 55 79 31 50 3 79
4 18 33 24 44 45 80 83 27 46 85 69 98 65 45 76 30 67 2 65
6 25 33 46 54 56 82 54 28 25 69 54 97 83 71 63 53 55 6 55
10 11 26 50 41 43 85 86 12 19 89 88 95 76 34 80 38 34 4 73
4 20 42 34 54 44 91 81 34 22 86 63 96 76 42 70 50 53 5 65
5 26 22 33 46 66 91 70 21 37 69 71 94 75 41 61 59 26 3 80
7 10 29 39 39 41 85 81 10 44 79 56 97 62 66 89 44 52 3 70
10 28 51 70 40 49 88 66 12 29 73 92 99 67 67 78 24 33 3 75
7 26 38 62 56 32 82 81 27 30 74 71 95 72 45 45 31 44 4 57
3 30 37 36 47 29 81 82 31 31 57 76 97 44 25 66 29 59 3 58
4 16 43 40 49 30 77 77 25 37 35 83 98 76 41 67 28 66 4 81
9 25 16 38 60 41 93 70 40 32 55 75 97 70 63 68 23 61 3 68
7 25 25 42 46 64 90 73 36 29 85 78 97 71 35 81 31 80 4 55
10 14 18 28 46 65 83 57 14 18 78 68 94 71 48 70 59 66 6 61
8 16 28 31 41 61 86 89 23 23 61 78 98 70 39 72 29 44 4 63
4 22 18 33 59 33 96 78 25 29 72 56 97 68 58 85 34 47 5 63
5 16 41 36 56 27 91 62 39 28 57 73 94 55 49 83 28 32 4 80
5 16 43 34 53 34 88 87 21 27 80 86 99 62 65 67 42 37 2 76
11 25 42 36 50 43 90 85 12 12 76 90 95 58 59 59 35 61 2 59
8 12 33 36 58 38 84 81 16 25 88 74 97 62 66 66 40 40 3 85
16 15 33 57 35 27 84 73 27 21 82 70 93 57 34 80 43 34 4 79
4 11 41 40 60 43 76 65 27 26 80 57 97 65 55 70 34 30 6 75
3 19 37 40 46 35 86 85 24 37 75 59 96 68 43 81 30 53 3 81
7 33 25 52 72 52 66 84 15 31 60 72 96 67 38 85 40 30 4 64
11 28 44 42 42 65 80 79 19 20 70 73 98 74 58 70 34 55 2 80
14 45 31 48 46 37 81 86 14 32 76 82 97 44 54 69 29 55 3 59
4 20 34 62 39 55 68 78 22 37 70 73 97 71 35 67 25 49 5 63
8 22 33 57 50 57 90 78 17 34 60 58 96 53 55 82 40 49 2 84
5 12 33 47 66 57 80 74 11 30 82 67 97 66 60 64 27 51 3 84
13 24 39 37 61 38 88 67 15 19 71 73 94 62 50 76 34 50 6 72
12 13 18 47 49 50 82 77 26 15 73 70 97 89 66 73 34 41 3 83
6 20 34 28 44 57 91 82 17 41 79 84 94 72 56 62 18 41 4 79
3 23 57 47 43 48 82 75 24 30 76 59 99 74 59 81 36 39 2 86
15 16 32 41 46 40 94 62 15 29 71 69 95 68 66 67 33 48 4 57
4 22 34 31 44 24 94 84 37 41 82 73 98 75 48 76 36 42 3 85
21 14 32 35 45 48 81 71 14 16 77 78 99 63 45 81 39 40 4 70
9 26 41 40 52 51 71 76 18 35 64 62 96 72 62 72 27 53 3 72
13 23 41 38 51 57 87 79 25 30 64 82 97 80 59 73 46 59 8 60
8 7 44 25 45 32 79 43 25 23 64 80 97 57 61 80 35 47 3 88
6 32 23 51 40 53 76 64 38 39 75 66 99 51 40 71 30 54 3 88
8 7 21 57 62 39 87 86 24 36 71 73 98 59 42 74 29 62 2 51
6 10 34 49 41 31 94 79 24 27 75 86 95 55 31 85 34 44 4 79
7 21 58 29 47 30 88 82 17 23 81 86 96 64 57 62 30 68 3 83
8 17 31 68 54 50 82 82 24 34 79 60 98 70 52 74 31 35 5 62
4 12 46 34 58 32 80 71 23 17 55 71 96 47 61 62 29 63 2 82
3 31 19 28 66 60 86 87 19 59 70 69 96 71 46 57 52 39 6 72
7 14 39 56 51 45 88 71 40 38 49 67 97 68 45 61 49 49 4 85
11 20 43 30 60 45 92 86 19 45 68 50 98 72 65 65 15 39 16 61
6 31 57 47 58 51 96 76 19 30 73 71 97 71 62 68 43 78 5 70
5 24 46 22 61 40 89 84 11 35 64 75 96 63 32 60 41 73 3 82
9 22 25 28 57 55 88 70 10 34 86 79 97 81 69 60 22 52 2 86
6 31 15 51 40 43 89 72 32 32 88 68 96 63 53 54 35 69 3 66
19 28 32 46 46 20 88 68 19 31 68 64 98 52 62 71 44 49 3 86
9 11 22 61 75 48 91 87 36 26 84 60 97 80 57 77 51 48 2 74
5 30 16 19 46 55 91 70 14 39 83 75 97 64 67 71 68 44 2 83
5 11 35 68 45 40 86 74 15 22 77 75 96 78 62 71 39 55 3 90
12 14 31 46 39 50 81 62 47 27 66 70 97 44 36 80 19 47 2 67
9 7 46 48 54 41 95 68 16 49 67 82 97 82 31 62 41 48 4 65
11 28 54 52 45 64 80 83 31 33 73 70 98 65 72 71 41 44 2 61
12 10 30 46 35 56 80 77 15 25 61 79 97 59 44 77 48 50 3 43
4 31 39 46 51 40 87 76 44 32 68 81 98 72 56 61 45 68 3 76
8 26 45 39 56 36 79 77 16 14 73 87 98 55 40 75 38 55 6 86
8 26 42 34 47 38 92 90 22 18 71 48 97 71 54 63 56 42 3 64
7 8 36 36 62 66 89 87 27 41 69 62 96 80 53 61 40 31 2 78
7 12 37 53 32 37 89 68 29 32 74 79 99 57 63 67 42 54 4 77
2 28 40 54 54 35 88 77 18 42 77 77 97 86 53 74 53 57 3 74
4 19 33 33 66 45 77 78 26 53 63 73 95 79 37 84 36 57 6 80
10 9 30 57 60 57 87 84 16 43 45 79 98 60 53 59 27 41 4 61
4 28 41 46 31 31 90 78 30 28 69 66 98 52 50 77 29 65 4 76
10 28 36 22 47 69 94 87 14 13 87 72 97 72 42 70 44 66 3 78
8 18 26 33 50 35 73 75 22 35 82 77 98 83 34 71 47 45 3 78
4 24 30 38 36 57 76 73 20 23 85 68 94 86 66 78 27 52 2 72
9 24 23 42 46 26 93 75 36 54 64 47 97 80 50 83 38 41 2 53
10 26 27 25 58 36 59 75 24 40 74 71 93 70 64 68 35 50 5 92
10 12 33 38 47 44 91 69 20 19 58 71 93 61 45 80 35 43 3 81
7 20 43 57 68 45 77 81 11 19 83 84 97 53 53 75 31 53 2 63
7 25 29 47 43 32 86 80 19 24 79 67 97 79 50 62 39 54 2 65
4 19 33 25 65 41 86 70 13 26 87 76 97 73 33 86 26 60 5 71
7 16 33 31 57 35 86 74 9 32 75 69 98 55 53 82 55 51 2 59
5 21 32 50 68 55 88 81 10 24 80 68 98 69 59 62 57 36 8 67
11 26 14 49 70 72 95 83 14 38 72 79 96 87 53 53 34 53 2 78
7 18 45 49 52 48 88 79 14 34 65 62 96 55 54 81 27 35 6 71
6 19 42 51 56 37 75 63 26 38 65 68 98 72 54 81 46 47 4 45
6 26 26 61 44 45 83 79 20 30 73 61 97 48 47 77 39 55 3 71
3 18 41 50 45 56 90 78 15 20 80 66 98 78 45 66 27 46 2 51
6 13 30 24 49 64 90 86 19 28 79 76 94 61 44 74 36 36 2 76
16 20 45 45 55 38 95 86 31 31 76 84 98 89 41 69 42 41 3 62
7 30 38 51 62 55 82 69 14 47 80 77 91 84 56 89 49 70 5 77
4 12 45 49 56 56 79 67 15 32 66 82 91 67 45 48 45 64 5 85
8 18 36 42 64 32 92 84 12 18 82 66 93 80 38 63 38 57 4 73
6 25 40 50 68 35 92 74 28 68 73 88 98 65 36 70 35 26 3 71
9 19 40 27 42 34 91 76 14 34 65 70 98 75 44 52 57 55 2 74
9 22 20 54 74 27 89 69 26 33 82 75 90 60 30 66 33 45 2 83
4 29 26 45 40 31 80 73 19 30 68 73 94 87 48 69 41 40 4 86
4 27 19 49 55 49 91 83 16 40 76 78 98 56 32 74 33 67 2 77
6 21 46 32 71 54 84 70 22 34 59 76 97 70 32 68 22 48 3 85
8 30 20 32 36 43 83 71 30 39 77 70 98 59 32 74 50 49 3 77
5 15 40 44 50 56 66 87 27 25 82 83 98 75 39 77 31 65 3 76
3 26 21 51 66 48 85 62 16 29 89 65 93 67 50 72 26 56 3 75
