100 20
5 25 85 97 33 52 49 66 90 33 40 86 84 60 70 22 81 22 35 7
3 37 76 93 19 40 64 51 93 46 56 58 56 48 78 38 68 16 25 21
7 33 81 96 30 18 71 34 88 42 18 91 75 57 67 15 61 16 23 13
7 25 81 97 30 33 69 30 91 49 24 85 74 62 67 21 80 15 48 10
5 37 90 92 19 27 67 30 93 44 42 89 73 76 82 27 91 13 33 10
3 27 58 97 32 48 69 36 92 71 33 88 72 85 90 22 86 16 22 24
3 39 64 98 18 68 55 61 92 54 44 75 77 62 63 25 79 26 36 10
5 34 51 86 55 80 56 44 88 51 35 92 72 67 85 19 78 12 17 11
4 20 56 90 29 60 52 37 92 25 30 73 43 77 74 40 90 27 10 16
4 55 72 98 32 40 35 23 87 38 42 74 71 38 79 14 88 8 12 9
5 41 70 95 37 40 58 52 83 35 32 82 64 76 69 18 67 13 26 12
4 37 82 92 33 43 44 54 86 70 36 83 71 69 85 24 86 11 16 5
3 48 78 93 23 37 65 19 85 39 32 88 62 75 74 12 86 11 13 21
5 56 53 97 25 36 58 35 91 46 45 78 90 85 84 15 92 23 29 11
3 33 89 96 24 39 48 34 80 45 33 75 85 80 80 36 79 28 46 14
3 58 65 96 27 31 59 39 87 56 53 75 64 68 80 12 86 19 36 15
8 36 60 91 15 31 86 37 95 41 24 88 80 55 74 23 87 44 12 6
6 17 74 96 35 40 57 56 94 56 51 87 63 76 77 25 90 36 22 11
5 41 72 96 43 25 44 25 95 56 36 86 80 76 82 26 86 31 25 12
5 48 54 94 41 60 64 60 94 27 38 81 77 49 68 47 86 12 20 8
2 25 70 97 26 45 81 37 75 49 25 78 86 62 72 37 81 28 36 7
3 25 74 96 20 56 53 25 78 29 47 55 64 50 71 15 88 22 29 11
5 30 74 95 33 42 51 55 82 38 60 93 89 68 66 33 94 22 24 14
6 43 80 98 37 20 67 47 78 55 58 76 61 83 74 20 79 17 19 9
6 25 82 92 17 52 64 44 78 27 21 77 68 66 70 21 79 7 18 12
14 29 80 94 21 40 64 68 86 42 21 86 80 66 63 23 91 17 18 18
3 24 66 97 32 48 53 19 95 56 33 71 86 73 67 17 66 23 43 15
3 27 76 87 28 55 70 62 94 46 25 66 52 84 90 14 86 12 28 20
3 50 79 99 28 34 47 56 91 41 48 91 60 61 80 23 80 10 39 10
2 34 76 98 23 54 54 39 79 32 30 90 68 47 76 9 70 31 22 9
4 29 88 97 45 43 64 48 88 51 41 80 61 73 73 28 88 25 10 14
3 35 56 97 22 62 45 21 89 46 27 72 74 53 88 21 85 11 14 21
9 27 64 97 42 51 59 38 92 28 44 74 71 88 75 28 85 13 21 7
8 39 56 95 14 31 56 41 88 43 35 85 50 70 92 33 75 22 26 8
2 33 45 94 21 46 55 32 90 71 42 67 58 68 85 33 90 13 7 13
3 46 57 97 32 49 58 35 92 34 43 88 64 87 84 20 81 16 27 3
5 20 57 98 14 46 74 45 71 28 36 86 71 79 73 8 89 19 23 23
3 32 66 92 38 45 53 45 91 44 43 77 66 47 65 20 75 22 34 10
4 19 67 98 23 55 56 35 84 36 19 70 79 70 59 17 68 11 27 18
3 12 90 98 30 36 45 49 95 55 49 76 69 79 79 11 71 14 12 9
4 28 67 97 30 27 59 60 65 56 22 63 76 52 81 25 77 13 29 10
2 43 80 94 22 36 56 60 90 44 38 74 63 68 69 35 88 27 9 9
6 16 62 89 14 47 71 39 86 36 38 85 72 57 72 39 90 18 35 10
3 26 71 96 41 22 44 54 88 56 19 87 62 71 67 31 77 11 16 19
9 35 70 92 21 59 53 36 90 46 44 80 78 79 69 24 77 25 30 21
4 24 70 98 29 28 52 36 90 16 24 87 71 37 55 18 65 30 19 9
9 24 78 99 21 21 53 39 82 58 40 87 86 68 64 15 74 18 29 12
3 48 64 89 33 55 71 37 85 47 33 77 61 57 69 25 85 14 34 15
6 27 75 97 54 32 57 33 93 56 48 88 59 75 82 23 86 20 27 18
4 13 65 95 24 33 65 38 83 50 32 70 58 71 60 35 92 21 27 11
4 47 81 86 29 51 63 35 91 32 48 77 78 75 66 30 79 24 16 6
9 37 82 90 33 28 56 39 79 49 23 88 75 68 63 15 86 13 22 12
5 27 65 98 45 23 68 23 93 52 40 69 62 79 79 30 86 14 15 12
7 23 53 96 27 44 67 32 94 28 21 86 79 65 75 11 86 15 35 21
3 24 72 96 38 44 39 37 75 34 24 78 63 57 64 35 81 4 17 5
10 27 79 95 39 63 66 51 88 50 42 85 77 83 74 15 71 19 33 12
2 28 81 99 18 45 58 44 91 41 40 82 88 73 78 28 87 19 25 23
3 51 86 94 32 52 77 36 95 63 32 81 85 63 62 38 69 14 14 20
4 48 62 95 22 44 52 49 88 37 32 92 65 60 69 32 91 12 7 11
7 52 82 97 28 61 72 43 93 34 39 88 76 69 81 25 72 21 27 7
4 23 79 96 50 31 80 63 90 29 41 79 56 60 54 16 87 19 30 7
4 55 53 93 24 50 55 35 82 50 29 93 81 76 81 22 80 25 20 18
10 38 83 98 27 39 62 63 76 46 41 88 85 67 87 14 85 15 21 10
2 38 83 98 41 49 52 31 97 58 41 79 83 78 66 27 83 15 13 15
2 38 75 94 22 49 53 40 89 66 38 88 74 78 84 13 78 20 18 9
3 38 86 98 22 38 51 43 75 37 47 66 62 71 64 39 81 11 10 12
3 20 66 92 40 29 52 55 94 43 19 75 61 62 58 27 88 17 28 20
3 37 70 94 13 45 67 32 91 53 27 88 79 73 72 19 82 19 17 8
4 46 87 95 28 29 58 42 87 28 38 83 83 69 71 11 90 11 26 11
6 15 78 95 26 39 80 22 94 43 42 86 68 66 61 28 80 12 31 12
7 38 43 97 19 35 36 50 86 58 26 92 79 70 89 20 77 28 19 11
7 18 74 89 43 35 60 42 89 51 18 76 86 70 71 19 86 10 13 8
3 15 63 96 29 31 34 18 86 53 38 72 59 83 81 23 87 15 18 17
7 26 60 97 26 32 47 36 92 28 42 88 86 85 79 39 82 28 27 9
3 30 64 97 33 35 51 45 80 29 58 70 73 73 76 14 64 31 22 13
9 30 78 97 18 55 59 32 93 42 43 76 86 62 73 18 89 10 11 7
4 28 56 97 35 42 60 52 93 49 25 90 68 67 65 22 86 14 20 11
3 31 88 98 36 50 63 45 86 22 48 64 83 81 45 13 81 17 18 17
5 42 80 98 31 48 48 46 90 32 39 78 88 23 74 25 88 30 24 9
5 30 82 93 14 37 39 31 88 63 49 82 73 75 83 16 80 24 13 7
7 39 74 96 27 29 53 30 87 32 35 88 70 83 64 17 93 23 22 8
3 43 75 85 44 49 67 49 94 55 38 81 80 44 66 33 90 21 21 5
7 25 82 95 22 41 57 67 78 18 41 80 67 76 78 29 69 32 26 13
4 32 71 95 33 37 46 42 80 56 17 86 75 77 86 17 81 40 21 13
3 25 67 98 45 40 46 38 80 56 47 78 61 87 57 31 87 28 20 8
3 45 77 98 27 32 79 64 94 49 25 71 69 59 79 25 70 13 19 17
3 35 50 98 30 36 56 45 87 32 48 86 68 73 75 18 80 16 11 5
6 28 77 97 25 35 60 38 83 56 35 83 72 78 67 13 93 16 21 10
2 56 70 93 39 53 82 51 81 52 23 90 76 62 82 23 86 9 15 9
3 40 68 93 18 52 65 39 87 39 40 70 58 77 78 22 78 29 22 8
4 16 85 94 22 29 67 47 69 27 22 93 56 75 78 22 77 15 37 20
5 32 72 98 16 53 66 43 93 60 38 82 65 81 73 25 93 13 31 13
5 28 89 97 30 41 33 33 92 26 64 80 85 71 74 27 86 25 16 9
3 25 70 96 30 27 60 30 96 36 54 83 65 82 74 31 93 22 26 14
3 50 66 97 31 34 57 52 89 44 34 88 74 84 85 30 77 18 21 10
6 33 69 96 33 32 57 51 84 43 49 83 76 73 85 15 81 13 31 16
6 34 80 98 19 39 50 56 84 17 29 65 67 86 74 18 82 18 18 12
5 35 56 98 24 22 48 33 80 17 60 82 58 72 89 32 84 11 34 7
6 35 71 97 31 51 62 39 85 43 57 78 76 69 78 34 78 12 38 10
2 30 67 95 26 60 54 49 86 67 33 59 76 68 66 25 84 21 22 9
