50 10
96 97 97 98 97 97 99 96 96 95
99 99 99 99 99 98 99 99 99 99
9 10 15 17 11 7 14 7 5 25
69 78 74 77 72 60 61 66 77 86
2 2 2 2 2 2 2 2 2 2
9 7 19 13 9 14 8 21 5 7
57 32 54 36 37 45 41 60 47 42
90 90 85 83 83 90 86 90 79 90
16 14 20 7 22 18 30 31 26 28
76 79 86 75 88 88 88 67 88 56
94 77 82 84 83 80 85 61 84 75
69 81 73 90 71 86 81 72 89 92
69 65 73 51 53 81 71 72 47 65
70 77 82 59 68 74 54 65 79 73
71 74 73 65 86 86 82 81 77 80
97 91 82 88 93 81 81 96 89 92
71 70 57 76 72 56 69 76 70 55
7 3 6 4 3 3 8 4 6 4
85 77 89 93 89 95 91 72 80 79
4 5 7 9 5 9 9 7 7 9
70 84 89 73 78 74 64 83 76 77
99 98 99 93 97 98 98 96 98 98
47 60 75 47 33 54 59 53 40 75
73 71 77 70 65 75 69 74 80 69
13 10 5 9 25 11 13 19 6 16
34 55 28 32 31 55 33 38 38 24
94 89 96 95 95 97 97 93 88 96
23 11 20 12 31 17 9 5 9 9
41 46 39 62 45 44 52 58 39 64
18 5 8 10 12 8 6 13 8 13
14 18 20 17 32 31 30 38 11 16
70 61 57 63 71 49 65 78 43 52
10 9 16 16 11 24 28 13 17 26
50 49 54 58 41 56 46 69 64 51
19 11 10 14 15 12 14 10 9 7
96 97 96 92 90 84 96 91 95 97
50 63 67 78 62 70 71 85 63 58
25 39 48 47 48 59 50 48 37 31
17 25 37 37 20 31 39 37 21 44
71 60 82 62 62 67 85 59 57 66
71 67 76 78 78 63 44 57 63 72
50 32 47 54 16 39 34 39 37 17
39 35 36 23 18 29 51 23 20 26
14 8 16 8 26 10 9 4 16 13
86 88 86 94 90 83 93 93 87 96
58 48 56 71 50 46 53 69 63 51
43 58 53 53 71 78 87 70 77 24
41 43 24 29 38 36 26 37 44 47
11 14 4 5 15 10 7 10 8 7
38 31 23 45 14 37 40 8 28 24
