50 10
54 66 38 18 22 24 71 28 58 17
85 39 23 8 7 22 75 39 75 33
73 60 44 13 12 51 76 27 74 14
61 50 34 10 14 24 67 19 79 16
84 51 42 9 20 30 83 22 69 17
83 51 61 9 18 19 69 32 76 21
73 41 30 8 12 39 77 27 67 19
78 47 28 6 12 45 85 32 63 23
86 54 55 13 11 27 74 32 63 17
69 55 35 8 22 31 79 32 71 21
81 67 54 6 11 47 76 27 76 22
77 56 29 7 15 14 79 22 50 11
82 46 56 14 8 30 84 36 60 22
89 42 55 11 22 32 78 58 49 18
81 49 39 5 14 21 84 20 87 22
90 44 46 16 19 46 90 24 77 27
71 50 31 2 8 22 80 24 71 9
92 43 41 7 11 45 77 34 61 24
66 57 23 14 15 32 78 55 73 34
91 55 33 7 13 28 56 29 56 36
69 66 38 5 13 24 78 15 55 22
86 52 34 12 13 19 82 37 67 30
88 63 53 5 17 30 78 37 79 15
72 37 57 20 11 16 63 52 78 22
76 76 42 12 13 15 72 22 69 27
80 66 34 7 17 15 76 48 70 27
90 42 48 15 13 36 70 34 76 19
77 52 37 7 7 28 84 34 63 23
81 54 26 16 10 19 69 43 48 16
72 48 47 11 18 15 74 40 71 14
86 66 46 11 15 13 87 19 80 34
88 62 20 5 43 25 64 24 79 21
78 53 44 31 13 34 75 51 82 23
84 42 43 7 33 36 59 34 82 43
92 54 36 13 22 41 86 37 80 24
83 60 61 12 14 45 82 21 46 35
64 47 42 12 8 33 77 34 55 16
90 73 62 4 21 23 83 18 76 16
77 65 44 20 22 24 79 25 65 21
72 55 50 5 13 27 90 28 78 27
90 63 44 12 13 11 80 35 49 38
91 73 30 11 13 26 77 51 72 25
76 53 56 9 15 29 60 38 89 11
87 68 58 8 14 19 78 27 77 37
79 45 40 8 23 30 79 21 73 35
83 70 23 7 7 16 91 32 64 31
89 39 50 5 15 24 69 18 60 16
84 60 39 4 17 36 81 26 88 38
80 37 38 19 14 40 65 20 77 25
95 73 38 7 15 27 55 41 56 15
