200 20
27 44 83 54 10 9 89 86 5 40 30 62 83 42 87 29 10 45 80 82
39 54 84 42 11 12 84 90 6 54 28 46 94 48 86 49 8 32 79 69
26 45 78 35 13 7 91 76 4 41 53 30 85 47 95 64 5 56 75 74
19 32 66 55 8 13 84 78 4 47 42 66 77 32 97 55 8 24 90 79
23 43 83 63 19 21 63 79 14 46 29 35 94 48 96 67 12 30 81 73
13 53 66 62 7 38 91 92 3 37 26 44 67 48 94 50 15 32 81 85
27 39 89 59 24 22 81 94 8 39 22 69 79 27 89 71 14 41 90 90
24 47 80 37 12 23 92 87 3 33 61 45 85 33 97 52 5 54 90 81
21 35 93 75 16 17 68 87 3 68 29 64 82 28 89 45 20 44 82 87
24 37 80 42 7 25 77 88 5 62 47 48 83 53 89 52 15 41 80 74
16 36 83 57 8 23 86 82 4 63 45 56 78 39 85 52 14 56 78 72
31 37 87 42 8 20 71 85 14 46 35 64 73 39 95 42 13 50 80 87
36 22 80 53 13 17 69 84 5 56 32 59 81 61 96 37 12 47 86 83
9 32 67 51 4 19 89 86 5 42 31 57 80 34 95 51 16 41 86 89
19 41 94 52 15 21 71 80 5 51 49 56 86 53 91 63 16 29 85 78
43 38 76 64 14 18 79 80 11 64 18 46 84 58 97 67 9 43 86 92
28 23 79 37 15 21 81 86 8 70 40 49 94 48 96 42 19 40 78 59
22 24 77 62 26 32 67 66 4 70 50 47 79 26 94 55 19 59 83 75
22 53 91 76 11 17 74 92 4 70 38 45 88 48 91 61 15 52 89 81
24 22 94 71 15 29 89 85 14 69 23 66 82 63 96 42 7 46 88 88
20 38 85 55 6 9 93 77 12 62 37 53 83 46 91 63 10 41 88 56
32 62 83 63 11 30 85 82 7 55 33 67 82 46 94 51 7 53 92 65
17 57 88 53 10 10 90 92 7 81 30 62 73 41 98 72 9 29 82 80
30 25 91 47 9 17 84 90 4 49 18 46 87 52 96 65 10 41 90 82
24 44 78 57 6 24 85 79 3 46 36 44 86 55 94 80 6 40 78 65
28 38 78 53 11 18 91 87 3 51 21 44 84 28 85 52 12 21 93 85
30 28 83 54 9 15 75 78 4 68 46 66 90 43 93 50 3 34 85 55
47 33 70 63 20 8 86 75 7 65 26 59 79 28 98 62 14 40 89 84
33 51 74 71 11 11 90 91 6 38 44 57 84 48 92 53 16 44 92 86
27 37 88 49 9 19 83 80 11 55 17 63 85 33 95 58 24 35 71 79
31 33 95 32 10 22 68 81 9 62 19 51 87 28 93 56 14 66 88 80
37 37 77 58 8 14 85 94 6 72 34 43 89 53 97 56 16 41 86 72
20 62 90 60 30 9 87 82 3 54 38 66 94 49 94 50 14 31 95 86
12 46 74 58 10 18 82 81 6 64 65 46 90 54 98 74 8 59 85 79
22 52 71 55 9 21 70 80 8 33 24 64 85 38 96 59 7 38 67 73
30 31 87 44 9 35 93 82 7 50 44 32 86 31 96 46 4 52 79 76
32 44 75 62 6 21 73 87 7 53 35 52 90 49 95 49 11 19 62 83
15 26 82 60 7 25 89 78 7 72 39 52 83 30 97 55 13 52 75 51
31 54 66 72 12 11 74 80 7 57 42 43 78 41 74 53 16 30 70 89
18 37 69 62 11 16 81 79 3 68 29 41 80 34 92 20 12 40 82 78
29 33 93 57 13 17 84 85 7 52 40 53 83 54 89 51 14 49 89 89
26 28 64 33 12 20 84 85 5 46 44 56 72 30 94 55 16 24 78 72
26 20 89 79 13 19 86 74 6 62 38 75 81 34 97 60 17 29 85 80
12 28 78 60 11 22 87 80 5 59 20 33 83 49 89 61 11 24 89 91
14 35 86 53 9 15 79 85 12 59 40 29 74 41 97 61 15 47 74 61
65 51 61 27 20 10 80 79 13 40 44 36 74 29 94 31 13 31 91 84
30 30 88 72 13 24 81 89 7 71 44 30 91 30 90 50 8 48 91 85
41 28 81 59 10 14 88 84 10 57 38 51 84 54 90 62 6 32 85 87
27 58 75 49 9 18 86 83 5 60 27 57 82 32 89 78 7 30 88 82
22 24 92 34 8 36 74 90 5 68 44 61 82 48 96 76 8 51 91 90
45 36 80 69 10 9 85 86 3 78 61 51 87 56 98 63 11 43 79 67
19 25 56 62 10 21 78 90 9 48 42 64 87 31 96 68 15 30 75 90
39 46 78 50 9 14 81 87 7 52 30 44 72 35 95 69 11 39 71 68
26 37 89 73 9 16 83 88 2 55 54 51 91 34 93 55 12 43 79 67
17 16 80 42 8 15 96 96 3 66 24 48 82 34 91 80 30 29 84 71
13 23 73 58 19 21 87 79 4 40 20 33 88 42 94 50 10 47 66 79
16 38 93 43 14 23 88 87 7 40 33 45 86 58 97 46 18 29 76 89
21 47 49 47 7 16 93 87 11 61 15 34 80 54 97 36 18 16 85 69
48 22 77 53 5 21 85 92 6 45 52 51 71 38 92 51 6 33 76 79
25 34 85 50 13 12 89 78 5 44 56 54 86 51 93 48 24 34 73 77
36 22 83 66 7 11 84 80 6 37 33 61 73 59 94 68 20 23 77 70
28 48 82 49 14 15 87 92 5 62 36 70 96 42 95 51 10 45 59 87
26 38 87 42 2 25 82 80 13 60 58 32 90 39 91 63 11 25 93 88
25 56 92 65 7 19 82 73 6 54 34 41 94 66 89 63 4 14 92 63
30 38 88 66 19 3 87 84 7 75 20 37 89 57 94 50 10 50 87 91
36 35 87 69 11 13 92 87 5 52 31 41 82 42 93 65 13 20 86 87
34 36 81 46 14 8 90 75 7 59 32 41 89 32 91 62 17 33 89 76
48 40 73 59 7 14 82 86 5 52 37 43 93 55 95 67 13 46 75 73
42 38 79 64 6 19 84 75 8 71 30 56 76 46 97 73 20 43 91 71
40 42 82 71 15 18 92 87 5 68 47 45 88 51 93 54 23 46 78 66
38 35 88 75 17 11 90 83 5 42 30 56 71 43 97 58 8 22 92 90
15 33 75 70 14 10 76 84 8 51 24 39 80 55 95 61 8 42 87 79
18 58 72 55 13 36 81 69 9 67 42 48 80 23 98 57 28 33 75 72
21 13 89 49 11 10 90 72 4 59 22 36 91 41 98 65 4 33 80 86
43 49 57 51 18 14 88 92 11 28 27 54 89 45 98 69 22 38 79 88
34 50 80 46 23 21 84 77 8 59 34 20 90 50 77 58 7 32 88 64
45 58 57 69 12 23 88 93 5 55 36 47 82 40 96 77 19 33 73 82
17 53 78 52 7 21 83 80 3 49 23 41 84 16 90 49 19 21 83 82
13 22 79 63 14 36 84 93 6 35 10 65 83 23 92 70 4 38 86 80
47 16 86 68 9 9 90 90 10 69 16 48 74 53 94 65 14 52 78 88
17 39 94 45 7 5 92 88 13 42 34 53 80 37 97 56 18 44 87 83
26 25 91 70 9 19 80 92 7 59 40 31 77 46 94 55 9 38 66 95
18 24 71 56 7 18 86 95 5 64 35 64 91 52 91 53 6 27 87 81
24 38 84 74 17 19 92 84 4 54 43 51 87 52 91 46 20 37 80 83
23 64 85 67 15 14 87 78 8 40 22 40 93 67 93 51 5 30 80 73
45 41 70 38 15 5 77 77 4 41 53 41 87 35 96 57 5 44 74 70
22 48 89 70 18 18 94 93 6 37 30 37 86 55 87 77 24 70 85 72
31 43 85 52 12 21 87 83 7 66 14 47 86 43 96 56 9 31 89 84
14 54 77 66 21 15 89 85 3 60 24 71 85 33 93 48 18 42 87 76
19 43 85 74 12 17 89 96 3 42 37 41 80 44 97 47 16 50 81 82
23 39 72 52 10 10 90 91 9 38 38 40 92 47 95 60 6 70 82 87
30 52 83 56 22 22 72 90 7 54 42 70 81 24 93 52 18 55 90 81
32 18 69 50 6 19 87 89 4 58 34 41 83 41 94 58 12 47 82 84
14 35 73 42 19 9 93 88 7 69 34 33 74 29 95 46 26 41 95 90
26 36 61 56 9 34 75 78 2 48 28 41 83 73 96 52 11 50 76 84
31 39 81 54 24 29 86 97 5 71 21 47 77 32 92 63 13 39 87 89
30 39 73 54 17 24 83 88 4 54 29 53 92 47 91 60 12 41 91 87
8 22 89 54 13 15 92 90 10 38 36 50 70 48 76 64 9 37 96 79
20 14 79 66 6 27 73 89 5 68 28 47 79 39 94 57 18 40 54 84
25 38 88 69 9 11 77 92 7 48 40 58 85 46 95 57 11 56 73 65
25 20 73 79 19 11 82 92 6 24 57 57 90 55 95 48 11 35 85 76
20 28 85 46 8 20 88 84 3 49 30 70 90 44 95 53 9 36 85 65
22 21 82 53 12 19 83 95 6 61 33 37 84 31 93 62 35 33 75 86
33 26 72 53 15 20 83 84 6 45 31 39 79 62 89 60 23 49 87 80
50 41 75 75 8 27 70 87 9 56 40 36 95 47 91 61 15 49 87 67
44 38 85 74 8 18 86 86 5 61 47 42 87 33 90 55 8 22 85 87
17 37 65 37 13 8 95 81 7 58 35 38 82 44 96 62 8 41 81 73
37 27 77 62 10 15 81 77 4 58 43 53 79 56 96 50 13 38 84 72
12 32 76 55 13 7 90 90 15 39 28 46 81 40 95 62 23 49 90 94
39 38 79 54 10 17 88 82 5 61 30 40 80 52 89 61 8 70 68 74
21 42 76 59 16 12 91 93 4 59 25 59 81 39 90 58 27 39 83 83
29 32 85 46 11 28 95 86 3 42 50 40 77 61 88 56 18 29 77 76
21 42 78 62 4 13 83 85 14 66 26 46 93 49 92 67 12 33 86 65
20 48 69 73 8 10 94 75 5 41 38 59 80 32 95 40 17 38 69 77
24 17 80 84 8 21 73 96 10 72 58 49 88 61 89 48 13 30 87 89
37 25 90 44 20 15 90 92 7 67 25 33 88 19 96 54 20 31 74 73
34 46 76 46 8 15 86 79 6 64 46 37 71 46 94 38 24 46 84 87
35 61 83 41 17 29 80 81 5 60 42 41 87 49 96 60 11 48 80 70
17 40 83 60 11 22 84 86 8 53 32 36 90 49 95 47 7 28 77 86
24 65 87 79 14 16 91 79 5 55 30 57 89 50 95 50 8 46 87 70
52 36 75 62 10 14 92 76 7 60 41 35 72 40 90 68 13 34 74 84
36 69 68 58 11 32 90 84 8 69 30 32 89 50 97 67 7 52 92 92
23 43 80 73 7 14 83 85 10 50 32 62 77 48 96 59 13 43 90 89
37 39 78 55 9 27 83 89 10 54 27 50 74 33 90 67 12 45 77 73
28 33 63 54 12 17 83 95 4 81 25 45 86 38 96 66 23 58 83 82
20 28 86 58 9 18 80 89 9 41 50 49 83 52 94 74 16 38 87 83
59 22 78 45 19 23 90 77 10 43 50 62 82 41 96 63 12 32 79 76
21 54 84 65 14 22 95 68 14 35 53 57 80 44 93 58 17 31 77 67
27 50 81 68 10 17 86 82 4 48 32 53 92 65 97 70 7 41 79 82
23 51 68 60 12 13 88 71 11 42 46 48 86 39 93 52 10 34 82 86
36 22 85 53 10 16 80 83 6 50 31 41 79 57 91 62 5 40 82 74
29 30 91 46 10 11 80 85 5 64 31 51 94 36 93 52 19 45 64 75
28 20 45 75 11 9 87 84 6 62 41 59 82 53 92 34 21 55 89 71
34 44 77 59 13 24 83 72 11 50 23 46 85 38 96 49 10 22 81 67
17 38 66 55 9 19 87 83 3 54 40 26 83 32 95 40 16 43 76 77
24 44 77 63 11 31 88 94 8 73 27 71 74 52 95 63 12 25 78 79
20 27 86 57 6 25 77 90 3 66 35 55 95 30 95 55 18 45 77 81
26 38 89 51 10 19 88 94 9 48 31 52 79 51 91 59 10 51 64 54
18 33 83 51 16 10 89 80 9 48 61 36 81 19 94 61 15 45 83 86
25 33 69 54 9 14 88 90 6 62 19 49 86 32 90 63 11 44 81 66
47 25 70 55 7 4 82 79 8 57 22 53 71 53 95 64 23 39 69 65
21 30 77 54 6 24 82 92 11 59 47 58 79 33 95 62 9 33 93 87
38 57 91 67 16 8 86 90 11 65 30 54 84 35 95 62 16 53 97 92
17 39 88 70 11 13 86 86 11 66 14 48 81 57 90 69 6 44 86 78
22 29 79 55 18 8 81 82 18 50 30 44 83 61 96 65 18 36 88 78
30 25 88 58 6 16 92 67 4 82 51 61 81 20 95 81 9 27 81 59
21 38 74 47 19 6 87 90 4 46 56 51 85 39 94 61 11 56 95 73
27 58 94 51 5 14 87 70 7 46 25 36 83 48 96 43 9 46 80 85
27 29 72 53 12 19 82 75 6 43 36 65 70 35 97 68 16 53 90 92
34 53 84 57 12 9 81 88 7 43 48 60 90 37 93 52 10 41 79 79
20 23 84 58 6 8 89 91 8 46 36 38 72 44 97 59 10 41 87 71
49 34 72 62 15 8 72 89 8 38 27 52 89 46 94 70 7 24 84 67
29 53 91 58 15 7 74 92 13 66 33 61 92 27 95 46 17 36 73 84
56 36 76 67 30 15 93 87 11 48 25 45 81 21 97 65 14 26 84 82
44 30 87 47 10 17 74 84 4 60 31 37 87 51 96 48 8 40 82 88
22 43 80 72 6 11 86 85 7 48 45 51 87 29 98 39 6 53 80 79
28 34 82 32 7 22 85 78 5 62 42 49 95 47 95 67 16 29 92 81
23 38 90 42 15 13 87 88 6 33 45 43 81 45 92 40 13 36 86 76
43 35 80 63 10 21 83 87 11 58 36 23 93 53 93 50 12 38 63 80
23 38 76 51 7 20 89 88 6 48 47 38 84 29 96 74 16 38 82 79
23 38 72 52 18 35 89 91 10 49 37 50 76 31 87 54 11 55 89 87
32 45 74 65 34 17 92 89 10 52 36 15 88 48 85 46 9 46 84 86
30 38 81 51 5 22 71 82 8 73 26 38 86 40 95 62 11 23 93 63
40 39 81 68 6 12 88 88 14 50 26 57 80 40 96 41 22 36 80 72
12 26 81 58 12 9 91 91 4 78 23 54 86 41 95 69 24 53 82 79
41 39 82 71 8 14 92 86 17 50 31 40 86 28 92 45 21 49 97 82
22 45 91 48 8 18 82 92 4 67 17 34 90 68 90 46 24 39 88 95
31 33 83 58 12 18 82 87 11 58 39 39 92 34 92 65 9 32 88 79
36 41 84 43 10 28 79 88 11 40 35 57 85 36 96 55 8 45 69 88
9 28 80 38 15 22 93 84 5 69 39 41 90 24 93 57 8 30 80 75
19 24 73 60 9 12 94 90 4 65 34 31 90 50 97 25 20 48 84 79
29 36 75 69 10 19 90 87 4 50 36 53 76 54 95 68 13 49 87 90
37 50 74 60 11 20 88 86 12 60 31 31 88 52 90 63 21 43 88 84
29 61 92 44 16 16 96 82 8 36 12 39 89 38 92 81 9 36 93 83
22 39 94 41 10 7 85 88 6 51 37 48 85 35 93 59 9 45 70 68
22 40 85 56 14 19 72 92 2 45 30 67 96 47 91 36 17 35 86 83
24 47 69 57 9 18 87 83 9 60 43 65 75 32 94 41 11 61 72 70
36 35 84 55 5 21 64 84 6 62 38 39 79 34 93 51 4 40 77 82
37 41 80 61 7 24 88 93 6 47 51 55 77 50 95 62 13 55 90 75
45 42 76 60 6 25 91 88 12 56 19 60 73 60 94 40 34 27 81 69
20 13 81 58 6 10 90 83 6 50 19 28 72 40 98 62 13 50 83 89
26 55 77 37 8 14 83 92 12 66 15 54 79 32 87 60 36 30 79 84
25 31 84 67 18 17 79 76 2 63 47 28 81 23 95 60 7 34 72 86
33 41 71 34 8 9 83 74 3 44 61 59 74 18 94 53 10 60 78 75
27 31 84 57 15 17 75 59 5 58 28 42 71 23 94 47 6 32 90 79
42 32 83 50 8 20 94 92 5 60 39 49 83 35 98 37 21 62 74 86
29 30 77 72 6 18 92 87 8 52 17 68 75 46 79 54 7 26 67 84
35 52 81 55 14 29 75 89 7 59 45 52 83 63 91 59 3 37 75 85
24 36 86 47 3 28 76 86 5 53 23 37 60 42 97 37 8 32 95 81
31 40 65 64 11 16 83 92 5 51 20 31 89 40 93 39 14 28 82 66
21 30 82 55 14 11 73 91 11 61 49 43 70 42 93 60 9 50 86 51
35 55 88 55 9 14 80 80 5 42 20 58 72 20 90 62 11 35 73 81
28 41 89 61 10 11 75 93 5 39 51 75 67 34 91 46 19 26 71 84
21 39 86 48 9 10 86 92 4 49 46 74 87 39 87 55 6 46 77 71
33 29 91 37 5 32 77 92 6 68 34 41 78 58 98 65 5 48 81 72
21 30 68 69 22 9 87 75 3 41 55 42 93 41 97 54 12 30 72 75
17 25 84 51 13 17 86 87 6 64 49 21 75 70 97 50 9 60 75 67
34 46 64 65 8 22 86 87 3 47 41 37 75 45 95 59 11 22 84 86
34 32 77 54 16 8 87 91 5 55 34 51 85 30 97 59 5 54 74 70
34 40 67 77 9 18 85 94 7 58 30 43 93 43 96 67 9 50 75 92
