100 20
65 81 54 68 60 75 85 51 48 48 89 2 34 42 87 45 81 89 86 60
55 69 53 47 38 85 87 23 58 39 94 4 33 38 93 40 89 91 84 33
70 58 53 51 41 83 84 26 46 39 97 4 32 54 91 28 92 84 90 59
46 58 63 39 41 74 80 21 61 43 97 3 17 47 90 36 88 87 85 54
82 53 45 58 49 61 84 18 64 61 95 2 40 50 93 50 81 86 84 64
71 73 61 57 49 67 91 23 68 67 93 2 27 36 95 44 89 88 88 57
31 77 70 70 64 64 76 24 69 53 97 4 22 51 92 36 86 83 93 61
76 71 67 35 46 71 83 15 74 43 94 4 15 36 87 48 74 71 83 68
48 46 42 47 58 69 89 25 58 53 92 3 41 47 92 39 90 91 73 64
80 54 45 35 65 76 78 28 63 44 96 3 25 19 97 29 93 85 87 45
70 59 61 52 48 75 84 16 74 55 94 2 52 41 90 37 68 87 76 76
62 72 59 44 49 80 90 29 69 68 92 6 20 54 97 35 92 90 76 41
61 73 56 51 72 64 87 41 69 67 91 5 23 43 90 25 85 94 86 42
77 83 65 58 46 79 94 33 65 53 88 5 28 56 94 30 93 73 92 54
74 60 37 57 63 71 87 18 52 49 92 2 41 48 90 27 90 97 76 58
58 58 58 48 55 73 92 32 69 54 96 2 24 44 94 35 96 78 90 70
75 77 63 65 33 74 91 28 58 29 94 6 28 49 91 20 94 94 79 71
47 64 61 53 51 71 79 36 66 57 97 4 49 56 91 35 93 81 79 43
47 71 58 44 61 65 93 31 84 49 92 3 24 40 88 40 88 85 84 46
65 74 44 50 82 77 88 32 66 39 95 3 23 58 93 28 87 85 74 64
59 84 46 50 40 59 84 27 75 47 94 4 11 26 89 29 95 89 88 52
40 75 72 60 52 78 85 36 56 45 81 2 22 56 95 17 86 94 92 68
71 59 49 55 54 88 93 40 78 55 92 3 36 32 82 21 93 86 81 64
58 57 59 68 51 82 94 29 63 63 88 4 23 23 93 47 74 93 74 64
57 56 41 46 56 75 94 39 55 44 95 2 39 60 95 43 95 78 86 49
42 65 61 54 44 66 89 28 67 50 97 4 31 67 94 24 85 92 88 43
69 65 72 59 39 85 92 30 60 33 96 2 36 52 82 39 90 84 72 61
58 69 67 31 77 90 94 26 82 67 95 3 22 42 87 31 86 79 78 61
62 52 68 55 38 66 96 22 60 32 97 4 46 49 95 29 80 87 82 53
55 56 55 46 53 75 92 15 77 47 93 3 28 27 86 42 86 90 74 42
61 67 54 40 61 87 74 23 51 47 92 3 13 55 90 43 87 85 85 71
75 72 43 59 56 78 94 24 63 73 95 4 22 51 94 31 92 85 87 75
58 71 42 52 46 81 84 41 62 49 90 5 42 41 95 31 89 81 85 74
86 73 54 69 53 61 89 34 54 58 89 4 51 37 94 43 92 83 69 65
47 66 46 65 67 81 89 48 65 59 89 3 32 27 80 30 86 93 82 59
55 77 69 52 63 80 92 22 72 45 94 2 32 44 97 37 75 85 86 41
49 73 67 63 50 67 85 34 74 56 96 3 24 50 86 49 89 77 82 41
54 57 64 58 57 79 81 31 60 50 91 3 13 48 86 26 75 94 90 32
70 52 74 56 60 89 77 11 69 51 97 3 28 43 93 21 86 81 81 47
83 62 57 50 37 83 92 22 82 61 94 2 39 55 96 31 94 88 74 80
55 67 40 43 35 79 88 19 47 71 90 2 33 56 93 40 90 90 72 47
64 59 62 49 38 70 76 32 73 61 94 3 24 45 93 26 86 81 95 76
79 66 51 71 33 89 93 22 57 53 97 3 50 37 96 36 91 73 75 56
54 64 60 37 55 61 86 34 69 45 93 3 20 25 96 29 88 94 92 63
78 49 72 66 59 77 88 21 67 38 97 3 27 36 95 23 89 84 68 54
62 77 59 66 48 84 86 30 85 70 95 3 28 52 93 43 85 90 77 38
56 60 73 52 42 81 86 36 48 57 89 3 28 47 90 30 85 93 95 63
79 62 54 43 57 77 91 22 69 29 97 2 41 47 93 51 78 87 86 68
47 68 40 69 74 83 89 27 68 61 96 3 18 54 90 30 87 90 88 62
52 61 48 37 58 79 84 43 68 62 94 3 25 24 86 39 72 76 87 50
49 57 55 47 56 75 88 31 67 49 94 3 31 30 91 24 93 87 73 71
44 49 53 56 45 57 78 12 54 51 93 3 17 33 96 34 64 77 77 56
69 59 64 48 45 82 69 30 56 62 98 4 33 29 94 29 92 91 75 32
54 84 40 69 43 81 82 20 65 52 91 2 35 39 93 29 85 91 86 50
61 77 53 66 35 84 93 37 76 53 87 3 31 47 95 31 90 79 74 51
69 63 60 41 50 86 82 31 79 44 94 3 42 42 94 29 92 81 70 59
59 74 43 41 66 81 91 30 56 73 95 5 30 41 96 34 92 88 91 70
46 68 65 62 42 80 85 20 55 53 87 2 19 61 94 34 79 85 83 56
80 75 39 54 72 78 83 31 77 53 96 6 28 31 88 33 85 91 82 57
57 78 67 59 56 69 85 27 72 46 86 4 28 55 92 39 88 89 93 64
54 74 67 43 47 72 80 24 61 38 96 2 9 52 92 44 88 89 84 68
62 69 58 32 74 81 87 24 79 50 98 3 48 47 96 55 93 82 86 57
75 76 69 49 47 70 71 36 83 66 95 2 25 39 94 29 92 84 92 61
40 65 43 50 67 92 86 34 80 32 92 3 22 43 97 45 81 89 84 48
47 53 76 37 52 72 93 33 67 49 89 5 20 48 97 11 64 95 87 59
63 59 47 59 62 63 89 25 74 58 95 4 28 53 95 29 78 91 62 47
65 58 48 66 47 80 69 36 55 53 88 3 26 57 91 27 96 76 89 49
53 83 52 73 25 78 94 27 59 76 89 2 27 49 97 35 88 86 95 73
67 55 73 34 50 68 89 31 46 80 96 5 18 33 92 30 85 94 76 66
61 73 48 36 57 74 87 29 78 37 91 2 35 52 93 33 85 90 80 35
76 73 53 38 57 68 83 31 46 49 96 2 17 68 93 27 79 95 85 54
59 78 55 49 68 71 89 42 68 51 95 3 13 49 96 45 87 90 86 48
73 66 54 54 35 76 85 29 61 68 94 4 26 50 94 35 93 84 92 64
62 59 34 57 69 58 75 21 78 43 96 2 31 36 92 38 95 89 83 43
65 78 48 60 42 78 84 10 78 51 95 4 21 49 97 38 71 89 79 45
60 87 73 46 56 87 89 23 59 62 91 4 37 46 95 33 93 90 76 52
48 69 42 66 60 79 93 47 75 68 96 2 42 38 98 26 82 91 72 57
71 61 57 57 77 69 74 27 67 39 99 3 25 38 94 31 79 90 79 49
65 67 60 65 43 78 87 18 66 36 93 2 52 35 86 31 81 89 75 64
48 85 60 53 64 65 93 41 78 38 87 2 22 69 84 33 96 76 75 60
51 77 46 45 69 65 84 31 71 72 94 3 39 32 97 46 86 93 92 62
72 65 74 54 56 73 96 31 79 69 94 2 20 59 95 25 96 74 89 60
67 49 57 61 74 75 84 18 62 57 86 2 20 53 89 41 92 83 85 56
58 61 70 63 64 73 92 23 49 58 96 2 36 60 97 35 76 86 79 81
62 59 39 66 47 67 73 8 69 63 93 6 39 46 92 15 93 92 92 72
60 52 72 57 54 89 86 28 65 49 94 3 17 47 91 17 85 74 83 80
50 65 55 65 39 72 80 29 60 50 96 5 37 56 96 32 91 87 74 62
62 36 75 31 40 78 87 29 69 57 96 2 34 47 94 30 86 80 84 79
58 50 69 39 46 76 97 33 46 54 95 4 19 64 86 32 87 88 76 54
82 62 56 54 48 78 81 28 76 45 93 5 33 50 90 39 93 85 82 69
50 66 48 46 54 78 92 19 70 53 86 6 21 61 97 28 86 86 87 55
65 56 63 40 66 72 85 33 65 41 96 2 22 70 96 22 89 78 75 63
67 80 55 45 60 82 95 19 58 44 97 2 23 73 92 21 81 91 81 62
67 67 52 49 47 88 88 27 67 44 93 2 18 48 85 38 87 91 89 66
68 69 50 52 57 81 89 18 78 57 91 4 24 41 89 24 85 91 88 39
69 74 61 66 31 74 94 11 77 68 97 2 38 54 85 18 91 91 79 74
60 62 68 50 44 78 87 20 60 59 98 3 35 64 86 52 83 88 79 44
75 71 70 52 58 75 86 43 67 41 94 2 25 45 94 35 80 87 84 69
60 62 64 51 55 81 91 22 83 44 97 4 39 23 86 34 92 72 59 71
60 66 61 53 72 76 83 35 79 63 91 3 20 47 84 27 71 75 59 66
