100 20
15 16 20 20 22 38 35 35 33 28 27 44 35 54 46 25 19 21 24 35
43 36 49 52 56 61 37 45 57 58 31 63 57 40 55 50 16 67 25 34
61 70 63 75 52 56 69 63 55 42 45 62 77 69 49 79 69 69 58 63
4 3 2 3 6 3 3 2 6 2 5 6 2 4 3 4 3 3 2 3
52 52 51 58 45 62 28 57 51 43 59 49 56 78 62 54 45 56 77 27
93 89 87 86 72 96 90 89 95 90 91 81 88 88 77 90 88 85 90 89
71 73 43 46 38 60 28 55 45 49 55 49 61 74 52 36 55 25 65 59
69 69 63 71 64 72 74 57 89 69 61 34 78 66 83 82 70 88 70 84
69 85 61 91 74 70 69 57 62 75 67 52 75 63 72 61 85 75 73 73
65 68 77 70 82 86 83 89 78 67 83 73 78 72 87 80 88 81 87 76
84 76 67 75 66 59 70 71 77 84 59 80 67 79 78 63 79 68 58 76
74 78 72 85 86 70 75 92 87 91 78 88 87 78 87 79 81 75 91 95
82 70 83 88 78 68 71 62 57 75 74 74 69 77 86 81 83 77 75 71
41 57 50 40 51 36 47 42 40 47 30 56 44 43 44 40 60 39 54 47
39 26 34 30 42 30 58 34 34 26 21 26 46 37 24 15 39 53 42 29
21 12 13 7 11 11 14 4 14 7 11 17 8 11 7 10 14 3 23 10
15 9 10 23 14 6 14 14 16 9 31 14 12 18 20 14 9 15 29 14
20 22 26 18 17 15 35 8 11 9 11 13 18 14 18 7 7 21 16 19
50 42 33 37 47 35 38 64 42 62 59 47 67 47 44 34 46 51 59 43
66 66 76 68 81 67 87 76 87 81 61 82 65 68 79 69 84 86 80 85
24 61 66 51 22 53 38 48 65 49 36 47 48 49 63 31 46 76 41 65
87 85 92 95 90 81 90 96 83 79 65 88 84 69 74 91 84 80 89 80
75 73 48 33 62 44 66 60 68 53 41 58 69 74 65 53 83 67 49 45
74 58 51 66 87 62 59 81 47 65 54 69 78 67 37 51 68 48 51 75
28 19 32 22 18 11 16 32 32 29 12 21 40 19 34 21 24 43 17 19
93 69 77 91 89 88 83 78 75 81 84 93 82 84 84 86 78 75 83 78
31 34 15 21 46 43 24 22 31 36 37 29 26 29 30 30 35 54 41 49
78 70 65 47 57 84 75 75 67 67 74 84 69 66 62 69 58 70 89 40
57 35 30 40 35 55 38 47 42 46 28 29 54 42 31 41 54 44 51 39
28 19 37 41 30 40 53 39 23 38 40 38 25 34 32 47 33 46 50 36
62 65 62 25 47 53 58 65 53 69 63 71 66 46 41 59 39 47 75 68
95 93 93 96 89 87 89 95 89 88 82 90 79 90 84 93 89 92 94 76
35 46 39 20 24 12 30 45 25 20 43 29 36 38 26 37 22 15 23 25
22 16 44 18 36 35 23 20 36 29 37 37 17 13 18 21 25 32 26 27
37 36 47 44 37 59 60 31 40 61 58 58 42 45 53 26 53 43 67 46
93 92 86 96 97 93 95 96 95 97 89 98 94 93 96 97 96 95 94 96
46 51 30 55 47 50 40 42 61 44 38 47 45 57 34 36 49 31 41 55
11 9 13 11 6 12 18 20 11 13 10 28 11 18 20 17 13 8 24 9
95 96 95 94 94 97 92 95 99 97 95 97 95 94 94 94 97 96 97 98
7 7 10 5 6 6 6 12 13 4 7 11 12 11 9 4 7 5 13 6
31 39 23 39 38 45 34 33 59 46 44 53 36 18 29 43 50 36 47 46
34 58 54 55 44 28 43 44 43 61 59 43 28 31 62 61 62 61 39 63
15 21 15 7 11 31 13 28 11 20 14 14 21 17 26 18 24 16 22 12
68 76 78 77 83 84 64 65 69 78 83 70 79 59 58 82 83 80 86 75
93 96 94 93 96 94 86 93 98 86 90 93 95 98 95 97 95 92 95 92
44 33 65 38 56 45 34 51 44 42 30 42 60 46 38 57 69 36 35 49
13 10 20 13 18 9 19 13 16 22 14 13 9 15 31 8 8 16 12 8
63 33 48 60 49 37 41 67 52 54 30 62 82 39 43 77 54 40 60 63
30 41 9 40 31 26 35 33 18 34 50 33 19 23 24 44 12 28 18 24
89 81 93 82 85 88 89 83 74 84 82 77 87 75 83 84 72 93 83 82
58 58 52 40 63 35 74 42 51 48 37 42 67 44 39 48 64 51 47 60
22 8 24 29 23 21 22 33 40 23 24 15 48 23 20 14 24 28 15 40
41 76 62 77 71 55 36 64 54 63 61 60 41 68 59 52 62 69 56 79
21 28 24 18 15 16 21 17 20 16 40 14 23 12 17 6 49 19 16 22
17 13 8 14 6 10 11 22 8 10 7 11 29 15 13 11 15 8 15 6
70 61 65 69 52 58 39 66 58 77 76 75 56 48 54 63 32 70 83 46
82 93 83 78 70 89 83 80 91 90 73 82 80 80 70 75 86 80 89 86
43 45 50 61 49 46 37 49 60 59 57 50 49 51 66 52 71 61 69 54
91 76 84 97 83 82 97 88 89 88 94 94 88 91 90 78 87 95 92 92
56 51 62 43 83 40 60 57 58 45 52 65 40 59 43 42 53 46 39 41
33 25 24 25 7 16 11 21 19 14 9 14 19 22 15 4 14 25 11 15
13 12 4 7 14 9 9 11 8 5 12 11 7 6 9 14 6 14 15 16
23 22 18 20 28 18 24 23 28 28 21 16 11 19 14 3 24 7 13 20
84 84 74 79 74 84 81 78 85 90 91 70 83 85 60 66 78 86 81 73
78 83 80 88 81 86 74 89 79 83 87 83 80 83 82 86 81 91 83 75
6 20 9 12 11 5 13 9 10 24 3 24 13 14 11 8 5 9 3 9
48 75 55 47 64 75 71 64 71 54 58 60 61 42 61 52 69 70 61 55
34 29 62 46 41 29 48 49 32 25 39 38 58 27 37 34 23 19 46 44
58 76 77 92 67 75 52 72 84 58 74 82 74 77 87 77 50 76 70 79
20 28 52 25 31 27 43 32 25 29 24 47 48 46 32 39 39 42 57 33
40 54 59 35 39 62 48 46 37 64 27 52 42 56 40 37 49 66 35 31
69 61 60 42 41 48 53 28 74 53 60 51 78 54 54 74 68 50 55 48
64 30 56 55 44 49 45 60 61 44 61 70 66 53 38 43 51 29 66 45
84 73 83 52 77 82 77 80 80 75 71 80 69 77 65 93 75 74 66 78
77 86 79 64 77 90 75 52 78 73 70 83 68 73 85 84 80 90 80 68
90 87 84 80 77 88 77 80 74 80 74 79 74 86 82 78 80 77 72 86
46 25 40 58 48 36 48 26 35 36 49 59 42 48 27 35 34 65 41 47
77 89 83 84 66 92 90 80 88 85 88 84 79 58 86 77 86 71 86 81
88 75 53 57 73 78 56 73 77 79 55 68 84 79 64 69 79 86 68 69
38 60 72 51 72 60 85 55 66 68 44 59 67 74 63 70 71 44 57 53
50 48 57 60 51 57 57 69 53 58 31 50 54 54 41 51 69 50 40 40
65 51 50 72 71 45 77 53 60 46 48 71 60 57 67 51 78 71 74 53
74 63 76 78 70 64 69 71 75 76 69 71 74 66 44 82 78 64 80 73
70 58 76 69 63 77 72 46 48 82 61 68 39 73 57 53 66 49 41 66
85 85 75 85 77 67 86 79 91 66 84 86 80 78 65 86 60 75 82 84
92 99 95 91 97 97 98 96 94 97 96 93 92 88 98 95 97 96 90 97
97 94 93 95 92 96 92 97 97 89 89 93 94 97 94 97 94 93 97 91
99 99 97 97 95 92 91 99 97 95 93 97 97 96 96 95 91 93 99 97
55 86 77 73 69 54 76 72 65 59 72 70 77 60 84 73 70 69 66 63
96 98 97 99 98 97 96 95 95 95 94 94 89 93 96 99 96 89 95 93
38 47 60 23 41 37 36 24 56 37 41 38 51 33 31 49 53 37 35 33
2 2 2 2 2 2 2 2 2 3 2 2 2 2 2 2 2 2 2 2
81 92 68 84 92 93 91 85 89 89 90 87 93 77 65 83 84 86 91 77
80 84 85 89 79 70 82 59 80 91 80 87 91 93 83 84 88 93 78 94
51 71 40 61 47 63 71 62 61 60 64 73 43 68 71 65 54 76 62 68
17 28 18 24 21 23 11 38 29 40 45 37 26 40 42 18 42 31 17 5
46 47 47 33 43 58 59 38 24 25 59 33 15 37 31 30 44 39 28 41
43 47 47 75 55 60 69 72 53 49 66 56 53 51 60 68 67 60 35 72
30 21 34 26 38 23 30 33 46 22 41 28 27 22 25 30 22 36 32 39
4 3 5 3 3 4 3 3 2 2 3 3 3 2 3 5 5 6 5 2
