200 20
86 38 90 64 92 45 53 58 9 7 8 98 62 63 74 60 29 46 94 75
45 7 28 25 95 75 46 66 38 70 75 6 13 70 98 14 83 65 91 31
13 8 45 35 36 77 13 24 39 17 11 53 97 80 67 70 36 78 65 14
30 77 85 67 69 16 55 38 41 52 64 28 13 65 21 96 14 63 76 11
64 48 81 81 72 49 74 43 98 70 66 8 54 96 57 66 84 46 12 95
4 52 97 72 43 23 21 9 47 45 70 82 24 84 99 34 86 63 2 18
87 7 78 43 26 78 38 11 18 78 94 62 5 32 95 57 95 42 28 97
80 45 12 44 41 19 2 48 40 89 57 63 36 54 79 17 20 23 11 11
87 48 94 18 61 16 54 32 73 24 82 47 28 45 11 46 55 17 5 18
72 62 14 85 8 84 76 52 11 21 62 88 86 6 80 25 68 38 95 19
83 63 54 78 10 9 31 29 50 47 5 4 45 5 13 6 61 73 95 69
59 79 42 15 69 80 3 87 30 79 94 8 47 20 29 35 76 31 65 66
12 53 18 25 27 60 19 98 27 47 20 87 93 57 28 42 87 29 24 50
55 41 23 22 59 68 78 35 13 15 99 61 6 34 45 85 75 99 41 23
53 7 98 66 76 43 62 52 37 49 82 86 80 3 97 48 7 20 22 20
91 41 7 96 58 14 34 94 49 19 85 71 20 28 75 78 58 76 19 74
93 82 95 66 24 13 48 13 59 56 58 98 76 88 38 37 99 95 72 33
94 22 88 98 38 9 10 75 78 13 16 41 17 82 71 45 12 63 54 30
34 98 65 53 18 90 83 36 35 8 99 14 54 66 91 87 37 94 89 18
88 78 39 45 80 20 36 62 84 91 19 65 82 32 67 58 57 92 20 78
2 71 76 56 65 85 34 50 34 41 67 25 43 52 5 52 35 66 84 87
4 72 7 73 6 50 63 91 83 13 48 71 34 65 35 24 50 99 55 63
67 86 42 73 38 45 17 27 72 8 32 78 35 71 61 59 29 93 82 53
16 24 23 69 68 12 49 24 31 85 26 61 76 24 99 10 28 40 70 90
83 96 80 69 19 45 23 90 46 35 63 22 40 24 85 91 26 66 71 7
46 33 28 37 21 34 84 3 94 82 61 73 31 67 28 74 73 59 37 11
78 33 45 71 3 55 89 63 97 82 94 70 73 68 70 22 32 10 38 7
96 17 43 21 76 29 41 4 81 3 58 97 24 46 67 10 14 21 75 27
46 59 3 77 81 57 83 69 4 72 77 9 52 37 81 39 46 74 17 68
41 91 89 61 56 67 73 43 80 65 5 49 72 47 91 5 69 14 64 91
80 80 40 48 91 40 42 41 74 2 31 29 44 59 69 21 62 7 70 14
23 69 25 56 21 33 10 74 4 65 72 15 63 83 21 94 4 83 71 79
70 11 19 99 34 30 44 58 24 58 68 40 29 33 30 40 24 5 65 28
2 2 29 45 39 99 38 40 7 77 27 4 19 59 47 76 9 45 77 77
81 16 25 44 91 26 79 33 28 67 80 71 20 81 70 88 36 43 13 60
36 54 23 30 33 35 75 4 43 69 52 49 55 77 58 99 41 38 31 77
95 52 28 66 79 8 7 74 25 28 99 93 90 44 61 80 83 15 19 96
32 87 51 38 77 76 58 88 48 68 84 75 26 78 96 6 11 61 22 30
52 61 51 93 27 61 94 76 41 72 19 10 42 80 80 99 53 84 98 88
31 38 20 70 66 39 72 53 3 65 51 60 34 80 42 85 39 83 87 30
15 62 4 18 92 22 67 18 46 96 19 47 48 75 15 46 50 11 4 85
70 71 11 95 36 28 52 49 15 8 8 41 44 35 79 17 84 18 44 4
98 68 22 23 71 96 4 73 35 3 84 89 94 87 41 42 48 11 12 90
26 76 93 62 10 2 17 31 23 2 16 48 99 27 93 91 89 34 95 84
30 47 28 20 68 97 3 73 53 52 87 7 31 88 58 56 46 89 10 9
40 99 22 38 16 29 91 83 96 94 48 57 56 23 63 20 64 40 31 58
62 92 81 87 10 95 11 93 83 71 67 33 96 23 95 67 47 9 44 65
47 32 32 35 59 70 35 63 14 64 50 97 95 97 31 56 34 72 43 38
6 17 45 88 39 74 46 86 39 52 48 36 46 44 17 92 53 57 59 6
37 12 30 49 84 82 8 48 45 59 6 77 58 34 36 48 60 93 13 25
62 50 18 47 67 51 90 59 13 16 52 61 10 87 64 70 34 86 67 3
29 41 67 79 9 39 21 50 14 25 95 28 52 52 61 74 29 61 61 85
97 29 33 41 13 67 77 8 16 20 93 47 5 60 29 49 33 51 74 23
79 2 88 87 70 50 75 38 27 65 14 77 36 23 61 99 76 9 84 61
71 18 61 39 48 44 96 18 44 74 20 65 85 3 36 99 84 23 82 3
26 27 45 39 99 82 82 73 74 80 61 43 21 61 89 62 17 14 92 60
17 90 78 2 85 18 26 25 72 73 87 13 64 18 93 18 96 20 55 27
94 54 30 50 72 61 43 40 36 72 94 88 35 31 21 54 19 91 22 92
91 12 30 55 46 87 18 70 41 99 33 87 16 41 39 82 8 52 45 47
68 27 55 66 11 28 12 2 20 22 76 90 71 49 90 49 81 30 60 31
81 35 87 88 43 19 14 94 58 59 87 83 20 27 55 48 6 6 31 69
6 93 10 83 55 2 88 22 83 44 92 87 48 57 13 9 52 39 29 6
89 47 84 24 55 50 48 48 86 84 62 28 9 48 65 6 72 11 99 90
93 23 36 87 86 52 29 92 87 76 43 53 49 59 55 44 21 70 75 12
70 45 76 22 11 60 28 26 77 51 96 12 97 57 59 13 60 76 77 12
58 95 51 20 85 91 50 73 27 35 6 61 48 76 94 96 88 24 8 70
74 47 81 49 74 9 42 89 12 32 55 37 37 15 83 90 43 96 94 90
77 67 44 21 42 35 64 79 28 55 97 81 90 90 56 94 92 82 17 28
9 13 12 89 23 62 59 17 74 28 11 94 6 98 20 27 21 97 12 51
15 17 77 58 54 43 55 50 11 17 74 55 18 28 5 9 13 5 62 80
76 80 69 78 57 60 70 91 91 96 59 48 14 78 7 77 56 39 57 36
56 34 63 7 54 68 66 10 34 61 75 28 99 9 93 8 44 96 77 87
33 64 79 35 31 50 36 72 59 12 45 53 34 49 52 95 68 9 3 7
72 99 7 5 86 69 40 75 81 49 4 50 46 36 5 44 49 55 69 95
94 78 11 89 3 25 94 28 19 76 41 25 33 52 43 69 20 85 4 15
26 29 70 66 94 31 2 33 75 24 16 38 29 23 3 9 99 89 22 79
10 82 98 10 57 82 4 74 81 26 64 26 80 8 78 41 19 97 84 31
73 46 44 49 14 20 44 47 75 7 12 43 98 75 55 40 33 62 23 45
48 52 39 9 65 83 5 41 55 31 4 37 12 81 51 84 61 45 69 22
77 20 15 51 92 43 42 39 29 39 24 63 91 58 94 87 26 77 10 38
39 38 71 6 56 23 49 81 2 97 83 71 84 48 28 86 48 10 19 38
63 27 70 66 96 23 73 55 54 47 91 10 33 58 33 32 26 36 76 41
68 54 2 51 2 27 54 33 13 58 86 6 84 39 29 63 61 73 78 14
43 82 17 28 84 97 78 56 57 33 35 76 39 59 9 64 88 65 35 98
31 84 83 44 71 85 61 86 81 39 50 81 30 31 96 39 21 79 74 94
28 5 46 63 36 59 12 48 29 54 97 86 20 60 82 50 30 36 54 61
80 81 2 13 83 74 99 38 89 53 10 10 2 43 55 7 75 28 92 22
9 70 71 7 90 87 16 99 80 95 39 17 98 41 73 76 34 92 65 26
62 21 24 24 87 42 82 76 54 22 57 29 71 96 63 42 39 48 6 46
95 89 50 54 15 8 53 54 50 64 97 63 9 46 25 24 47 3 58 19
3 93 27 57 55 15 29 88 68 57 99 26 25 35 26 75 33 66 92 91
19 58 63 4 34 53 30 96 34 82 9 96 19 84 25 56 12 2 15 24
62 12 22 12 78 7 80 74 13 46 89 78 68 81 78 35 12 82 41 19
14 80 12 60 30 76 80 59 69 78 11 37 36 46 96 4 44 76 79 96
76 86 85 68 23 23 9 54 86 44 6 18 3 59 79 15 72 87 67 88
86 90 16 93 22 42 54 36 50 57 35 34 90 11 44 52 50 65 26 49
92 73 98 66 51 16 35 53 60 12 24 29 60 23 16 83 25 58 47 8
69 53 46 77 43 32 14 18 15 93 87 99 77 26 40 88 28 39 19 47
63 64 94 32 49 57 18 5 76 46 11 84 23 78 99 13 65 50 25 55
40 22 6 73 79 64 97 61 66 30 66 93 12 31 73 68 13 45 6 60
31 46 7 32 18 32 93 24 64 39 57 35 17 38 72 4 55 43 11 24
97 7 43 6 4 13 34 90 46 56 49 90 18 13 73 88 10 70 53 36
36 66 92 65 78 92 73 86 51 66 65 59 42 11 64 91 47 9 23 4
3 60 80 75 18 10 18 84 86 64 9 92 63 92 47 20 41 72 23 29
75 38 37 14 50 59 87 28 16 9 50 80 86 57 56 26 99 75 64 33
45 74 99 93 20 3 56 41 20 4 87 88 68 22 94 45 28 75 65 93
81 60 78 63 84 69 54 13 71 66 3 95 50 33 72 58 98 44 25 37
55 13 10 77 92 2 73 89 22 40 78 95 46 18 67 60 62 86 29 50
61 14 37 17 46 91 53 92 90 84 22 67 87 34 63 52 3 53 51 53
62 37 19 28 83 52 28 46 44 57 49 92 59 65 79 19 49 91 2 31
9 40 22 78 6 59 73 25 92 56 66 31 53 86 17 8 25 96 70 88
85 14 55 85 21 67 32 16 90 12 24 29 55 27 83 73 38 2 32 63
4 9 49 41 10 11 77 65 56 3 67 55 59 15 11 67 86 70 23 2
21 51 38 62 88 31 37 71 96 69 72 17 17 90 39 45 21 24 65 57
48 68 55 36 44 3 67 43 29 41 26 70 55 21 81 41 8 59 80 29
60 7 23 48 43 60 38 35 80 87 71 15 89 86 80 19 15 83 44 90
93 65 80 93 4 57 97 78 64 95 84 77 72 16 9 27 40 8 34 83
31 22 41 99 32 97 27 57 6 14 78 10 35 85 63 18 7 80 67 84
26 89 30 49 27 70 63 87 41 38 82 67 38 98 73 27 71 13 69 12
61 75 14 72 62 22 43 35 15 46 77 43 70 23 87 72 75 36 13 32
39 95 77 97 68 48 65 20 44 65 63 49 41 14 8 16 10 62 41 32
96 57 90 32 24 36 50 2 48 53 81 23 28 27 20 59 31 73 89 33
81 54 58 78 89 57 24 75 45 55 29 10 93 17 72 52 40 71 64 29
69 8 28 58 26 85 38 38 4 89 81 9 79 44 66 69 59 81 27 37
51 98 69 42 96 57 26 72 69 44 80 77 82 38 15 98 27 56 2 98
2 19 57 51 20 18 52 10 52 84 52 58 97 13 63 88 71 68 99 33
18 62 42 76 29 4 88 57 31 43 96 76 12 24 69 34 89 86 99 71
92 63 76 79 41 80 46 15 12 81 8 86 8 65 17 10 31 43 71 64
21 2 94 24 26 66 19 58 18 81 40 60 41 5 2 84 95 95 85 33
80 47 4 82 19 11 8 68 45 23 82 6 68 34 10 83 21 46 97 76
85 97 54 80 69 77 55 23 26 73 34 13 24 76 31 51 57 74 67 80
57 77 44 40 12 71 27 46 52 30 68 53 70 43 23 16 25 75 64 80
12 59 31 51 70 21 64 81 24 62 28 95 80 24 50 43 91 16 3 20
27 49 17 31 76 26 39 32 44 35 36 20 78 79 13 56 85 53 43 9
42 35 64 69 87 66 87 43 33 65 99 48 10 31 69 24 88 53 85 27
65 39 88 86 49 54 44 68 22 87 71 95 6 7 58 84 28 14 28 37
61 30 42 82 72 2 57 45 49 61 54 80 96 75 47 35 51 9 56 7
95 92 23 27 43 66 23 78 32 97 23 49 21 70 43 74 77 54 82 43
28 82 33 26 74 58 46 69 71 47 36 76 56 32 81 12 84 70 14 73
71 90 57 46 24 81 48 36 60 35 15 10 75 85 15 12 80 93 64 29
42 79 33 33 37 47 17 74 26 32 3 15 27 57 38 12 5 68 91 48
90 54 71 84 29 52 2 54 15 98 79 75 22 10 24 61 5 72 80 76
75 94 66 15 16 94 68 49 80 48 68 13 54 39 99 39 55 45 26 46
93 62 86 31 96 4 10 59 88 72 42 83 37 62 81 32 45 82 10 64
80 46 58 70 86 83 34 69 39 38 16 39 52 59 98 23 70 30 57 25
92 18 22 34 44 40 10 90 35 58 24 68 65 55 78 94 84 24 16 38
50 11 46 5 22 14 11 71 29 10 15 13 30 49 72 96 4 80 68 6
35 83 20 83 95 5 87 7 87 63 22 12 65 68 53 12 27 2 9 35
11 32 34 42 23 52 17 12 24 97 8 39 72 23 75 96 95 28 31 61
69 68 50 12 53 47 92 13 32 21 76 47 85 73 3 7 54 76 62 23
44 55 76 12 89 15 89 40 47 17 11 29 59 37 40 64 15 45 69 87
18 80 18 2 79 83 70 77 88 50 85 78 4 24 29 35 26 9 65 66
20 29 92 41 86 7 31 72 95 45 58 41 29 17 26 53 40 62 61 6
59 72 10 60 25 29 10 66 92 12 58 36 17 63 32 38 46 33 28 75
77 26 64 96 12 43 67 69 61 11 76 76 20 88 17 17 10 58 29 2
6 42 39 55 16 60 34 57 85 35 24 35 44 73 57 28 91 55 94 52
75 27 21 41 3 60 40 48 64 97 81 34 60 73 36 46 42 19 33 74
69 27 79 91 19 56 2 47 86 47 75 24 34 10 48 90 80 7 60 52
16 18 52 66 37 22 12 7 92 63 67 8 49 44 97 3 54 81 34 97
21 78 11 35 82 6 44 93 47 52 46 6 97 28 7 7 30 31 58 2
7 40 47 85 21 55 33 48 74 57 77 77 43 74 51 25 30 76 95 84
26 46 29 9 17 37 94 49 25 8 34 30 58 57 96 25 52 79 47 93
55 41 27 24 36 79 10 37 24 40 91 28 35 75 23 33 26 76 14 67
48 74 5 16 94 66 74 24 10 22 30 26 73 81 99 40 84 7 54 88
35 11 47 32 7 13 84 56 80 8 2 17 56 40 64 95 91 71 52 78
42 69 17 92 51 27 20 70 73 48 35 83 51 93 63 9 30 50 31 37
46 17 13 19 42 62 3 23 69 64 48 43 12 24 86 10 70 21 37 81
52 27 95 60 25 84 14 62 69 44 71 3 54 76 42 64 59 79 60 31
28 28 90 14 9 61 90 16 31 21 39 80 71 63 86 68 46 79 15 15
73 74 38 38 11 95 84 31 2 53 55 56 69 3 33 11 21 16 95 12
78 17 34 85 47 89 54 68 46 99 3 41 6 5 3 2 7 29 2 52
66 61 71 55 97 13 40 46 58 47 76 38 47 70 10 63 25 37 73 8
26 74 74 50 74 43 76 69 12 88 29 14 94 6 29 91 85 62 69 83
69 24 54 65 70 23 64 83 50 89 99 10 4 10 56 22 36 69 89 54
46 64 29 5 94 23 70 82 29 3 8 69 71 79 28 16 95 12 99 87
20 10 29 33 8 41 29 49 5 90 91 60 17 22 2 30 47 93 27 47
9 46 16 35 71 42 21 55 64 64 82 7 19 53 67 87 62 83 25 80
18 79 98 12 40 18 93 89 22 82 17 69 10 57 59 30 54 72 77 73
99 34 77 42 9 72 89 54 63 48 95 35 14 34 55 83 13 53 4 28
92 91 3 93 36 33 38 78 27 38 51 11 78 31 4 62 46 8 86 88
66 95 93 81 83 51 98 91 51 97 6 28 32 81 35 73 59 49 66 99
97 86 97 2 45 74 96 24 67 63 84 45 10 51 76 10 52 70 38 7
95 75 75 51 63 44 14 14 80 8 7 71 79 70 38 4 16 29 15 37
30 17 36 29 28 98 47 16 5 74 36 5 27 3 24 68 48 57 53 94
59 77 6 40 66 45 53 75 66 17 29 58 16 30 75 10 15 66 43 87
36 3 25 25 22 43 37 61 87 6 57 79 20 17 7 26 10 7 70 70
66 63 33 58 84 75 35 62 41 15 21 59 81 2 43 28 60 38 29 25
2 26 7 68 11 30 49 68 28 27 55 87 59 69 30 17 90 2 64 59
49 93 66 83 82 64 90 72 15 60 57 17 81 50 96 44 18 71 2 13
57 81 37 93 85 22 84 43 35 61 86 57 8 85 75 77 11 35 71 15
54 82 52 55 85 5 74 36 82 96 13 19 80 50 7 86 6 80 23 93
31 4 68 27 20 91 66 35 14 59 97 89 98 44 56 16 78 5 3 73
52 44 18 86 70 7 68 52 18 81 56 39 29 23 79 22 68 16 70 59
55 30 56 76 8 69 21 75 24 11 77 18 90 46 35 10 53 11 47 43
89 84 64 90 49 49 6 63 97 46 6 65 24 75 12 96 78 59 26 51
66 39 24 49 50 40 40 96 62 60 44 26 16 70 10 69 47 13 69 43
61 88 93 4 81 56 67 72 45 19 74 4 26 93 94 16 57 41 90 49
22 92 19 82 15 92 90 90 83 2 98 32 16 22 93 3 58 71 20 83
32 51 63 46 39 96 10 60 96 8 85 31 68 77 24 62 67 51 54 93
61 41 55 70 97 29 12 16 2 85 58 80 31 61 4 45 44 22 55 9
