200 20
16 83 73 43 6 87 20 17 66 8 10 95 53 80 42 24 81 59 97 20
34 91 70 38 6 54 19 17 67 8 19 85 59 84 29 7 77 57 96 37
32 87 85 39 12 55 11 14 73 12 22 90 49 54 34 9 83 55 95 23
50 86 67 42 7 65 18 38 59 11 24 94 37 81 36 7 78 43 92 31
21 78 85 41 8 89 29 24 80 9 19 88 56 73 50 12 81 54 94 25
29 94 75 48 8 70 15 20 85 16 21 78 62 74 41 6 79 47 97 31
16 84 61 43 10 78 10 26 48 8 12 88 49 72 51 9 57 55 97 11
30 76 67 60 14 73 27 21 74 21 16 88 52 84 43 15 67 50 95 35
41 89 68 43 11 62 23 26 64 9 12 85 31 77 19 14 81 48 96 13
19 92 76 47 14 81 17 57 64 10 31 88 52 93 32 8 74 47 95 19
35 85 84 59 10 89 12 21 69 9 19 89 39 87 43 15 70 76 96 31
29 81 73 36 10 74 13 18 59 9 22 93 51 89 39 8 63 48 97 20
29 81 68 52 13 81 11 31 71 7 15 86 57 91 34 7 76 67 92 34
19 74 54 51 15 76 14 24 72 8 44 93 39 92 32 17 69 52 99 21
25 90 71 39 11 75 21 23 69 9 17 76 57 86 34 16 69 66 96 17
31 87 46 42 11 67 7 13 77 8 20 85 54 86 24 8 87 32 90 32
19 82 80 52 12 74 7 37 75 6 29 86 45 86 30 23 68 64 88 23
27 81 61 42 7 91 10 14 56 15 26 94 49 77 42 28 77 57 97 13
30 54 64 46 22 83 23 48 68 20 19 93 56 92 14 7 83 51 93 20
34 87 63 58 13 67 42 31 75 10 24 96 48 81 39 12 71 31 98 23
30 88 70 42 6 75 24 28 67 8 13 94 42 87 31 12 79 63 97 20
27 78 57 62 10 88 28 34 74 8 14 81 53 80 48 16 76 38 97 25
13 72 69 68 13 80 17 22 76 11 22 86 46 86 45 12 76 39 97 25
18 89 70 32 13 77 16 37 56 8 21 94 48 82 29 21 77 48 94 26
24 86 83 67 18 90 20 21 71 9 36 87 64 90 32 11 81 66 95 16
39 93 80 52 18 70 13 30 61 11 31 88 74 84 54 22 85 58 94 23
33 89 73 71 12 63 35 38 73 8 24 90 77 86 57 10 58 46 98 31
22 87 78 66 6 75 21 14 69 13 25 94 34 81 39 6 77 57 98 51
24 89 66 40 20 72 16 28 63 21 21 88 56 74 43 7 51 43 96 12
10 81 74 50 12 75 15 26 84 31 19 75 47 85 37 26 83 40 98 29
19 90 59 36 7 81 8 18 79 13 28 83 55 77 25 8 84 59 97 20
27 89 60 47 16 69 12 24 55 12 16 91 48 86 29 5 62 44 97 20
24 88 78 63 18 74 14 28 73 4 19 85 48 79 32 7 75 54 92 23
20 88 66 57 11 69 11 26 73 9 20 93 55 88 66 26 83 60 93 23
38 90 68 70 16 68 24 51 56 7 20 90 60 72 36 20 73 51 94 14
27 89 63 41 14 83 17 25 76 7 16 74 69 85 34 17 88 59 97 19
35 82 56 62 19 79 21 26 82 13 11 94 37 79 46 10 78 51 91 20
28 87 67 51 6 73 15 36 77 8 15 82 36 89 44 21 72 52 97 29
16 76 67 76 16 61 13 27 66 7 26 90 43 92 45 21 73 48 92 44
22 87 83 65 17 77 8 23 45 15 13 88 58 67 38 26 83 44 91 27
25 82 83 61 12 64 27 38 80 11 21 92 30 87 62 16 66 55 93 50
33 78 61 40 14 75 26 9 62 12 32 81 53 60 44 5 79 54 94 23
43 83 79 46 11 71 7 29 55 10 24 93 25 86 56 14 63 65 97 44
15 92 86 37 10 76 18 20 77 8 21 86 49 62 40 17 82 57 93 28
21 87 74 35 5 69 14 11 71 4 23 91 56 81 37 21 63 64 97 12
26 80 76 43 10 70 26 16 73 12 34 94 69 82 24 21 68 45 97 36
31 73 83 59 11 75 32 20 73 11 8 77 44 81 47 12 87 67 95 21
20 75 75 47 19 82 21 33 60 6 27 88 49 90 27 14 73 62 96 28
16 91 65 78 8 89 13 20 68 7 24 93 43 84 40 9 88 43 94 44
16 88 63 47 10 82 18 30 70 7 17 88 54 87 32 10 87 75 98 19
10 93 80 60 13 67 25 54 81 7 28 84 73 90 44 16 75 40 94 14
28 83 71 45 11 71 17 16 64 10 30 85 53 88 33 8 70 53 91 18
31 89 59 69 18 90 21 20 72 10 24 92 55 82 41 20 92 63 97 25
41 85 85 34 13 82 19 29 64 5 15 80 41 83 29 13 67 54 97 14
41 94 82 52 24 68 13 28 51 17 38 94 38 86 45 8 77 47 96 17
53 82 42 46 15 65 13 35 68 5 27 86 36 89 38 12 75 48 91 9
21 90 75 39 8 65 12 48 52 3 16 85 64 87 63 16 61 65 96 46
21 91 83 32 19 72 19 24 84 10 38 81 38 71 41 23 67 63 97 17
38 76 67 34 6 92 33 28 67 15 29 90 75 74 18 5 73 47 97 13
39 90 78 50 6 80 24 43 59 20 26 95 46 78 46 16 67 58 98 25
25 78 86 70 11 78 18 10 85 6 30 85 82 90 38 25 73 60 96 22
31 80 78 43 14 82 21 33 70 13 16 89 47 75 38 10 70 64 97 10
22 92 76 38 8 82 13 17 60 7 14 88 41 90 51 5 73 41 95 28
25 68 82 38 14 69 29 26 60 12 20 85 53 90 50 14 77 35 94 35
11 85 70 38 9 91 18 28 66 14 19 94 37 95 38 10 81 43 94 32
16 91 70 44 9 52 21 28 73 6 20 88 52 86 25 33 86 58 96 31
31 87 57 43 22 73 23 20 64 6 14 94 35 88 38 13 47 34 96 28
25 78 60 41 11 73 26 24 67 10 40 83 35 92 48 13 65 42 97 28
16 90 77 49 9 76 15 24 81 8 18 73 69 91 40 7 71 43 93 25
29 88 66 52 11 85 3 19 57 8 24 92 47 56 34 16 80 49 97 20
19 82 73 47 15 61 11 20 73 23 23 87 45 75 42 7 92 51 97 27
35 89 49 48 14 84 27 36 64 14 15 83 33 91 38 15 55 56 91 22
31 72 87 67 14 78 13 32 54 13 21 92 42 72 42 11 75 49 96 13
25 75 72 28 4 87 21 24 64 6 30 87 61 92 22 9 90 78 94 34
18 92 59 87 11 79 10 13 75 4 27 89 49 88 30 9 70 44 98 22
15 96 78 47 19 80 10 30 61 5 25 87 64 87 41 20 65 51 95 15
36 82 70 68 17 75 16 24 67 4 9 93 59 77 48 7 79 57 96 16
22 81 64 54 6 78 13 31 52 9 19 91 40 89 46 26 60 40 96 33
13 91 76 46 13 81 15 21 36 5 12 91 69 82 32 17 78 59 93 28
22 91 79 66 18 78 15 9 70 12 19 85 59 80 36 7 70 62 96 34
28 79 87 35 13 86 12 20 70 4 21 96 51 91 37 12 64 65 96 48
16 83 75 43 22 68 20 26 82 18 25 83 48 91 29 9 83 58 95 18
29 92 88 37 7 77 19 32 69 17 22 81 36 84 40 5 76 41 90 30
48 81 78 48 14 65 15 31 87 21 51 91 37 68 30 17 62 43 98 21
35 77 80 46 21 85 11 13 83 9 20 87 51 73 33 13 56 49 91 30
13 86 80 57 13 59 14 28 67 11 19 78 44 70 33 11 90 61 95 22
23 72 78 49 12 72 7 25 84 9 24 77 40 79 28 15 69 60 97 30
16 92 85 39 9 63 13 14 55 8 23 76 38 83 36 10 79 36 97 24
21 85 73 47 8 62 39 29 64 10 14 91 42 90 51 4 75 65 93 25
19 79 76 57 17 67 17 45 74 15 15 88 69 91 41 14 67 54 96 22
32 91 55 67 28 57 19 23 52 16 16 88 65 87 50 21 76 50 92 21
25 83 68 39 9 73 19 36 77 7 8 91 41 87 32 20 63 54 88 26
31 82 68 39 16 75 11 26 58 10 21 71 51 86 48 7 64 62 96 15
44 81 83 56 19 73 12 19 81 13 18 88 54 86 41 15 84 42 98 22
20 88 89 60 21 75 12 17 62 11 29 83 24 80 53 7 87 40 88 34
19 91 67 45 14 92 14 7 68 10 13 92 39 70 46 10 71 43 96 42
14 74 69 64 15 65 22 22 56 12 36 68 71 88 38 10 74 50 93 13
19 87 62 71 24 81 26 20 55 5 25 88 38 90 54 23 67 48 96 39
28 83 71 43 19 74 11 18 69 13 15 91 35 92 35 14 75 34 95 35
41 92 68 52 16 92 11 44 64 9 24 91 43 81 23 8 68 54 93 32
31 76 76 42 19 82 11 25 57 5 12 86 33 76 46 12 61 55 93 46
15 77 77 61 17 78 12 30 86 5 18 83 52 89 32 8 84 47 83 34
35 85 87 29 17 69 24 23 52 6 20 73 30 89 44 16 83 49 96 25
11 85 69 44 14 73 12 42 50 10 26 81 29 91 54 15 55 44 98 18
26 91 85 64 18 77 19 25 69 8 20 94 54 87 33 17 77 55 97 22
23 91 83 54 16 73 19 40 52 16 32 80 54 85 23 7 84 57 89 17
21 79 77 35 13 87 10 33 79 9 15 94 61 86 29 20 78 63 97 13
35 93 80 40 13 65 13 26 69 30 33 83 65 69 26 15 83 58 96 19
27 86 90 55 6 73 41 43 76 8 20 83 57 85 35 27 81 38 95 22
28 82 64 68 6 58 14 15 81 7 22 94 54 91 34 9 67 36 96 17
11 75 69 58 14 84 22 30 62 12 42 75 35 83 35 20 84 62 99 22
40 88 72 60 16 85 19 29 61 18 27 83 53 81 34 18 67 44 94 20
18 77 69 41 8 76 19 21 76 13 30 88 50 87 45 20 65 43 95 22
21 81 85 39 20 60 26 32 56 12 16 83 25 91 29 14 87 73 94 28
12 64 53 57 13 73 13 44 74 5 13 90 51 79 62 12 72 50 99 18
20 96 79 39 22 82 6 28 71 19 30 98 63 87 22 17 65 69 92 16
14 61 56 51 12 71 15 10 57 8 27 89 53 73 23 13 75 42 98 24
55 74 56 33 11 83 8 17 70 6 21 80 67 90 57 21 79 56 93 49
20 79 69 53 10 69 7 20 78 13 18 87 67 92 42 29 81 55 97 31
23 89 71 53 13 82 21 35 57 14 9 90 47 87 21 7 72 45 95 29
21 82 69 43 10 82 16 7 66 9 17 83 50 79 43 22 67 38 93 28
7 75 72 72 12 88 19 15 69 14 28 96 45 86 43 25 83 53 97 24
48 81 56 42 21 73 10 18 67 17 23 87 56 79 24 19 80 54 94 22
17 84 73 24 13 86 28 20 59 6 17 91 46 83 46 9 72 65 96 29
25 83 77 46 8 65 18 28 73 6 25 84 75 82 23 22 78 66 92 33
17 68 69 55 6 76 26 21 70 7 8 89 65 73 58 16 85 57 91 19
44 78 83 28 32 81 10 28 67 8 29 90 65 79 50 14 58 54 98 34
24 84 79 36 9 80 17 16 64 11 35 86 42 83 42 9 80 45 94 14
23 88 68 53 14 88 25 28 66 10 31 93 36 73 50 9 80 54 97 31
22 80 79 56 9 79 14 20 64 7 33 88 38 94 27 10 69 57 89 12
10 85 68 46 20 87 14 32 87 6 20 88 61 70 44 23 85 42 96 42
26 93 63 58 14 79 16 24 64 8 27 91 63 83 39 27 83 71 94 32
12 80 74 54 16 54 14 20 66 10 21 93 59 91 37 20 85 29 97 13
25 71 77 40 13 81 12 21 80 8 22 96 49 91 39 20 71 66 95 18
20 91 79 55 6 74 15 10 55 13 17 89 62 91 43 6 81 52 92 21
32 90 80 57 17 85 8 43 71 12 25 90 53 85 35 11 55 52 97 25
30 88 63 27 25 62 13 24 73 8 36 85 48 86 47 12 83 37 95 32
34 74 70 30 8 71 13 19 70 11 19 81 46 87 32 10 79 34 90 31
23 94 78 38 14 75 32 28 62 16 25 93 52 70 61 7 80 57 98 31
20 85 78 45 19 72 40 27 78 20 9 84 58 81 38 12 64 41 96 28
33 91 63 49 7 81 19 35 67 3 26 85 54 67 29 18 74 39 93 17
22 84 62 53 14 83 20 23 70 6 28 90 85 84 40 22 90 47 99 31
13 84 43 30 11 82 19 29 58 15 11 91 67 91 39 12 60 47 94 20
42 76 74 37 10 69 17 20 78 13 20 93 54 92 43 11 71 53 91 16
41 68 66 41 18 80 9 26 67 12 21 89 70 77 30 17 83 54 92 14
14 85 73 55 10 73 21 22 67 10 28 86 48 76 29 6 66 33 98 22
26 87 49 52 13 81 16 38 59 6 17 82 59 88 56 19 90 51 98 16
12 86 65 43 11 59 31 34 71 20 14 79 35 71 48 13 80 58 94 14
19 94 75 68 24 83 19 23 40 15 17 90 46 70 25 5 74 38 99 32
13 80 49 56 12 81 30 33 72 8 23 82 43 77 48 12 90 52 96 30
30 82 67 42 10 74 12 8 61 18 24 93 30 86 30 9 83 33 99 33
28 87 74 53 25 73 8 35 58 9 14 89 52 85 38 16 75 49 98 14
20 85 66 60 10 81 28 17 75 21 17 91 33 72 36 11 88 49 93 16
36 85 37 46 8 69 20 30 66 6 13 92 60 89 43 9 85 60 90 22
18 72 68 62 15 70 19 15 77 14 20 92 60 88 49 22 80 43 93 24
50 82 82 36 7 77 15 29 55 14 28 70 41 96 30 19 83 38 89 27
22 81 77 35 23 62 16 32 78 6 28 76 48 93 43 5 84 65 97 23
26 91 80 58 12 70 13 24 75 12 24 91 60 89 28 19 82 51 98 21
32 85 74 37 15 62 11 68 75 5 23 80 53 76 35 18 66 44 92 20
19 92 68 66 38 77 22 19 61 6 16 78 55 81 48 10 87 48 98 41
36 84 77 57 9 84 12 48 70 15 18 82 50 89 24 14 83 27 96 31
32 88 67 45 19 80 10 23 61 9 17 88 48 82 28 11 86 45 91 14
25 79 56 32 10 80 24 41 70 5 20 86 60 89 18 16 60 67 98 27
25 81 64 55 13 68 23 13 84 10 43 89 56 85 30 16 58 42 96 47
25 85 80 60 23 61 6 26 77 5 30 91 44 76 30 8 83 39 95 42
23 90 72 51 10 85 30 26 75 9 13 89 41 86 42 11 82 62 96 15
29 86 83 48 11 74 12 25 84 22 20 90 52 64 45 12 68 47 95 22
23 87 69 71 12 77 34 37 74 8 13 78 55 70 29 6 90 34 94 35
15 90 67 32 8 75 17 25 46 7 28 93 62 75 20 13 86 35 95 21
38 78 88 58 7 67 13 39 83 2 15 92 67 91 40 15 76 47 96 40
16 78 82 56 11 68 8 26 69 12 14 93 43 74 49 12 74 50 94 29
8 89 66 41 13 71 11 18 53 16 21 74 57 80 32 11 69 53 92 29
27 81 58 50 24 80 28 23 56 8 28 96 44 76 63 17 74 69 97 26
21 75 55 68 12 66 30 29 46 12 18 84 61 87 49 14 61 48 94 26
33 86 81 35 8 77 18 31 69 6 30 84 64 85 21 20 80 81 98 16
26 89 68 43 14 67 21 35 71 9 22 90 69 78 15 23 77 50 98 23
27 83 73 38 17 58 10 25 58 7 19 74 55 85 38 11 85 78 97 17
13 76 65 59 6 62 15 28 81 7 30 87 57 81 43 15 70 36 98 22
15 77 68 35 18 86 20 15 77 5 41 88 56 85 55 9 66 53 97 28
31 87 56 43 8 62 21 49 61 12 24 90 32 81 40 12 74 41 94 16
16 89 53 41 4 84 19 32 74 6 27 92 28 80 27 12 68 57 97 31
25 94 78 65 11 92 11 34 88 6 45 86 46 87 21 19 77 63 97 30
33 70 63 32 16 83 19 29 58 9 4 92 55 88 47 14 73 23 95 20
27 91 88 35 14 71 10 26 59 12 22 75 49 75 29 11 60 47 91 34
35 85 78 38 10 72 28 36 67 12 11 97 56 81 27 9 84 48 94 28
46 82 90 49 15 76 10 18 83 9 22 95 53 78 36 7 86 35 96 15
32 80 80 43 11 64 9 22 55 6 20 85 41 82 45 5 74 27 93 19
44 69 63 58 9 79 11 28 67 5 35 91 39 78 29 16 74 66 94 37
35 87 52 57 13 78 14 20 73 7 27 82 46 77 48 11 69 60 97 20
31 83 87 33 12 66 15 29 76 8 17 75 35 88 30 6 84 52 96 30
20 88 78 42 15 51 17 14 72 6 16 83 64 86 48 18 77 50 97 29
23 86 74 44 10 71 17 26 74 17 28 83 24 74 32 8 70 69 97 23
45 91 88 52 13 55 16 29 64 7 17 84 65 81 47 14 61 71 93 24
9 86 75 58 16 78 18 12 66 11 27 74 39 80 38 12 89 40 98 29
47 92 66 61 24 76 15 49 69 6 26 80 49 77 25 19 81 36 96 13
12 88 79 49 17 58 8 25 76 10 13 84 55 77 29 16 52 30 97 27
31 77 82 50 25 75 25 18 78 33 30 87 44 89 42 13 90 73 94 20
29 82 86 63 6 75 26 34 52 3 18 91 79 78 21 12 79 64 93 20
11 89 54 55 14 61 27 26 72 12 16 78 42 82 37 20 79 71 93 23
19 91 58 57 12 85 19 11 68 4 16 90 63 80 26 8 70 70 97 18
