100 20
71 86 73 90 81 83 27 85 82 12 20 86 14 43 96 90 2 41 11 69
63 69 4 64 94 67 19 34 61 25 66 66 59 93 57 45 8 71 70 33
59 59 65 86 5 79 9 56 79 31 26 45 73 5 4 40 42 52 82 57
44 63 38 72 62 94 14 80 22 12 81 38 58 89 45 10 41 87 35 99
17 65 9 90 73 39 93 75 17 57 17 14 31 60 37 51 47 52 83 91
45 32 90 59 40 15 85 73 71 57 42 62 34 52 79 81 12 51 32 66
17 27 23 61 32 35 54 13 94 81 27 56 43 86 76 16 6 9 61 67
36 66 30 32 83 74 89 84 34 76 77 44 16 18 55 26 71 25 21 7
84 27 16 81 64 94 41 18 16 86 35 58 30 66 81 73 13 62 28 8
30 57 48 30 79 25 48 2 98 92 66 73 38 71 21 19 33 75 83 21
54 7 69 7 71 75 58 44 51 37 62 79 42 99 36 64 99 58 19 74
40 91 89 10 66 45 6 89 49 61 7 87 29 64 94 93 35 23 15 40
33 37 72 41 76 48 28 99 6 21 91 84 7 56 55 21 13 31 91 13
50 56 43 98 84 9 74 82 97 35 83 58 84 86 90 99 98 11 90 47
70 81 89 21 29 77 89 79 67 13 50 14 72 37 88 94 6 75 36 22
85 77 90 50 29 24 58 50 67 14 20 61 22 8 59 12 11 49 61 19
55 90 45 22 57 39 87 85 17 26 36 75 75 94 87 63 66 20 70 72
12 31 38 8 17 50 69 57 94 16 26 67 41 41 81 81 70 11 53 2
27 92 51 81 79 21 65 45 98 70 3 34 94 18 64 9 9 85 83 38
94 33 81 73 3 60 78 67 75 5 14 32 52 52 63 37 73 93 57 20
56 86 13 81 58 9 51 78 54 76 30 73 70 47 59 78 89 22 92 78
57 7 80 70 60 51 58 41 50 22 63 6 6 23 34 65 21 68 68 34
5 98 73 62 98 21 13 56 88 56 70 92 72 43 16 2 17 99 84 61
15 38 3 85 73 11 89 89 24 55 27 9 63 65 49 35 17 84 18 41
90 92 49 53 40 29 61 84 11 42 39 9 30 80 54 91 67 9 72 97
29 2 84 40 51 21 15 16 88 64 92 70 53 42 33 64 32 7 31 51
10 71 37 60 64 49 3 91 32 62 84 37 55 8 63 99 97 72 98 80
36 45 54 54 23 78 72 19 45 39 2 14 60 69 36 68 15 46 58 70
76 45 76 66 61 23 46 9 87 92 89 11 92 5 59 90 66 77 26 45
4 91 83 32 80 3 43 22 20 13 98 49 28 76 53 42 90 77 49 41
12 19 28 93 56 33 18 79 43 69 80 20 7 67 54 44 73 14 17 95
74 8 11 44 4 7 64 13 33 49 3 65 71 8 51 2 3 82 35 99
9 13 50 5 67 70 47 48 61 22 57 85 78 44 59 96 67 4 91 73
41 86 95 81 56 14 22 77 56 72 25 98 95 31 18 34 68 70 89 95
86 92 17 67 49 32 63 51 65 98 36 68 23 55 78 45 66 21 91 10
75 53 65 54 48 13 43 54 36 96 90 73 82 67 19 13 99 55 21 88
45 79 4 31 68 62 33 99 14 50 35 8 7 33 71 41 33 52 91 84
58 81 65 41 89 11 86 41 92 72 82 44 89 25 20 88 88 28 67 41
35 58 73 26 96 8 36 56 56 91 2 25 84 38 47 31 14 66 51 81
55 6 87 32 32 90 73 5 4 29 99 70 92 52 96 61 11 4 91 46
20 21 55 94 40 84 56 12 53 12 4 64 94 53 96 22 56 39 46 7
59 99 90 57 42 48 46 4 74 98 97 3 72 71 80 92 57 78 97 37
19 99 37 37 18 76 67 87 17 76 55 96 36 35 89 17 50 88 57 17
17 83 22 58 2 4 25 83 8 43 20 11 23 37 4 59 35 17 51 86
24 10 4 54 20 21 97 57 12 36 90 94 12 53 78 92 77 98 66 78
39 74 66 54 72 89 80 64 72 9 39 85 4 35 23 4 92 48 7 53
31 53 65 90 64 66 30 52 25 51 82 99 35 41 36 25 34 43 89 34
77 30 12 53 86 13 99 57 42 72 72 44 61 12 2 72 76 89 54 72
74 5 69 43 21 66 37 23 86 64 9 54 34 45 21 5 90 51 56 59
3 49 15 62 96 63 43 33 35 89 15 31 16 16 46 94 63 23 29 35
61 22 32 79 60 75 23 61 98 41 57 32 46 4 25 81 99 75 87 96
35 72 41 87 53 13 42 99 4 52 72 30 75 29 30 61 29 36 75 34
3 95 6 87 34 51 22 11 2 28 84 79 38 72 68 52 29 45 87 17
94 85 43 45 61 54 75 5 93 37 35 6 63 5 49 94 7 35 98 24
87 19 96 67 19 80 78 67 86 78 70 11 62 97 84 12 36 72 13 85
13 23 52 22 19 36 41 5 21 36 70 26 55 73 46 99 92 97 2 2
56 37 71 21 71 33 16 40 4 92 29 82 40 53 84 60 79 44 62 79
69 5 77 70 7 33 72 55 13 28 47 83 49 89 4 63 30 86 93 23
97 44 88 11 2 26 63 85 29 83 47 38 78 2 40 14 64 64 21 53
7 63 72 98 36 10 98 89 97 99 74 94 58 51 78 63 52 24 71 16
40 99 14 11 61 8 44 40 27 31 99 71 27 27 97 27 23 21 79 77
57 48 80 39 86 33 32 34 73 91 95 99 27 91 44 26 94 84 48 21
7 28 23 88 36 15 69 28 8 89 22 42 66 78 42 38 16 69 23 60
32 48 28 97 52 53 43 93 55 5 90 42 20 37 26 98 61 21 22 64
61 83 24 41 5 42 56 76 41 86 41 40 13 37 39 82 83 62 24 40
81 12 51 76 90 53 55 70 58 56 27 48 38 67 63 72 79 39 97 97
58 21 32 54 98 89 31 93 46 69 61 35 84 39 2 96 5 76 33 85
38 5 79 20 43 22 59 15 29 61 46 38 83 37 34 54 99 95 61 94
99 53 30 99 30 17 24 85 33 50 45 7 51 82 87 79 90 9 74 72
86 94 71 18 93 42 16 37 28 63 91 36 88 68 20 2 86 78 67 17
97 34 40 70 55 75 20 64 50 47 82 24 67 54 31 63 42 20 55 45
85 95 51 35 83 39 98 61 16 29 80 9 49 88 51 90 27 14 49 6
88 49 48 62 71 39 99 93 38 33 54 98 17 62 97 36 88 74 99 67
58 69 48 45 38 3 7 80 60 2 29 50 95 56 37 94 59 38 59 72
19 36 36 65 64 10 31 90 28 9 34 46 13 39 58 9 48 4 33 62
77 9 61 53 62 72 9 21 8 95 53 28 21 28 23 18 62 12 3 31
27 14 45 4 84 60 10 2 64 96 16 17 52 92 71 70 92 74 84 74
67 13 3 7 35 11 85 66 97 30 34 67 89 90 49 93 11 68 89 54
7 34 49 8 82 67 14 13 47 16 82 50 96 44 42 24 35 21 14 63
36 49 56 78 90 9 92 98 99 93 61 33 30 19 78 41 5 93 12 42
38 49 98 99 37 18 51 60 62 57 84 36 84 56 8 91 35 49 61 48
34 61 86 54 67 40 3 73 76 79 3 13 46 82 53 24 47 56 9 76
2 88 10 71 26 51 42 58 15 69 22 41 69 58 59 92 12 67 2 13
70 87 83 85 71 8 89 17 42 91 2 12 65 9 48 8 76 13 56 52
74 84 41 60 37 29 88 93 49 15 3 90 35 71 96 40 55 63 48 90
64 61 43 67 77 24 55 51 15 82 8 53 85 97 35 41 95 24 98 92
48 39 82 2 13 45 38 85 18 51 90 7 72 95 7 81 19 36 76 10
19 65 88 93 29 97 24 32 64 11 33 99 29 4 70 97 63 44 38 98
56 46 83 91 12 89 77 87 91 74 6 47 5 7 3 41 79 97 3 27
15 88 58 59 64 49 97 42 18 21 66 69 3 46 80 84 10 60 58 98
63 74 39 84 85 69 76 82 67 69 64 81 90 16 49 77 52 98 37 85
11 94 2 5 16 22 70 15 72 31 81 38 67 37 85 40 32 2 32 41
85 74 57 55 26 57 72 14 18 55 8 60 13 37 52 18 73 5 78 55
65 90 92 36 48 17 31 75 62 52 58 24 50 25 89 13 66 61 35 60
73 8 41 9 31 80 44 58 56 76 47 53 18 15 12 34 11 2 77 89
27 18 3 11 71 51 6 47 51 82 93 98 64 41 6 39 28 94 8 3
86 62 92 53 91 44 86 69 77 32 3 54 72 84 99 83 46 18 57 77
93 12 85 82 76 70 92 91 76 44 70 69 64 48 93 26 87 80 84 60
88 60 97 97 51 3 98 43 69 48 68 99 43 36 39 49 89 84 60 84
84 42 5 68 58 12 82 44 42 62 5 85 63 85 9 11 54 56 46 60
