100 20
67 62 49 16 32 10 70 17 50 95 81 71 92 56 58 59 55 94 20 16
18 3 95 96 21 14 45 28 35 34 70 94 47 6 89 36 11 48 46 34
61 87 92 40 22 90 9 18 31 2 83 71 40 40 37 42 51 61 67 89
70 5 61 11 11 96 71 75 95 98 8 89 63 59 4 44 48 33 24 82
44 35 24 44 24 41 37 89 6 37 30 83 28 18 61 58 29 66 19 10
58 55 59 13 19 69 34 8 13 36 11 16 87 56 22 90 77 16 66 61
11 63 79 71 91 46 10 96 47 9 43 70 18 57 17 5 68 51 29 37
78 34 62 45 14 20 54 34 21 52 90 9 72 18 48 29 48 56 39 52
8 3 85 24 7 3 44 5 20 21 9 97 84 54 71 75 38 76 78 10
92 22 62 25 97 46 94 47 82 85 60 66 47 16 25 39 14 7 91 14
62 27 60 16 43 18 4 42 66 4 95 55 54 73 75 95 28 75 7 6
58 91 88 73 25 59 54 72 77 63 27 38 87 83 94 16 53 33 4 70
94 61 99 72 46 55 86 58 15 58 33 52 45 43 71 55 24 4 48 94
4 89 2 4 67 32 10 43 41 15 78 23 97 26 48 92 81 20 61 10
98 61 80 43 90 41 29 59 61 39 12 72 23 18 18 3 50 37 58 55
39 66 77 54 19 84 96 47 55 7 30 32 85 58 19 45 13 44 74 53
43 38 36 26 80 33 94 31 47 98 12 9 83 72 20 35 62 10 93 66
17 60 54 88 96 15 25 21 29 31 39 72 30 10 17 51 21 14 3 72
2 23 63 66 29 6 57 93 5 40 41 22 69 81 36 30 23 67 20 4
17 21 5 54 80 53 39 75 79 14 49 43 10 8 39 54 30 41 53 71
48 20 92 61 31 47 16 86 3 72 5 20 47 40 81 17 90 52 88 77
10 75 56 22 24 5 54 5 28 66 98 79 96 17 75 52 47 70 44 58
99 33 62 54 86 14 58 69 15 19 93 3 3 66 2 36 62 38 63 92
25 77 28 32 46 88 28 31 41 95 78 70 42 47 25 55 62 96 9 73
53 8 65 66 45 12 14 58 31 36 81 38 49 71 35 58 67 57 58 68
49 23 29 39 64 12 32 67 19 89 85 81 4 78 25 20 38 10 42 57
37 33 76 56 22 66 37 97 51 58 63 64 37 3 96 18 99 5 58 71
28 57 92 56 36 35 98 2 2 15 56 36 80 21 44 93 34 4 26 50
46 25 6 46 4 68 37 86 9 62 3 59 16 56 86 3 44 98 74 27
21 85 44 29 73 94 24 78 92 38 21 26 88 71 77 2 71 31 95 6
77 94 58 82 28 66 57 94 50 13 13 69 66 33 64 99 57 27 71 44
41 6 30 75 72 86 3 34 64 67 43 12 63 63 28 91 71 19 20 79
78 80 81 16 63 92 97 49 77 47 63 62 77 92 42 92 99 8 27 70
14 92 64 35 40 62 25 68 10 9 10 46 63 19 60 85 36 38 74 19
15 28 18 45 63 99 94 18 50 9 69 89 83 57 85 25 28 82 40 16
68 84 21 77 74 27 18 41 50 83 62 93 7 85 8 85 17 30 30 9
67 34 88 56 66 33 75 84 81 26 79 74 82 15 32 35 3 27 24 52
85 49 53 13 29 92 44 25 6 74 20 77 25 71 86 68 6 77 7 64
31 86 19 86 73 75 25 55 82 43 75 57 76 17 40 49 82 81 64 53
52 28 44 40 39 96 62 62 27 86 59 44 42 48 74 59 99 59 20 50
10 97 57 77 51 25 27 59 76 54 52 64 13 84 75 96 69 70 35 49
14 19 47 43 7 16 50 60 37 31 87 37 50 94 85 92 18 2 19 58
65 13 59 99 10 33 90 94 86 29 44 45 60 4 54 95 3 10 43 38
17 81 18 69 10 58 97 52 35 40 17 61 90 5 2 28 83 96 23 10
57 59 47 53 24 63 12 24 88 55 92 40 38 60 44 99 61 29 30 24
23 42 37 42 75 68 97 76 85 41 79 69 2 42 88 76 53 50 19 36
44 12 92 99 53 87 53 79 66 93 3 83 96 45 91 33 60 41 41 52
22 70 38 40 25 32 58 7 65 69 76 38 28 76 57 12 18 95 33 26
86 27 27 45 4 44 65 31 21 39 15 9 62 56 59 57 63 64 42 65
86 68 91 51 17 30 46 15 74 48 3 86 11 27 86 29 40 80 46 2
85 95 24 17 6 36 34 59 93 24 46 37 33 90 70 6 92 66 86 11
54 35 17 13 97 56 37 37 67 12 71 31 66 23 73 91 15 66 63 99
75 51 67 21 67 51 37 99 6 6 47 17 58 56 49 99 27 99 79 32
97 31 72 2 89 93 98 32 70 21 82 84 94 72 76 9 67 10 3 51
66 19 61 60 88 21 68 60 94 67 35 10 33 48 29 24 83 13 3 24
86 65 87 50 66 73 59 75 8 71 4 44 19 51 84 32 40 57 53 47
15 86 2 66 71 56 3 19 94 16 73 39 2 53 20 53 57 81 24 74
14 15 88 86 59 22 13 9 43 65 92 24 71 40 27 92 98 2 99 80
41 69 3 77 97 25 5 91 39 10 65 92 45 10 97 76 3 2 67 93
44 26 38 31 81 30 74 12 74 66 23 54 26 79 6 80 10 98 97 59
56 91 67 95 60 69 71 6 76 25 95 85 71 46 41 28 14 90 44 62
34 40 22 87 69 90 12 38 93 43 37 11 10 4 77 51 29 11 81 82
93 35 45 47 85 57 97 21 9 18 39 73 27 53 85 63 92 6 39 27
31 63 70 97 28 93 21 58 35 98 83 8 51 19 76 4 98 71 42 72
55 55 65 46 91 75 69 70 92 17 43 97 35 38 34 89 92 58 5 94
39 47 38 57 52 99 66 59 32 73 49 17 36 38 4 93 46 93 56 22
37 15 71 3 39 56 77 54 90 49 99 58 68 93 45 80 14 69 84 55
22 49 18 87 80 88 56 89 98 8 90 81 44 78 44 58 32 86 40 92
43 33 28 85 8 80 42 39 31 97 88 35 13 41 98 64 48 83 23 15
2 72 70 14 86 7 20 39 76 71 30 66 67 42 97 41 16 25 19 12
10 11 74 36 26 86 14 73 23 88 31 10 16 20 20 2 15 69 55 90
37 64 29 22 93 27 42 18 98 95 52 28 85 51 38 44 82 9 96 79
59 7 5 44 20 61 44 84 42 86 59 93 56 16 70 98 6 50 35 23
6 38 80 6 89 81 48 12 54 44 95 69 26 76 5 34 38 34 19 51
67 14 75 17 17 16 19 17 35 48 71 62 48 73 91 58 44 56 50 36
62 62 77 38 28 35 73 3 32 77 78 89 91 7 18 97 64 64 67 58
45 27 57 33 78 54 80 48 51 69 86 44 84 21 75 45 72 93 21 89
60 58 57 83 16 68 52 72 20 29 93 23 93 95 94 20 85 91 34 52
26 12 67 92 11 80 5 88 54 54 17 41 4 9 31 8 37 82 93 23
42 86 49 49 74 46 66 14 65 18 73 62 11 63 29 36 25 58 60 64
10 67 30 40 28 77 65 58 4 77 83 9 6 40 73 2 54 62 99 21
61 91 49 92 2 37 50 11 37 74 42 31 45 47 99 29 81 94 75 49
59 34 84 49 19 36 25 12 66 18 87 46 87 10 51 8 60 57 28 13
53 40 2 15 32 56 79 20 56 78 87 32 36 44 89 43 73 66 39 84
87 25 23 37 81 78 13 8 95 41 85 53 56 96 60 93 44 82 65 53
28 49 13 56 33 8 27 78 45 8 34 80 76 82 79 38 66 68 10 31
85 97 24 83 42 98 81 55 94 71 11 19 76 69 50 41 95 88 51 4
63 90 52 40 59 94 66 10 52 82 85 21 86 77 90 24 26 26 59 30
85 88 42 63 19 63 2 64 67 70 36 2 77 46 16 50 99 5 91 43
42 18 51 21 51 23 22 75 77 14 99 28 82 22 71 12 89 25 62 46
85 42 81 56 58 12 19 21 54 51 49 15 29 88 41 34 55 67 86 89
29 92 54 7 52 96 30 49 28 87 28 95 29 29 17 30 7 68 97 62
52 13 91 93 65 69 28 32 5 74 7 34 13 79 36 88 21 87 55 65
7 46 49 16 45 44 91 73 3 36 73 58 43 37 71 37 74 59 58 44
73 68 79 83 20 14 15 54 21 57 66 35 15 13 92 32 27 82 69 27
10 2 90 17 51 58 62 17 40 47 86 40 95 48 10 55 40 3 71 84
31 35 88 20 27 62 14 44 6 68 48 58 94 56 14 34 46 38 74 67
85 72 99 55 66 89 23 34 14 36 42 92 73 69 73 92 35 66 25 40
15 72 23 56 63 65 9 83 53 50 61 88 28 95 48 22 8 97 11 40
74 53 95 92 17 46 25 95 34 46 48 39 3 62 21 88 71 85 48 29
