200 20
27 17 11 21 24 25 44 30 13 36 17 20 20 22 25 33 17 32 36 16
66 45 61 72 50 45 52 45 66 25 63 37 57 74 68 63 39 50 53 45
43 50 41 55 62 32 61 50 61 34 55 71 27 53 64 65 49 42 60 43
84 89 77 81 86 91 68 92 90 80 89 85 86 90 96 79 83 82 81 88
21 22 22 13 23 14 31 26 12 16 15 18 28 26 21 15 21 22 23 10
97 98 91 94 92 92 93 96 94 92 90 88 86 93 79 77 95 89 86 91
16 11 16 25 9 12 19 14 10 21 10 17 15 19 16 17 17 28 8 25
76 77 55 75 88 61 80 68 73 74 63 86 82 81 73 74 67 63 78 80
13 17 16 28 23 33 14 37 41 22 34 16 22 22 15 20 18 15 22 24
69 82 88 89 94 62 91 75 89 83 82 80 92 74 86 76 84 96 86 91
15 43 19 15 16 42 21 16 27 24 24 24 32 25 24 13 21 14 17 38
98 98 98 98 96 95 95 93 95 98 95 96 97 99 93 96 93 90 93 83
10 11 16 8 29 7 5 7 17 10 6 8 10 5 8 9 14 11 13 7
57 53 46 34 28 31 31 41 48 27 28 30 33 46 32 40 40 15 27 43
29 21 29 22 49 28 42 37 28 18 18 19 14 32 37 18 26 36 43 43
42 45 65 36 63 64 55 28 28 37 39 55 52 45 44 51 38 18 62 55
68 63 69 66 78 73 66 81 74 82 81 70 85 72 84 78 76 74 55 87
33 29 24 24 35 24 24 43 31 29 37 18 30 22 38 20 36 31 20 15
34 18 14 19 22 39 10 10 17 18 9 7 28 13 29 11 30 20 6 19
9 15 13 21 10 10 7 6 15 6 6 17 9 15 11 12 12 10 10 22
18 32 14 24 9 41 23 22 34 25 15 12 23 16 31 10 31 38 18 16
63 49 72 56 72 60 49 53 80 44 70 69 75 68 68 76 80 45 59 63
4 3 7 7 3 6 5 11 5 10 3 6 5 5 4 5 4 9 5 5
22 37 51 41 47 37 30 51 29 55 45 32 51 39 42 46 13 29 50 34
4 13 4 5 24 8 6 14 5 9 20 8 7 7 7 14 8 9 15 10
77 91 75 81 95 84 81 77 74 73 83 92 81 81 74 85 81 62 85 91
76 68 66 84 72 73 79 84 68 86 89 65 93 86 80 82 80 70 81 85
73 57 80 74 68 83 66 68 49 77 79 81 67 76 69 78 56 81 78 69
8 28 22 27 19 29 9 15 20 20 18 27 17 16 21 16 21 12 38 33
16 13 22 11 20 4 25 10 7 7 8 17 13 8 25 18 18 18 17 12
5 3 3 4 6 5 5 5 5 4 3 6 5 4 8 4 5 6 5 4
16 24 32 18 14 10 23 21 25 14 25 14 15 9 24 28 8 17 11 27
48 68 61 68 70 73 61 48 67 60 66 50 68 53 62 86 61 74 72 57
45 51 76 81 56 81 59 76 84 62 67 59 62 67 65 78 60 80 57 73
33 31 43 43 54 36 34 46 30 42 48 41 58 47 33 35 41 44 51 49
43 65 38 64 25 27 48 56 53 41 46 36 58 63 52 56 47 63 29 59
70 88 61 89 76 87 83 64 66 80 69 70 70 50 53 39 65 55 56 49
51 44 55 41 40 46 65 34 53 60 30 59 59 64 41 48 55 46 58 47
23 15 32 21 40 38 31 36 43 36 24 14 21 23 12 21 25 43 52 24
30 14 9 15 10 17 32 16 31 14 20 11 21 23 19 10 25 17 21 22
99 98 99 99 99 99 99 99 98 99 97 99 99 99 99 99 98 99 99 99
70 58 59 56 67 81 56 67 75 38 73 74 56 57 84 64 52 82 74 70
36 39 42 25 36 18 44 39 20 27 19 21 20 44 26 42 35 34 44 41
69 75 72 69 82 58 73 75 65 61 72 50 74 64 65 75 68 62 72 65
18 5 8 10 8 10 10 18 17 13 14 12 12 13 7 8 4 8 11 10
77 77 60 58 83 69 46 68 74 72 44 69 77 73 66 65 80 72 87 68
27 21 12 21 32 27 22 33 22 26 39 11 33 23 21 19 16 29 28 29
5 2 4 5 6 3 2 4 9 4 3 3 5 4 4 3 3 2 3 8
37 33 18 19 33 29 48 43 50 61 70 30 42 48 49 68 40 35 63 34
67 81 76 54 38 77 52 57 73 71 63 80 60 69 56 68 72 73 62 53
2 2 3 3 6 4 3 2 4 3 2 5 2 3 4 4 5 5 3 9
23 23 14 10 3 14 13 13 6 6 7 11 5 14 14 12 11 14 13 12
96 94 98 98 98 99 99 97 98 97 95 97 97 98 95 92 97 99 93 95
12 8 15 21 6 19 23 17 19 11 17 12 16 15 12 13 23 24 31 22
8 4 6 11 5 8 8 12 4 12 5 6 5 9 7 18 6 11 8 9
56 58 71 71 61 76 66 78 61 54 74 66 36 52 83 58 68 48 53 42
55 42 36 32 46 44 27 53 53 47 46 34 35 44 52 53 51 34 47 47
92 82 97 96 92 94 91 88 96 94 94 81 92 91 90 79 84 91 90 93
74 60 68 64 69 48 59 55 72 83 59 38 57 82 70 52 59 76 44 73
73 75 94 75 83 70 91 63 79 82 92 91 91 85 97 84 86 91 86 62
86 71 51 53 80 81 77 83 84 80 83 77 83 81 72 63 82 70 84 84
42 58 60 56 27 48 44 48 19 46 46 51 24 23 46 31 44 57 46 36
41 78 62 72 78 61 57 62 54 63 88 64 71 78 49 73 85 62 69 63
93 91 93 93 92 93 98 90 92 94 94 93 95 88 94 94 86 94 88 97
25 17 19 10 23 27 31 18 17 30 20 18 35 25 22 24 37 62 11 29
70 89 82 73 75 75 83 82 75 75 68 64 61 62 78 80 71 89 83 83
61 47 51 60 43 52 24 36 30 42 36 51 53 60 53 44 28 53 46 46
6 5 4 3 2 6 6 4 3 3 4 4 3 12 3 2 2 10 4 4
37 37 38 41 27 52 24 40 52 41 29 30 30 42 31 26 20 48 26 30
98 98 98 98 97 99 98 97 97 97 98 95 99 99 97 97 98 97 97 98
2 2 2 3 9 2 3 2 2 2 3 2 2 2 3 2 3 2 2 2
65 52 48 59 37 28 52 55 64 62 53 34 50 59 64 76 43 44 54 44
93 86 96 92 96 97 94 96 96 94 98 92 93 95 81 92 93 92 96 93
87 86 90 90 91 89 85 92 88 79 71 90 90 91 80 88 88 81 85 76
11 9 25 10 24 6 10 18 24 16 16 14 25 8 16 20 19 32 15 30
71 71 74 82 74 79 79 82 88 71 50 74 80 56 65 87 83 72 68 65
80 77 81 74 90 91 72 75 85 75 79 75 80 79 78 67 84 71 67 66
76 57 51 45 48 67 41 50 71 57 72 80 49 52 61 63 55 64 81 61
77 94 89 83 87 79 91 78 93 93 85 83 78 85 88 76 76 73 68 88
77 87 81 58 74 83 86 64 79 85 82 81 75 82 86 86 91 81 82 72
23 27 22 34 39 43 23 28 37 29 28 33 37 34 45 27 27 51 49 25
63 34 66 75 83 38 62 60 77 48 64 68 77 48 73 56 70 71 61 58
95 98 95 93 99 97 99 94 94 97 97 99 98 98 95 96 97 96 98 96
85 71 76 81 80 63 74 67 89 82 82 68 69 78 84 77 78 81 65 55
44 57 71 48 55 42 44 50 52 57 27 57 39 53 46 45 25 51 65 67
93 95 91 89 94 93 97 97 89 97 98 93 98 90 89 96 89 91 94 98
44 28 36 37 18 29 30 19 39 21 38 27 14 32 24 20 29 41 45 11
89 95 85 91 85 88 85 87 75 80 85 92 90 81 89 93 83 79 89 48
67 37 67 43 61 62 45 57 52 57 53 65 57 63 34 51 51 66 47 62
99 99 99 99 99 99 99 99 99 99 99 99 99 99 98 99 99 99 99 99
40 57 17 11 48 36 44 16 51 38 17 38 30 24 40 35 20 43 19 33
21 26 16 15 26 43 39 32 40 27 44 54 22 35 20 26 16 27 32 26
52 42 36 27 49 49 63 63 53 55 51 22 53 60 44 63 55 61 53 32
55 50 81 60 67 70 65 78 61 69 57 78 79 63 67 63 72 44 67 57
61 66 57 62 60 39 66 69 55 69 51 73 75 72 41 57 62 66 82 63
11 21 17 13 21 10 14 8 23 17 17 15 13 25 9 10 40 21 17 20
46 66 59 68 51 51 62 47 53 69 82 69 50 59 58 81 56 62 53 70
8 21 27 10 11 12 9 15 12 14 11 19 8 16 20 20 19 15 12 14
43 54 47 51 67 49 54 53 26 51 50 46 60 48 31 51 50 49 48 45
29 13 34 27 30 24 20 25 27 23 23 30 43 13 11 18 19 21 16 15
84 90 82 81 66 89 92 78 85 79 85 81 90 91 88 77 87 83 77 96
21 20 15 47 46 41 37 51 17 37 25 22 19 37 25 13 26 26 29 26
84 69 68 80 78 61 80 70 86 81 64 77 65 80 76 94 69 79 70 80
66 79 79 60 68 56 46 78 67 67 80 51 56 58 76 77 71 66 74 58
44 43 45 62 50 51 57 39 62 49 63 39 64 48 50 77 40 51 44 53
75 77 49 57 65 82 63 39 63 56 66 74 76 76 79 70 81 63 61 67
31 30 23 17 23 22 16 38 12 17 40 10 36 15 10 22 16 21 12 29
67 38 44 75 76 67 54 44 56 50 67 46 33 51 51 60 56 57 63 31
48 47 55 65 37 64 49 59 50 68 66 64 59 56 60 60 35 51 46 67
43 49 56 65 53 39 31 69 60 67 50 50 51 27 55 45 53 55 56 50
6 15 22 24 26 15 25 17 8 16 19 16 21 11 18 17 18 21 18 10
35 34 59 48 34 36 26 49 38 24 18 37 44 39 41 38 36 57 34 48
83 92 79 84 87 92 81 85 82 85 89 73 88 92 83 88 81 70 80 86
33 30 39 25 18 19 33 26 20 48 15 23 33 29 13 27 28 23 25 35
2 2 2 2 2 2 2 2 2 2 2 2 2 2 2 2 2 2 2 2
94 97 97 98 98 93 97 97 96 86 96 94 97 94 96 92 99 98 97 97
52 52 33 59 34 31 26 52 40 50 48 32 44 34 54 53 39 45 49 55
47 25 46 22 34 37 37 30 29 27 33 32 16 41 43 57 37 30 58 25
33 53 49 29 48 21 46 28 28 24 30 39 42 29 50 49 26 40 22 55
39 50 52 38 38 49 34 48 57 20 36 28 51 43 54 12 26 52 55 25
17 35 23 36 33 36 39 34 27 27 17 34 20 30 12 30 40 20 33 13
75 78 75 79 79 93 79 81 66 65 56 72 80 79 74 67 55 48 73 72
99 98 99 99 99 99 97 99 98 99 99 99 99 99 97 99 98 99 99 98
38 19 27 33 43 43 30 31 36 19 27 35 24 20 49 27 32 24 50 31
19 18 36 14 28 15 37 9 33 20 7 9 21 21 24 16 13 19 18 31
21 27 20 37 38 48 15 38 23 36 32 28 47 34 26 29 44 20 36 18
63 79 67 65 38 65 42 43 62 72 37 37 58 44 60 60 49 20 64 53
7 12 18 20 10 14 21 5 13 22 13 11 9 4 5 7 8 10 13 14
59 41 48 44 48 62 42 70 50 38 43 32 46 40 65 29 49 48 43 52
11 19 14 10 15 17 8 18 25 13 16 17 25 18 9 5 9 12 12 14
40 60 62 27 39 62 69 63 60 64 68 41 52 70 45 64 51 49 54 33
21 18 17 27 26 22 33 22 50 30 22 20 19 34 28 22 16 10 25 22
35 49 37 24 29 37 36 35 48 26 28 37 57 42 54 25 36 35 29 53
51 56 49 41 36 42 58 77 55 60 55 60 69 51 57 63 45 33 59 45
94 97 95 98 96 99 92 97 98 97 93 90 96 98 98 97 95 96 94 96
11 26 21 19 7 13 12 29 18 17 23 9 23 15 12 23 8 5 10 8
33 72 55 52 39 47 59 30 29 73 56 27 69 52 26 52 56 44 40 63
17 15 32 9 8 9 18 7 16 17 21 10 12 8 12 9 13 5 8 5
27 11 12 32 23 10 9 12 18 20 14 22 18 31 15 30 26 21 6 15
88 96 90 81 88 82 91 74 86 86 90 82 78 93 78 80 87 78 87 89
9 5 17 19 6 9 11 5 8 6 5 10 12 10 25 3 11 17 5 20
83 93 85 59 81 92 82 86 82 92 91 78 80 79 81 69 78 85 86 77
66 71 73 74 78 60 70 55 82 61 85 77 74 56 78 47 48 78 60 81
6 20 27 20 12 15 20 8 6 9 9 27 10 24 25 10 7 10 19 16
58 55 69 62 66 68 63 65 52 43 80 42 66 73 48 72 61 39 68 62
30 41 61 30 43 39 36 44 54 28 65 29 41 26 39 41 26 37 34 30
97 96 99 95 98 92 93 96 97 98 97 93 87 92 99 96 93 90 96 95
82 80 78 81 76 86 81 81 72 93 77 82 81 76 75 92 91 80 93 82
90 98 94 98 97 95 88 95 93 98 94 95 96 90 97 97 96 96 97 98
51 32 37 35 19 44 27 45 38 54 27 45 36 61 37 50 26 57 58 34
21 13 21 15 19 18 16 19 19 12 12 17 22 18 23 10 23 24 41 19
6 20 14 10 10 8 13 15 11 5 7 9 6 16 16 5 14 4 24 8
79 74 67 75 70 53 77 78 53 88 83 82 73 78 73 82 78 84 59 88
83 87 79 76 90 78 83 88 89 82 80 92 76 88 80 86 71 78 84 73
27 22 22 21 7 30 15 19 10 9 12 6 12 8 23 10 14 15 12 13
61 66 89 72 83 63 64 80 69 63 45 62 57 67 55 74 71 73 51 82
79 88 92 83 74 72 79 70 66 81 73 79 82 91 84 83 83 83 88 92
96 97 96 97 95 93 98 97 91 93 94 96 93 92 97 97 96 95 89 93
71 81 60 80 73 47 69 66 70 69 63 71 72 90 79 62 66 86 67 69
24 25 12 25 12 18 14 17 16 16 9 14 20 19 12 9 8 17 16 16
87 90 85 83 88 91 90 90 87 89 87 74 90 93 89 93 77 81 84 93
20 24 32 46 26 28 25 45 26 41 27 30 16 21 41 35 22 17 26 26
21 40 36 29 49 56 18 46 33 53 52 32 43 41 25 29 31 20 54 37
92 89 97 97 93 96 93 95 94 88 94 93 93 96 98 97 80 95 91 93
32 30 39 28 25 21 35 15 23 32 14 19 29 34 14 28 34 16 20 34
74 64 82 68 64 84 73 72 62 83 79 80 83 80 68 81 45 76 81 81
25 19 30 44 27 33 44 24 13 36 38 16 56 54 33 38 55 19 30 39
59 70 83 76 71 72 82 92 73 70 72 69 81 89 75 86 63 73 70 81
13 9 13 9 16 11 16 6 21 4 8 9 9 14 10 12 8 7 16 8
90 86 90 94 86 68 90 96 90 89 86 95 93 85 89 94 91 97 89 81
83 70 77 58 68 68 41 69 72 73 58 70 55 84 72 52 72 75 46 59
4 5 6 9 6 6 5 7 3 5 7 7 3 3 8 10 3 4 18 5
17 10 9 15 13 16 16 20 6 20 11 22 16 19 14 4 20 15 16 23
54 9 37 22 19 32 12 34 44 36 35 36 26 27 41 20 29 40 49 18
65 38 65 57 62 36 50 53 40 62 52 58 32 56 46 52 50 45 54 46
67 80 94 89 83 90 94 87 92 79 87 89 88 89 87 85 79 85 97 88
52 69 51 62 35 57 63 62 33 36 67 61 55 61 56 70 66 47 50 52
64 66 68 54 43 81 68 70 53 59 75 70 58 65 66 72 49 69 35 50
66 62 49 71 73 54 74 41 69 70 72 67 67 65 76 68 75 48 54 74
27 33 21 28 35 38 30 38 38 27 33 36 41 28 30 44 41 30 42 37
66 68 80 86 69 54 72 63 68 78 53 81 66 63 47 45 51 70 45 56
4 4 5 4 3 4 8 3 5 4 3 2 5 6 5 19 5 4 2 4
39 24 27 40 38 20 19 36 30 50 30 56 31 28 33 32 35 21 50 45
24 26 15 18 25 7 29 35 26 26 21 23 18 16 18 39 27 20 39 23
98 97 97 96 97 99 98 98 97 99 96 97 98 95 97 95 96 95 99 98
55 59 59 23 42 30 46 48 50 56 38 68 65 40 44 33 42 38 52 42
93 82 92 90 93 91 94 95 97 87 92 92 87 90 87 91 89 80 91 91
80 89 78 87 84 71 79 68 70 93 96 86 91 90 87 88 79 74 88 87
14 10 16 14 18 17 10 20 32 14 31 16 14 28 12 20 14 16 18 32
40 54 40 46 56 74 64 70 57 61 55 52 36 54 72 33 32 64 47 56
32 18 23 18 23 12 22 35 31 23 33 23 25 32 28 19 36 33 26 38
5 7 5 6 4 7 17 8 5 10 7 5 4 5 6 15 6 4 5 10
52 54 57 27 83 59 55 45 63 56 56 61 63 53 69 47 54 66 68 52
5 4 6 4 2 4 9 10 4 10 6 8 10 3 5 6 3 5 4 4
88 90 96 99 90 92 97 88 92 97 97 95 94 98 94 96 92 93 90 94
72 63 62 49 66 50 53 85 46 43 60 66 63 64 71 61 66 51 51 71
85 86 92 85 94 95 89 89 85 91 91 94 79 94 79 94 90 96 95 87
79 90 94 78 90 86 92 91 90 96 88 93 82 89 89 81 91 92 89 84
11 6 7 7 5 5 6 9 8 6 9 13 4 5 9 3 10 5 3 6
25 14 16 26 18 15 16 23 26 15 20 11 23 11 21 23 17 20 20 34
