50 10
10 35 40 23 66 44 38 13 13 74
6 36 69 43 77 48 72 22 29 75
5 33 46 31 72 35 61 6 20 70
8 28 52 26 70 38 62 11 6 67
8 67 58 39 70 28 50 19 9 60
6 31 56 32 75 57 79 14 10 67
8 33 59 28 91 39 79 18 5 61
8 63 55 40 72 46 65 9 8 66
9 53 62 26 84 37 74 14 13 65
4 31 38 28 78 31 66 15 4 43
6 53 50 18 69 55 52 8 15 52
13 32 42 31 84 51 67 24 15 75
12 52 56 31 71 47 74 15 12 53
4 45 51 31 62 28 58 19 7 77
5 42 27 21 35 45 50 16 14 44
5 40 45 54 69 44 67 7 7 50
17 41 43 29 74 32 61 21 7 55
8 37 56 26 71 22 63 15 14 54
22 40 43 20 77 49 63 18 11 61
7 49 52 46 78 38 50 20 12 71
6 49 61 30 78 74 67 33 15 51
12 50 60 23 76 35 62 18 14 71
7 21 61 48 68 45 60 13 6 62
10 44 38 21 52 37 61 17 22 61
12 40 44 33 80 30 68 18 20 60
14 41 42 31 85 42 64 23 10 59
4 27 56 23 75 21 81 11 14 52
8 26 76 30 85 43 83 18 6 55
6 65 58 24 82 55 50 24 16 67
8 67 61 39 78 45 76 15 8 46
6 56 59 25 73 42 65 13 19 58
10 50 44 35 89 34 62 11 8 46
5 39 47 26 60 29 74 7 12 52
6 32 61 24 79 15 71 15 11 54
6 48 55 35 58 43 54 30 27 69
6 30 59 58 77 23 58 21 19 56
15 44 56 28 77 36 82 16 13 53
6 52 51 48 73 47 69 13 5 59
8 26 66 47 74 23 88 16 18 49
7 48 72 38 63 37 76 16 10 68
18 54 51 10 80 41 52 13 24 71
8 25 43 18 76 41 71 14 20 57
4 43 58 28 68 58 56 11 8 63
9 34 31 38 85 40 35 14 9 60
31 63 61 43 80 33 65 15 11 48
7 61 63 25 70 27 58 10 3 46
14 44 58 20 82 57 56 15 14 75
8 53 55 41 83 35 63 15 15 73
4 14 59 29 74 37 40 13 6 57
5 46 51 24 62 31 78 7 13 73
