50 10
99 97 98 99 98 99 98 98 99 98
32 24 25 34 49 66 37 39 37 25
50 48 78 45 54 57 66 78 66 54
87 70 89 61 65 77 65 76 55 72
12 24 9 10 16 24 15 22 18 14
66 69 75 49 58 71 54 48 46 49
67 50 49 42 66 84 77 70 53 50
42 43 40 32 34 12 31 24 39 16
70 51 58 58 55 65 57 61 56 48
14 17 23 14 21 11 7 8 7 13
56 49 59 61 36 58 42 68 54 45
83 76 89 92 81 85 94 78 88 91
4 5 3 10 3 5 3 8 6 4
68 74 70 74 53 53 57 68 41 67
18 50 59 66 49 68 47 39 45 60
27 25 19 19 46 11 26 19 9 33
50 85 77 65 75 72 84 65 83 81
81 83 94 71 95 88 88 54 87 80
13 25 10 18 19 17 27 21 11 11
35 61 33 28 54 42 59 34 39 66
54 55 65 80 62 52 72 48 54 59
24 27 27 18 16 18 16 10 25 41
62 65 62 79 81 78 76 65 71 75
63 56 56 56 36 41 50 49 51 61
30 30 23 20 29 24 20 19 34 24
57 34 57 25 63 64 63 64 57 62
76 65 70 65 77 63 81 83 85 65
67 56 60 63 51 64 59 68 65 63
15 10 16 10 13 39 24 14 12 12
43 60 42 75 57 68 69 65 61 56
11 7 4 8 10 7 5 7 16 6
32 29 25 29 37 26 33 39 27 21
16 16 14 16 16 32 13 15 15 8
77 82 74 77 83 86 76 73 70 89
53 51 51 45 38 65 59 59 62 62
28 56 62 44 55 48 29 47 48 48
41 16 26 26 35 31 44 41 35 39
22 14 25 27 30 19 10 16 14 24
4 9 13 8 6 6 9 6 6 4
26 27 44 57 30 41 53 41 24 23
57 59 39 55 57 50 61 44 48 35
99 95 96 96 92 83 96 98 96 95
34 39 36 34 34 42 41 50 41 44
45 51 33 57 50 40 44 35 49 52
52 38 63 70 49 51 61 36 58 31
94 93 82 92 89 96 91 93 91 86
69 70 85 84 84 85 80 85 53 79
34 47 50 37 42 26 28 30 42 53
81 76 72 79 78 77 80 76 80 77
81 46 52 57 55 72 68 33 68 57
