50 10
22 11 93 74 14 59 72 6 8 50
75 91 56 13 9 81 67 53 40 30
96 62 68 47 19 57 79 13 95 12
47 46 75 11 54 10 43 97 98 55
39 93 20 29 54 16 52 65 43 31
90 92 22 5 99 15 77 63 39 57
43 19 86 10 73 25 94 83 99 65
84 34 12 63 76 5 70 35 20 78
50 38 41 48 11 85 24 92 2 9
80 31 14 44 6 12 73 66 26 26
60 46 82 51 35 15 26 45 46 85
10 79 67 2 8 31 38 69 86 3
54 91 37 36 58 49 20 30 69 56
32 99 70 2 23 54 95 93 83 51
26 72 51 35 30 45 32 26 94 21
69 64 10 46 4 31 88 81 42 44
13 65 12 73 51 49 75 83 98 8
73 5 49 2 33 89 8 20 24 48
89 46 26 46 79 41 51 31 70 80
81 26 2 17 17 65 55 13 89 28
80 12 2 49 71 84 93 69 8 33
14 54 41 54 79 83 8 44 10 46
60 72 14 17 16 98 15 14 10 97
18 25 91 12 38 57 30 23 98 92
3 77 64 20 89 15 55 95 62 74
32 8 49 13 40 48 27 73 29 72
12 45 7 16 47 92 8 62 35 24
27 19 54 91 6 8 28 77 83 52
11 8 87 24 92 7 22 71 42 48
79 53 88 33 6 42 99 65 86 16
80 24 23 18 67 19 95 32 77 74
79 97 57 29 33 35 91 80 49 33
83 44 57 41 15 50 14 60 46 22
40 31 99 67 64 21 48 21 88 16
34 99 49 45 73 66 87 50 20 95
71 85 67 38 15 65 54 13 92 4
38 6 51 83 17 30 49 30 43 36
54 92 87 28 10 84 92 15 54 83
11 93 40 26 49 70 25 29 92 97
87 14 59 69 12 71 30 47 22 93
86 3 26 24 21 95 90 79 81 56
71 39 77 32 46 52 30 49 44 38
45 18 18 68 89 41 20 99 21 72
78 35 61 37 97 42 60 12 14 69
90 38 36 75 44 50 47 66 71 91
82 14 98 63 13 79 63 23 68 5
75 13 86 97 99 85 21 76 97 14
79 78 34 75 81 95 38 13 98 41
72 99 31 27 43 26 14 4 45 11
80 94 3 31 25 22 78 29 10 47
