100 20
84 75 39 72 73 96 43 38 12 13 6 7 8 82 36 50 42 8 23 9
45 62 98 80 38 66 69 82 25 31 19 77 65 85 58 72 10 6 54 88
41 5 59 94 94 45 3 88 86 91 84 76 29 47 32 62 72 36 85 94
4 46 78 86 90 17 7 64 22 54 63 63 21 47 50 43 92 88 10 71
37 2 54 54 42 17 42 12 62 51 63 11 7 82 25 79 19 34 24 33
69 49 59 63 89 23 63 74 17 70 35 56 59 73 56 33 19 50 22 46
48 4 2 3 89 18 6 43 32 99 83 61 11 61 71 54 68 48 28 54
73 97 87 63 54 71 90 83 53 31 82 20 90 70 71 89 54 31 21 70
79 7 2 53 44 27 94 86 97 44 87 48 31 92 13 35 55 31 19 5
8 29 30 55 54 22 43 52 60 90 92 78 25 99 36 21 23 92 51 65
48 92 52 70 91 7 64 23 25 76 75 26 97 2 23 43 19 5 61 84
58 84 8 61 25 19 91 29 59 85 15 84 7 99 86 19 66 6 30 43
66 40 5 79 95 36 30 68 40 3 98 54 27 59 26 24 41 90 16 13
96 17 46 73 93 58 35 83 24 28 96 41 91 8 12 21 82 89 98 18
19 22 81 41 15 89 64 48 56 89 79 27 68 45 73 43 32 10 25 54
70 17 17 22 55 56 70 35 51 61 74 24 29 61 75 24 89 60 58 44
95 10 98 41 46 51 50 17 60 29 33 76 7 89 93 95 69 69 38 60
7 98 57 84 45 55 80 63 52 81 59 21 97 37 98 86 77 17 35 55
54 55 37 13 72 70 75 32 82 67 34 30 59 85 68 95 74 98 86 82
36 5 55 62 22 43 54 38 39 59 95 16 61 63 91 92 25 74 38 48
11 80 34 17 41 60 77 76 32 33 16 93 53 99 25 51 77 54 88 19
67 45 19 36 2 36 19 59 49 33 55 32 53 90 63 89 38 54 7 55
74 91 86 63 71 67 53 19 2 96 91 40 5 51 48 5 29 95 53 57
51 61 70 78 87 34 98 84 78 87 54 66 83 68 93 10 37 45 78 31
55 76 11 90 15 64 67 40 62 91 86 32 41 56 41 55 4 77 7 22
11 55 99 62 98 2 67 51 20 54 60 82 83 38 36 98 26 25 51 22
8 20 94 40 79 78 63 83 97 83 45 48 11 3 10 64 40 6 83 90
38 87 4 18 78 29 70 4 45 71 62 60 57 10 80 89 16 2 49 59
99 47 49 67 45 54 56 51 48 51 59 31 85 47 48 18 45 17 67 59
34 85 32 12 36 83 58 95 16 25 75 50 92 53 2 40 9 91 92 58
10 84 63 65 76 96 4 76 77 52 10 64 63 95 43 23 31 19 76 87
50 35 69 12 17 79 9 74 88 85 99 53 59 39 22 36 48 71 81 42
11 41 83 81 32 73 61 40 21 25 66 29 86 17 15 45 57 82 48 38
16 19 72 48 59 29 84 10 42 6 3 15 89 9 63 53 14 67 82 51
5 85 50 15 99 14 37 55 26 15 99 62 18 24 19 88 17 73 4 28
82 27 3 62 81 96 38 67 10 40 69 57 72 19 45 61 67 18 88 53
93 45 30 7 96 39 77 41 41 85 54 43 95 24 3 66 67 51 48 60
11 13 24 17 73 29 60 15 8 40 37 68 64 35 38 35 33 60 83 12
12 24 19 40 47 53 95 76 59 78 30 6 82 87 23 8 22 17 58 17
99 62 65 93 76 94 3 90 89 14 75 92 5 49 5 66 62 70 90 94
32 55 99 66 63 60 85 89 88 99 57 26 55 63 78 50 31 7 65 33
69 42 79 65 4 55 44 51 37 11 82 90 84 20 16 96 77 92 90 45
74 22 63 47 47 68 13 88 27 79 15 9 3 77 73 15 42 17 91 97
25 52 69 44 13 26 29 74 88 91 68 82 22 96 87 60 59 61 60 11
91 19 89 10 21 29 26 97 36 59 69 74 36 37 40 4 32 50 73 95
66 24 31 69 9 22 19 91 88 27 56 75 80 79 90 61 57 93 19 11
61 4 65 8 50 57 51 70 45 60 8 60 87 23 82 19 50 40 40 17
26 75 47 4 61 81 23 15 68 18 46 98 69 48 84 30 11 15 21 98
60 81 32 41 99 29 87 95 41 55 81 17 92 34 32 65 14 97 56 58
72 50 6 39 9 93 39 31 40 74 67 66 49 12 54 48 10 49 68 97
7 71 42 46 81 82 60 66 61 92 59 98 43 16 85 15 72 40 31 46
66 58 76 48 48 22 7 6 45 40 80 24 76 32 39 92 89 18 37 44
95 27 82 95 20 42 39 6 77 2 12 81 41 48 43 76 93 17 62 20
13 36 72 27 67 61 67 78 42 41 42 58 47 93 34 17 54 19 42 18
14 79 33 74 25 76 5 14 51 69 87 20 8 69 93 39 41 30 69 58
17 36 58 22 80 88 5 79 20 27 30 38 14 14 96 75 42 65 46 33
49 78 40 98 34 63 42 5 99 24 44 29 57 64 44 27 80 29 34 84
7 21 23 83 64 64 24 82 86 43 73 19 79 72 60 54 67 79 99 88
43 42 9 66 44 86 20 68 28 67 47 41 68 89 71 80 64 97 58 94
94 48 40 68 3 14 82 32 8 3 66 44 84 62 65 22 10 84 40 79
9 38 14 58 57 27 17 65 18 33 61 29 24 53 44 43 70 56 88 52
36 55 92 13 56 61 56 8 34 64 68 72 23 14 16 20 75 8 38 67
22 7 9 92 4 49 35 87 37 96 14 30 43 65 81 45 81 8 69 35
13 43 76 97 53 42 93 53 9 25 16 67 33 23 12 66 42 57 66 48
12 11 36 79 10 69 7 61 39 77 99 42 65 93 85 4 25 6 14 54
20 18 58 37 44 32 77 10 33 14 66 80 39 23 59 36 57 40 43 92
99 3 16 76 20 72 84 62 25 32 98 20 50 18 10 8 17 69 47 92
26 13 30 52 27 36 80 41 86 50 80 73 22 44 7 82 36 62 44 95
6 32 63 29 25 49 19 54 84 75 14 20 42 62 26 4 26 41 80 83
58 73 74 38 67 67 21 99 18 18 35 45 9 6 80 88 58 28 62 68
83 5 38 99 99 54 46 65 53 16 25 73 28 12 77 46 28 78 52 43
36 78 36 55 75 39 14 35 36 10 16 48 5 82 81 50 97 16 23 89
26 87 36 61 68 76 84 27 51 8 65 29 10 45 19 46 64 3 22 88
16 19 94 24 22 26 10 69 78 80 71 94 20 92 43 11 44 94 50 99
66 18 48 79 12 47 55 6 21 49 82 75 83 78 87 8 46 73 47 33
66 28 82 34 74 66 94 80 42 71 39 45 80 30 2 30 33 2 21 79
78 61 59 9 71 2 90 76 4 72 8 30 56 52 99 22 5 23 25 26
53 2 51 91 94 85 8 81 40 60 70 23 50 91 85 42 36 35 48 83
81 26 64 36 77 53 73 56 85 58 29 57 96 53 62 35 87 52 31 39
21 41 91 10 19 87 34 39 66 49 10 56 92 35 42 38 81 56 49 40
90 69 16 84 7 99 29 70 2 8 39 67 35 29 33 97 23 46 71 94
91 50 59 89 68 18 95 79 35 42 4 82 80 13 73 58 69 14 52 6
81 87 57 42 56 32 3 37 51 77 68 4 93 50 22 92 46 26 91 8
25 96 85 45 8 49 74 62 91 16 50 9 86 17 33 67 39 98 56 77
49 35 97 9 42 44 18 90 22 33 75 58 17 73 61 64 53 69 14 94
74 27 19 57 86 59 89 3 65 59 46 42 22 16 52 78 89 66 58 35
24 56 64 57 53 69 38 42 17 80 81 54 53 15 21 67 73 31 34 68
23 39 30 31 15 4 27 48 96 26 78 56 64 3 74 53 23 26 49 52
74 24 26 61 61 48 48 67 3 61 24 59 81 70 45 94 40 53 24 31
78 86 42 61 82 97 80 50 28 37 71 82 87 91 76 31 93 46 97 28
80 81 25 70 72 62 4 27 7 62 69 67 90 20 57 29 90 83 6 80
63 60 89 85 51 88 65 26 81 66 93 47 48 22 61 52 50 95 82 82
81 61 70 50 4 61 88 34 19 53 25 53 26 40 71 64 47 51 40 31
32 6 63 75 45 97 29 47 13 85 91 60 89 29 57 24 56 3 83 88
52 99 78 76 63 87 78 70 59 34 72 17 47 45 63 96 98 21 17 64
38 89 29 11 83 81 49 22 85 40 61 23 50 56 68 25 12 10 73 33
48 77 50 54 87 67 34 86 7 59 56 62 46 58 59 51 78 28 5 52
82 92 25 72 88 51 77 14 48 7 71 4 68 72 60 42 37 94 88 25
39 68 46 86 85 32 37 47 11 76 20 90 20 13 93 52 84 69 71 59
58 19 38 6 12 72 21 53 26 74 9 64 14 96 84 17 29 40 75 97
