200 20
30 55 35 32 33 31 39 40 37 25 44 39 33 46 35 27 36 29 22 47
32 46 43 26 15 24 28 26 29 26 32 18 33 22 31 30 33 44 22 20
49 56 56 61 56 70 71 60 66 57 60 72 51 52 55 41 51 51 73 50
52 24 32 33 48 49 40 33 44 34 28 38 47 51 25 31 50 36 21 34
73 69 55 71 58 53 68 67 60 64 77 81 73 76 56 71 72 57 53 53
91 94 93 88 89 95 92 91 91 88 91 83 89 82 95 95 84 93 85 97
69 86 78 69 86 57 72 63 85 57 76 60 69 83 74 82 87 84 71 60
71 81 80 67 77 73 73 70 78 82 82 81 77 88 65 70 60 73 75 76
79 63 92 80 76 74 88 72 75 72 83 78 71 65 62 78 56 80 59 72
45 49 49 45 38 51 57 22 46 31 58 40 49 44 59 48 54 56 68 57
40 53 46 48 37 66 30 45 49 70 73 79 42 51 67 44 42 72 27 62
60 84 61 49 62 67 62 62 61 49 71 53 66 66 67 77 73 58 79 38
60 38 64 57 44 42 38 51 29 15 35 18 31 38 39 25 27 40 40 37
16 23 24 10 17 29 21 14 15 17 5 22 8 8 27 11 30 19 28 16
52 48 59 34 53 54 56 64 77 34 50 39 31 55 48 48 52 59 60 41
74 78 32 55 50 77 68 53 44 58 62 55 60 52 58 57 44 42 68 43
91 88 83 84 81 77 80 75 82 92 88 65 89 93 93 85 93 93 77 82
72 71 79 73 76 80 79 89 75 58 81 73 57 65 72 70 56 75 69 62
13 14 17 8 4 14 9 8 4 8 4 36 14 23 6 8 7 3 7 18
53 41 59 67 42 61 67 72 35 53 53 70 63 72 44 68 54 34 49 44
57 58 47 45 41 27 39 39 33 28 42 35 37 32 35 26 45 26 28 42
57 56 59 55 63 51 46 66 48 47 49 53 53 54 45 52 62 56 42 50
4 17 9 6 9 10 8 8 12 8 9 9 8 9 20 13 4 8 13 21
7 5 13 11 26 23 10 13 10 13 20 13 22 19 13 17 15 18 14 12
57 28 25 57 62 43 48 47 58 46 39 39 32 36 48 31 68 50 37 72
81 87 51 58 83 75 71 71 61 67 56 73 76 70 79 73 74 77 74 46
76 58 66 53 61 79 66 71 74 72 56 70 48 71 80 61 62 67 72 65
40 52 52 57 45 60 68 62 78 48 49 73 62 30 54 50 56 62 40 45
32 36 42 71 43 39 55 53 26 51 55 45 62 38 39 43 46 56 37 55
38 41 29 14 50 20 25 28 18 19 36 29 47 35 21 26 16 23 34 17
3 9 10 10 10 6 5 6 13 5 7 11 5 12 10 10 16 11 4 6
69 92 85 87 78 85 81 74 87 79 91 83 95 88 74 88 93 88 83 73
27 25 14 25 18 22 12 14 27 12 25 34 28 30 21 14 32 25 15 34
23 30 43 46 17 30 27 60 59 42 31 38 46 43 35 35 33 47 29 22
67 47 40 32 48 34 67 60 52 59 46 65 42 48 55 40 67 50 46 60
5 5 18 7 10 6 4 6 14 4 5 6 4 6 5 7 7 9 7 7
5 5 3 5 3 5 12 4 7 3 7 6 2 4 2 3 4 4 3 4
40 13 24 14 34 23 47 22 23 14 32 26 29 25 40 46 22 24 15 23
68 64 70 71 50 78 58 48 60 58 58 69 48 71 82 68 79 62 57 78
6 5 5 4 8 4 10 4 7 11 8 6 11 7 9 11 6 8 10 4
2 2 2 2 4 2 7 4 3 2 5 2 2 5 2 4 3 2 7 3
31 64 38 19 56 38 16 53 43 38 47 48 34 61 41 21 43 50 33 40
23 6 11 10 5 24 12 7 5 15 15 6 24 12 12 12 7 13 9 20
38 30 15 14 38 9 37 17 24 25 18 22 35 36 24 37 14 26 14 17
43 60 70 69 61 52 60 59 62 67 51 55 47 61 54 50 56 57 68 67
97 88 94 95 95 93 91 93 97 94 96 98 92 95 90 95 96 93 96 95
20 16 23 12 10 13 21 18 27 12 20 12 19 12 12 9 6 10 11 16
64 67 66 73 81 82 67 64 60 56 67 69 34 71 88 91 84 74 70 57
48 56 37 47 53 63 57 48 68 31 44 46 54 72 62 52 40 73 66 44
77 63 66 80 43 64 69 68 82 84 58 61 52 74 45 68 44 59 63 68
82 88 86 81 85 88 82 89 85 95 70 86 84 94 88 88 85 86 88 83
93 67 71 86 93 81 93 84 93 80 89 93 84 88 91 93 95 80 72 84
11 36 12 31 6 32 23 8 25 22 29 17 25 11 11 14 30 17 26 24
17 15 6 4 7 5 6 6 5 3 3 5 3 5 11 3 4 6 7 5
68 49 55 62 71 73 57 52 85 63 73 70 64 77 56 61 73 74 46 66
30 61 42 33 44 44 52 28 30 26 48 35 49 60 39 28 42 50 47 52
27 24 35 66 23 32 39 29 48 41 18 40 39 16 27 19 24 39 44 28
8 15 21 9 7 15 17 9 11 9 12 20 9 7 12 9 8 11 8 21
86 87 90 94 71 93 91 94 88 95 89 88 88 90 88 88 84 82 94 86
72 41 47 60 70 65 74 48 68 39 49 57 37 57 68 68 34 57 69 65
89 77 79 76 73 85 84 89 87 95 90 85 88 72 86 88 82 79 92 81
57 66 69 52 55 49 51 66 59 55 80 42 59 69 67 69 59 67 58 70
18 25 23 34 20 13 33 18 39 15 14 17 46 20 36 30 11 42 38 20
27 35 20 33 16 25 18 34 37 26 10 10 20 17 27 20 10 12 38 16
58 62 68 76 73 78 69 53 66 75 65 63 58 71 34 61 50 72 53 93
3 8 5 9 4 8 3 3 5 14 4 5 6 2 2 6 4 2 2 4
7 18 7 14 12 8 7 8 6 20 10 7 16 10 11 13 11 14 11 7
40 55 58 68 46 71 62 54 44 49 45 54 65 52 68 44 64 77 20 54
31 46 32 36 47 37 36 38 40 40 18 29 40 40 30 42 37 33 34 26
80 74 56 47 71 49 69 67 72 49 83 62 44 74 52 73 73 61 62 71
94 73 71 82 85 84 77 85 68 92 78 88 65 75 66 88 87 64 82 93
48 37 37 37 39 27 11 30 37 21 50 19 23 43 34 20 48 41 25 47
92 80 89 90 94 80 84 78 90 88 90 95 92 81 86 90 93 94 95 91
64 85 80 83 82 87 70 85 78 87 88 56 84 86 88 83 94 83 90 90
12 10 5 8 8 3 10 11 9 8 5 22 4 16 6 10 10 10 7 12
10 17 17 11 19 28 30 15 15 11 16 16 10 28 20 30 19 29 26 20
21 39 23 18 25 38 16 30 20 48 11 29 30 32 13 17 28 17 16 7
83 88 83 65 59 84 66 83 83 87 72 70 62 72 91 86 88 72 72 58
34 38 23 32 42 41 34 40 29 39 59 53 41 49 24 60 58 39 50 51
16 26 16 10 16 18 6 15 12 10 10 21 8 24 18 10 9 5 18 6
57 39 42 28 53 49 32 43 39 58 38 57 32 30 31 30 47 31 43 46
40 20 66 37 63 25 39 33 45 34 46 24 28 27 51 64 51 63 28 40
76 85 80 83 85 91 82 76 75 73 87 76 86 90 90 77 87 82 70 75
6 2 5 2 4 2 5 3 3 4 2 2 2 2 2 2 9 4 4 2
56 64 63 20 63 61 63 61 49 50 47 63 71 57 41 71 59 53 80 43
63 80 57 67 79 45 39 78 62 50 51 69 63 71 47 69 54 57 51 84
4 9 13 6 11 11 24 4 3 5 22 11 13 6 5 13 8 8 3 6
97 98 98 99 99 96 96 94 99 96 92 99 97 97 94 95 98 99 99 97
73 54 70 87 64 81 71 58 84 64 82 77 84 69 72 75 86 61 74 85
67 48 61 60 76 53 44 63 74 67 51 43 77 63 86 62 61 48 67 67
26 40 31 25 23 23 23 35 25 22 25 17 27 21 39 43 29 31 30 17
38 55 67 44 47 46 45 67 75 45 57 73 49 58 37 56 55 61 41 52
99 97 98 99 99 98 98 97 98 99 98 93 98 99 99 99 98 99 98 99
19 19 23 23 22 28 20 14 14 21 29 20 19 17 19 14 22 14 28 22
75 53 69 64 63 56 81 64 75 57 73 59 81 52 74 79 71 60 79 65
68 80 68 68 74 70 78 75 72 58 86 66 73 65 65 69 59 71 47 91
52 58 40 54 63 55 51 62 65 46 57 43 69 65 41 70 57 56 62 34
33 31 22 48 20 31 5 46 36 14 23 29 29 41 40 25 24 27 34 27
80 84 87 90 83 76 75 88 77 85 91 74 74 74 91 73 82 79 86 74
28 13 19 27 10 18 21 24 34 15 14 33 14 31 13 37 26 28 32 21
67 72 61 87 88 84 72 70 85 76 92 73 73 73 75 64 68 69 80 74
94 94 96 98 94 97 96 93 90 97 95 95 95 97 95 99 91 96 93 92
82 77 80 73 78 73 75 84 87 82 81 91 79 89 86 88 78 76 85 84
86 91 96 91 95 91 92 88 84 97 88 95 90 94 79 97 90 82 93 87
46 40 45 36 44 38 52 37 38 48 49 55 52 50 40 36 67 26 47 41
53 75 67 80 72 84 53 90 79 59 52 84 75 59 77 55 61 80 46 65
51 58 46 40 51 37 38 41 54 34 49 43 49 48 74 46 67 73 79 56
37 31 25 37 47 41 37 27 22 42 33 51 16 24 23 32 23 42 34 32
57 65 76 58 69 51 74 84 49 63 75 62 63 61 69 90 71 72 76 74
7 13 11 8 7 19 13 10 5 7 4 11 17 25 16 26 14 10 22 12
30 34 39 36 36 39 21 43 45 24 30 47 68 30 36 22 36 46 64 50
99 97 99 97 99 96 96 99 99 97 96 97 95 99 96 99 99 98 98 96
75 62 58 58 69 70 69 62 73 50 77 72 51 71 59 76 52 83 72 78
91 86 80 95 86 91 87 82 94 92 91 88 87 79 91 88 74 93 88 88
43 22 17 24 37 24 27 42 11 42 15 36 35 27 16 22 29 25 23 51
87 79 79 73 74 89 75 89 88 82 77 77 66 70 71 87 90 77 85 84
3 2 4 2 3 2 3 2 2 3 3 2 2 3 2 2 3 3 2 2
8 22 8 12 13 17 12 12 15 13 15 14 5 12 23 18 16 19 22 9
64 90 85 95 87 92 78 92 85 83 91 83 89 91 88 83 88 92 91 89
85 82 81 95 79 80 90 88 84 86 75 94 92 72 93 82 85 87 87 62
31 34 58 48 63 31 31 56 58 54 64 40 38 30 45 61 58 54 54 45
90 87 78 77 90 78 87 86 90 81 94 89 83 81 79 90 81 87 90 90
20 27 24 39 43 35 28 48 39 35 39 43 58 31 17 48 56 29 30 22
36 20 14 30 9 24 24 31 27 26 17 33 29 23 28 27 26 33 44 23
54 56 47 48 36 60 23 74 50 54 41 45 45 34 46 39 51 33 45 45
17 23 13 12 34 19 16 10 9 17 26 17 9 13 35 23 14 22 18 14
19 19 9 17 18 14 15 14 18 32 22 20 22 21 27 13 21 11 14 24
88 93 88 96 93 92 96 87 83 96 85 94 85 95 94 91 92 85 94 88
24 8 22 14 16 11 21 40 17 9 8 17 21 8 11 27 15 18 14 43
6 5 6 4 4 9 4 2 2 5 7 7 11 14 8 4 4 8 16 7
31 38 37 37 39 43 44 36 36 34 36 55 43 43 32 49 42 54 25 46
93 90 95 95 83 96 95 93 95 61 72 93 82 90 87 93 95 89 92 80
90 86 89 79 83 76 76 86 88 78 70 87 87 76 76 75 93 92 86 85
55 74 88 51 65 58 64 78 70 61 82 61 63 53 72 80 79 82 70 78
8 5 6 5 10 7 9 4 6 10 5 5 2 3 6 10 3 4 7 8
9 7 24 18 14 21 30 22 22 41 23 21 25 35 7 25 21 32 11 17
32 31 22 21 28 38 15 27 40 41 21 16 23 12 37 17 28 37 25 24
3 5 2 4 6 3 4 4 4 3 2 2 4 3 4 3 3 3 3 4
19 8 5 26 7 16 22 21 9 14 17 9 14 15 11 5 14 10 6 27
78 67 81 47 77 67 79 74 72 59 62 56 84 63 68 57 53 72 58 64
55 59 38 43 40 62 44 53 58 50 46 39 48 44 45 54 45 39 48 54
36 41 40 39 60 26 33 55 47 55 28 36 17 24 43 62 36 42 27 50
16 9 8 9 12 9 17 23 11 10 9 13 16 11 17 7 8 6 17 10
25 21 26 27 28 28 14 46 16 17 19 30 11 40 17 20 24 15 25 20
89 93 81 77 80 81 93 90 85 90 87 87 90 94 81 87 90 88 77 95
71 74 54 60 36 67 77 74 64 69 65 48 79 66 47 73 86 79 78 84
76 72 78 73 59 88 68 75 62 60 69 81 83 80 61 76 60 59 76 68
40 35 46 32 25 24 32 41 49 47 26 45 35 47 26 21 31 26 51 26
40 30 37 40 43 47 34 28 35 35 38 23 31 21 38 45 24 24 33 44
96 94 95 90 98 98 94 96 96 98 97 93 98 98 99 95 90 94 93 95
55 56 57 61 66 52 50 47 55 68 39 55 43 38 28 42 49 43 60 53
94 79 84 60 80 93 84 93 75 85 85 93 77 89 84 93 77 84 86 92
39 55 56 42 48 38 48 32 43 38 47 33 51 35 58 53 66 47 34 42
40 51 42 38 37 49 61 36 57 36 66 36 55 60 55 44 54 66 79 64
84 91 88 86 94 88 75 92 82 84 90 81 89 97 93 89 69 90 93 85
15 41 45 25 46 36 38 41 56 49 51 30 32 32 27 21 40 46 54 39
42 46 67 51 61 45 55 54 42 45 47 47 63 83 50 55 60 57 40 34
91 79 88 78 90 78 84 86 83 73 80 76 85 67 75 55 60 74 69 75
14 32 20 12 15 21 18 28 14 9 30 31 22 10 11 37 24 11 11 11
58 76 64 43 45 73 45 45 47 63 64 58 58 35 86 47 56 35 65 49
25 35 37 59 35 19 22 24 22 30 20 31 38 19 30 38 36 31 37 40
81 54 66 67 75 76 65 66 74 72 84 83 83 81 73 87 62 83 81 89
2 2 3 3 4 4 2 2 2 2 4 2 10 3 6 5 2 3 2 3
77 92 83 93 90 92 97 91 88 81 91 93 92 88 84 95 87 87 94 92
99 99 99 99 99 99 99 99 99 99 99 99 99 99 99 99 99 99 99 99
99 98 99 99 98 98 98 98 99 99 98 98 98 97 98 98 99 99 99 99
3 2 5 2 4 3 6 2 2 2 3 2 2 2 2 2 3 2 6 2
49 64 45 39 62 62 45 63 37 70 47 57 56 64 35 37 48 69 68 59
16 24 24 19 15 23 29 41 37 31 19 18 17 41 21 32 14 35 23 29
69 49 79 76 42 65 62 53 65 70 66 79 66 65 64 60 60 73 44 56
47 46 42 38 60 56 41 63 49 47 53 48 50 41 44 67 60 50 55 66
87 95 89 84 81 85 86 87 79 69 68 90 70 79 82 86 72 90 72 85
74 72 86 73 66 75 70 85 75 88 75 82 71 59 82 90 81 89 80 74
28 14 19 32 25 34 18 48 32 44 49 45 29 37 51 30 31 34 62 18
56 38 63 66 49 42 47 52 49 77 56 59 49 39 46 57 66 44 75 44
3 3 4 4 4 2 4 4 2 2 3 3 3 3 5 2 4 2 3 3
4 6 3 6 7 2 13 9 6 4 3 2 2 6 4 4 7 9 7 4
66 54 49 39 87 79 54 72 53 71 67 69 45 65 64 78 68 59 76 68
81 89 90 93 85 93 94 89 83 92 76 86 78 81 78 68 79 87 88 84
82 83 87 72 76 93 86 91 58 88 80 85 77 89 81 81 84 82 85 81
77 73 69 74 70 58 70 75 62 80 61 40 51 63 54 77 90 65 60 67
43 77 69 66 77 58 70 71 62 75 54 52 50 55 70 87 73 71 69 68
19 14 22 14 7 10 20 23 11 13 11 18 15 27 19 16 21 12 14 21
29 33 32 24 41 24 37 41 41 27 37 23 37 42 33 24 38 42 60 33
85 85 80 80 63 74 78 82 71 81 67 82 84 81 68 68 70 66 80 80
43 21 52 35 42 25 37 23 47 38 30 37 28 12 31 24 34 16 29 52
19 23 19 32 10 15 17 12 17 8 16 19 15 12 19 13 19 13 17 38
42 70 29 46 34 57 46 48 41 39 51 57 29 61 58 45 38 45 33 31
5 6 10 5 4 14 15 9 12 21 26 23 17 8 9 15 6 12 10 13
20 24 39 27 43 27 32 31 42 29 13 55 19 21 20 34 43 18 36 21
51 45 47 82 46 64 75 64 46 44 36 82 72 56 63 61 54 65 39 61
74 78 61 63 87 46 58 67 67 49 58 58 76 78 65 81 70 70 74 71
67 82 71 76 82 80 82 73 59 79 75 66 88 76 87 72 75 75 75 75
12 7 5 7 10 3 4 7 6 10 5 6 6 8 5 11 5 10 8 3
29 35 41 33 28 39 27 41 29 42 23 30 48 40 35 33 36 54 43 28
74 71 79 86 79 78 73 75 79 71 87 84 87 89 78 86 68 88 78 80
25 11 13 16 9 14 17 25 5 23 13 12 23 16 19 17 9 16 21 20
34 54 57 21 22 45 41 46 24 39 33 42 48 51 36 27 52 30 31 32
41 61 68 39 39 49 49 20 39 27 52 51 53 47 46 59 27 62 49 52
46 54 81 69 66 69 74 48 60 53 53 49 54 43 35 44 47 54 46 57
