200 20
42 36 47 30 62 35 22 28 36 43 27 54 28 40 37 25 29 41 33 41
67 73 55 49 80 68 67 52 49 54 50 55 64 65 75 68 58 70 56 73
72 56 38 45 64 25 44 31 56 45 51 46 48 52 44 42 56 72 39 57
37 17 25 11 26 19 11 30 23 23 14 19 29 11 15 27 51 16 8 21
66 69 51 55 55 54 71 51 41 73 60 36 56 38 63 55 60 71 59 47
85 67 61 81 61 74 80 82 57 78 68 68 66 71 66 49 88 83 54 68
12 9 9 6 13 8 15 11 7 6 15 11 8 6 7 12 13 14 14 10
58 66 36 56 54 62 40 58 55 54 76 57 26 51 66 56 60 61 61 51
65 55 56 69 66 78 67 53 46 55 53 55 62 75 45 48 71 66 70 39
41 55 42 52 54 25 36 31 43 55 46 39 44 44 39 31 41 41 15 25
57 70 80 68 59 64 69 41 64 54 65 65 73 80 62 42 57 76 62 77
80 70 87 70 87 69 83 65 70 85 71 75 92 87 88 86 79 57 76 73
42 43 34 30 17 41 39 38 22 51 28 47 16 35 39 40 42 37 36 42
38 54 48 54 56 45 51 44 65 63 51 59 50 38 38 43 68 45 49 34
16 8 26 7 16 12 7 9 12 4 13 14 13 11 6 5 13 28 13 15
31 48 54 18 27 13 20 32 23 29 37 31 12 33 29 27 25 21 30 22
45 73 75 81 58 65 48 58 76 56 53 87 65 69 68 57 79 72 61 77
37 43 33 29 27 18 37 50 45 47 41 37 24 27 50 21 23 43 27 14
67 87 77 78 82 66 73 82 84 88 89 74 88 84 75 69 76 81 73 67
88 96 91 70 90 81 82 72 82 85 85 75 73 79 68 92 85 86 82 90
84 74 75 81 63 80 59 66 82 77 73 92 74 72 77 50 92 74 64 84
60 52 68 40 48 63 55 62 62 72 62 78 77 67 66 45 76 33 51 63
70 25 38 38 40 56 54 49 46 38 35 38 29 33 48 48 43 42 44 37
95 97 90 86 94 96 98 77 94 88 96 96 95 96 92 95 98 89 94 92
74 80 77 82 72 79 65 80 93 83 76 76 85 72 86 75 88 88 73 74
99 99 99 99 99 99 99 99 99 99 99 99 99 99 99 99 99 99 99 99
44 27 25 47 24 38 25 34 24 31 33 13 49 20 39 30 25 58 14 34
78 88 59 80 81 75 75 82 75 67 68 67 61 81 75 71 85 55 67 57
74 67 89 77 89 70 84 92 76 65 73 78 85 92 78 74 67 87 74 49
97 95 98 99 92 97 95 97 98 95 96 96 98 93 96 95 97 95 98 91
48 61 39 18 31 32 50 36 40 31 27 32 21 60 43 37 45 41 38 56
16 10 22 25 33 19 17 24 34 29 31 26 14 29 27 25 32 21 18 24
53 53 77 48 35 49 48 58 53 41 53 63 61 53 60 43 47 55 74 49
5 3 12 6 4 3 3 2 3 5 4 7 3 6 5 5 5 5 9 2
33 70 34 46 36 27 27 47 19 32 47 51 41 43 36 48 56 42 66 39
50 58 29 52 36 34 43 35 50 52 42 49 56 49 39 54 46 24 48 47
93 86 95 92 90 94 95 92 95 96 95 97 95 93 94 78 93 91 85 95
51 71 50 67 75 60 72 70 59 56 53 78 64 82 77 80 80 82 74 74
97 96 96 96 91 95 95 99 94 92 98 95 97 97 97 94 99 97 97 96
15 6 12 12 20 11 11 7 16 8 20 20 6 20 15 11 19 5 12 9
90 79 89 87 92 81 88 67 89 86 81 86 93 69 81 80 87 87 85 85
51 74 52 37 71 68 74 38 49 44 47 65 68 65 52 55 45 51 67 53
52 38 68 41 63 35 45 52 42 35 25 54 52 28 60 67 56 65 46 53
54 66 64 57 73 58 61 60 66 67 42 85 74 77 76 76 40 83 54 58
67 67 72 52 82 76 61 72 70 75 60 60 59 72 68 39 86 45 92 58
71 76 82 82 72 81 84 66 57 54 65 72 81 74 83 86 56 60 75 71
87 85 85 74 90 50 74 86 65 90 56 76 87 78 80 67 47 71 74 70
95 95 88 91 95 95 98 97 95 96 94 94 93 96 94 99 96 95 95 91
2 2 3 3 2 2 2 2 2 2 2 2 3 2 2 2 2 3 2 3
9 11 19 7 14 24 6 11 9 17 25 22 16 13 18 17 11 19 25 15
66 87 79 81 56 80 64 66 78 78 75 67 69 79 68 82 83 74 85 87
60 53 68 34 63 62 68 59 48 50 54 47 51 45 52 69 54 53 47 41
51 34 53 43 22 35 50 53 42 27 42 53 47 53 39 51 48 32 62 43
42 45 12 24 35 27 36 18 35 15 55 57 17 27 45 28 41 53 36 35
53 46 80 52 69 38 66 53 58 57 63 64 37 46 46 65 62 39 33 44
24 14 13 19 22 14 23 15 27 17 23 40 13 34 9 22 30 28 20 16
69 80 62 61 66 86 75 55 77 74 81 62 71 56 74 68 76 52 74 72
61 58 40 56 67 65 28 28 66 44 62 48 54 55 46 36 58 68 44 39
42 38 33 36 44 39 26 21 41 33 43 35 35 26 40 32 34 30 28 18
31 52 51 52 42 56 31 54 49 51 31 53 40 26 46 39 52 41 46 50
93 66 80 90 88 93 92 79 88 81 85 74 89 85 92 83 83 77 88 92
66 71 55 44 79 73 53 63 32 76 48 46 74 69 53 53 32 68 51 69
70 61 75 64 65 82 76 69 85 81 64 68 68 69 69 64 79 79 82 78
66 70 72 49 55 56 83 70 68 50 78 91 78 72 64 51 85 78 71 90
66 85 48 72 55 69 84 74 63 76 68 65 60 76 62 57 73 45 62 62
3 6 4 5 4 6 7 4 9 8 5 4 2 9 4 4 6 3 4 6
71 57 75 62 79 46 70 71 62 48 47 63 61 67 63 40 68 55 84 67
88 85 88 94 94 95 95 90 91 88 95 90 93 95 95 95 91 95 90 98
91 91 93 95 90 96 95 93 83 88 85 96 91 87 82 93 96 92 91 82
44 75 77 51 63 47 62 45 56 67 53 45 44 44 47 69 52 76 60 44
44 32 25 44 20 25 45 30 22 30 35 30 30 40 43 31 24 50 41 48
4 9 3 5 2 3 2 7 2 3 4 7 5 8 4 6 3 5 6 3
43 28 35 28 46 42 23 35 37 37 37 20 22 24 35 17 36 31 22 31
89 95 91 87 93 83 97 93 89 97 96 95 93 94 95 97 96 95 94 87
15 19 35 26 42 42 12 31 29 28 34 31 44 24 44 58 29 26 32 23
83 59 57 51 69 68 48 64 65 77 61 34 54 76 67 50 74 66 64 69
49 51 48 49 37 36 57 50 58 72 39 60 52 64 51 60 48 62 76 46
96 97 98 99 99 96 99 99 96 98 99 97 98 97 98 94 98 99 99 99
95 94 87 96 88 96 95 92 98 94 97 92 96 96 91 94 95 92 95 89
67 48 36 59 60 64 64 58 55 42 59 58 58 54 41 53 77 62 52 47
72 42 45 68 62 67 53 68 64 48 47 33 77 66 70 64 74 60 70 55
51 45 37 17 35 41 42 40 36 45 57 33 35 38 34 45 42 51 47 51
47 63 69 80 53 70 76 80 52 62 68 47 57 58 53 70 53 59 46 59
56 56 76 70 78 47 82 54 83 61 77 75 80 75 52 67 79 66 65 68
68 33 68 60 69 47 39 52 32 77 44 53 38 69 59 40 62 49 41 32
55 52 51 36 40 32 24 37 41 47 37 64 60 64 64 27 77 42 53 58
93 93 89 96 93 94 97 98 98 98 94 90 92 97 96 95 96 90 95 97
35 41 50 48 58 57 23 57 39 39 51 37 52 62 51 61 57 41 62 43
53 33 83 82 75 71 65 79 71 72 74 72 65 62 62 48 66 76 56 75
86 83 89 97 91 84 83 87 86 89 86 87 89 93 76 92 88 86 76 82
89 95 92 84 88 90 89 85 91 89 77 84 94 94 89 85 88 89 87 88
24 51 41 16 23 23 37 53 33 38 25 49 26 33 54 24 35 33 41 36
33 44 51 55 35 37 48 38 37 59 46 60 16 59 38 39 27 54 41 36
93 82 89 87 83 94 93 96 93 91 94 90 89 92 79 84 88 87 94 83
4 5 16 6 2 7 15 5 6 7 6 2 6 7 8 7 11 6 6 9
13 12 8 30 21 25 28 8 23 22 18 23 25 44 17 9 15 23 19 30
28 12 24 46 18 32 26 38 57 38 35 24 55 39 39 40 35 31 15 23
56 58 36 43 38 48 37 30 32 37 38 38 63 49 56 44 38 51 53 43
3 3 3 5 3 3 2 3 5 2 2 2 2 4 3 3 4 2 2 3
7 10 15 14 7 12 4 3 7 8 8 5 7 8 6 14 14 10 7 7
89 85 94 94 81 86 85 81 85 96 86 82 93 78 82 82 91 87 90 92
55 31 50 57 31 31 46 63 35 42 55 42 42 41 38 29 27 49 43 50
46 54 32 47 58 70 42 42 35 29 39 44 49 42 39 40 57 34 46 47
10 8 10 12 6 22 16 10 12 6 7 11 6 13 3 7 8 12 6 8
52 53 50 50 74 56 52 60 71 52 61 66 46 46 48 49 34 49 37 83
4 7 6 5 3 11 6 4 2 3 4 6 4 4 3 6 3 4 4 3
69 76 86 74 87 77 79 88 77 71 73 80 76 87 67 69 80 87 88 68
56 78 69 59 58 66 52 66 75 86 76 70 70 83 78 90 66 62 78 76
37 16 19 30 18 17 32 22 18 15 14 23 21 29 11 29 18 20 10 10
54 33 30 38 57 37 49 67 38 49 56 43 48 44 31 56 41 53 40 54
19 18 11 20 26 18 16 19 11 24 17 21 15 15 18 16 8 16 14 17
61 64 63 69 88 70 88 75 83 71 90 64 82 69 79 74 71 62 87 76
10 24 17 29 29 20 12 18 9 11 13 16 27 12 12 22 6 23 16 12
61 51 49 59 48 52 69 54 50 59 65 55 61 72 61 62 40 48 65 65
27 15 17 20 25 32 37 16 25 24 30 46 19 11 8 16 35 28 11 14
37 38 28 43 37 25 65 47 51 23 23 44 45 37 56 38 44 34 37 55
92 87 94 95 90 91 97 94 90 85 97 94 88 68 87 78 84 91 89 82
31 31 16 28 44 36 25 22 16 32 24 14 21 29 38 20 28 34 20 34
53 53 71 35 48 45 64 54 50 74 59 73 33 64 76 46 66 39 54 59
58 21 36 69 44 81 49 42 67 63 51 61 49 75 55 40 48 58 30 46
11 14 12 7 13 16 22 13 6 12 7 12 6 12 15 12 8 6 8 5
20 28 31 17 12 7 18 16 18 18 25 24 26 18 10 20 13 25 18 22
72 74 70 82 70 79 40 80 42 75 72 65 68 84 81 73 66 78 74 44
33 24 51 51 34 57 33 38 46 59 45 59 21 43 41 46 49 36 33 30
37 53 54 49 49 20 42 52 35 51 38 46 39 29 21 48 51 70 55 61
20 34 32 8 19 16 16 10 23 21 17 22 27 16 26 19 32 16 19 16
72 75 44 64 53 56 49 63 62 62 63 56 54 37 73 70 66 42 53 69
58 33 62 28 39 33 53 68 42 48 64 57 60 45 36 43 33 35 70 58
28 27 18 16 38 26 36 18 27 35 30 36 32 25 33 40 24 26 29 24
14 40 21 31 30 27 26 22 26 43 46 34 28 66 45 55 46 41 36 46
63 66 45 77 50 50 58 65 83 59 78 73 42 69 51 51 60 55 74 57
87 91 94 91 85 85 76 85 82 88 83 79 88 82 74 73 75 71 87 83
71 78 74 79 78 83 89 83 79 67 72 66 79 68 71 77 85 74 73 86
13 22 16 34 26 13 12 15 27 24 16 18 22 18 27 18 25 10 13 36
9 29 10 10 6 7 13 7 7 10 4 4 6 12 11 5 12 7 8 8
93 96 96 94 97 91 96 98 96 94 96 95 93 98 98 97 96 97 94 98
21 21 11 13 11 32 25 10 13 17 21 18 16 17 23 12 22 10 5 25
28 24 35 18 40 46 34 22 40 27 35 24 50 56 31 24 41 42 21 45
24 14 12 14 18 20 12 12 25 31 37 13 25 26 17 21 19 31 14 23
19 39 15 34 18 40 32 20 36 14 39 28 30 13 19 30 16 24 24 23
43 50 36 37 38 55 46 66 40 39 48 55 61 55 41 58 38 57 40 54
34 28 43 39 20 56 44 46 45 43 22 61 43 35 43 44 25 54 35 33
50 54 51 59 50 44 48 42 45 26 69 31 50 43 62 68 62 25 31 55
92 98 96 98 99 96 95 97 93 99 95 97 96 94 98 90 97 98 91 99
24 19 34 14 16 38 16 53 28 31 36 24 25 35 39 20 47 37 46 45
5 10 11 9 10 7 15 10 6 7 7 9 6 10 22 13 16 9 5 13
98 98 96 98 97 96 99 99 97 99 97 95 99 96 94 96 97 99 96 99
11 39 14 20 13 11 14 17 11 14 16 15 23 19 15 27 8 29 33 8
87 86 89 88 90 73 95 92 88 77 84 83 86 95 94 74 87 88 77 90
56 66 73 65 58 71 48 71 60 45 70 75 53 64 73 69 58 69 49 53
22 61 45 64 51 51 51 70 48 76 61 60 73 63 51 54 66 41 53 45
34 43 42 64 38 46 38 58 39 39 48 24 48 58 46 56 41 53 39 38
64 46 59 54 69 47 75 71 52 67 70 54 54 83 78 80 78 64 75 78
89 85 90 91 87 89 89 82 72 92 92 93 82 84 71 82 88 96 89 86
46 43 46 52 56 43 58 58 72 61 56 30 59 49 36 45 61 38 71 53
22 19 24 8 8 10 10 9 13 27 9 29 13 11 4 25 17 18 26 16
25 57 34 43 58 51 37 43 40 28 32 27 26 35 36 27 32 47 60 57
21 12 20 14 15 19 12 10 15 5 17 12 10 11 10 7 6 15 13 7
93 91 88 93 94 95 96 89 91 98 95 96 98 94 96 86 96 92 91 82
75 83 85 92 75 92 72 74 90 68 85 70 86 91 84 62 77 62 92 72
20 47 37 28 35 35 44 39 24 31 51 30 34 18 28 37 56 27 34 48
63 51 57 60 49 58 60 61 42 46 45 62 63 60 57 71 53 68 29 66
15 14 17 9 18 10 9 10 6 10 7 17 15 10 11 10 25 11 16 17
76 76 92 80 89 81 88 72 84 59 77 75 82 85 66 78 86 83 86 84
12 15 8 14 27 22 30 31 19 19 19 13 13 15 27 24 21 11 12 9
42 31 59 39 47 38 28 38 27 28 51 43 34 38 49 49 29 49 17 38
44 39 40 45 29 41 46 20 37 33 54 38 52 20 25 42 32 41 44 35
40 47 41 47 41 35 38 45 40 44 56 47 35 60 48 24 41 49 46 46
40 58 74 55 45 53 49 36 40 37 70 42 41 39 55 50 31 68 41 47
89 90 88 63 73 77 90 69 79 56 89 59 83 82 75 71 86 79 84 88
59 63 69 65 53 52 65 40 59 73 35 53 59 68 65 52 68 58 71 71
9 7 5 5 7 10 3 5 4 5 5 5 8 7 4 9 12 3 6 3
63 55 87 78 71 60 86 72 81 82 64 76 73 53 88 73 73 85 86 74
70 62 78 66 72 51 69 66 85 71 50 66 74 76 58 59 63 67 47 54
8 6 6 6 4 5 5 4 6 5 5 8 9 5 6 12 6 3 10 2
65 79 67 90 79 35 69 55 78 55 61 76 71 64 71 51 70 57 74 62
70 82 78 80 87 51 80 73 78 78 81 69 73 55 80 87 67 79 67 90
22 22 7 10 14 13 16 14 13 29 20 17 5 10 12 19 11 21 16 37
2 2 2 3 2 2 3 2 4 2 5 3 2 3 2 2 2 4 3 2
19 14 16 16 26 10 19 6 14 13 9 19 29 21 20 26 13 22 17 11
65 68 71 67 54 85 58 68 58 55 62 63 63 72 73 53 62 70 68 53
21 29 32 31 34 34 36 38 50 17 22 27 33 22 30 19 36 38 24 20
52 60 62 74 81 73 78 71 83 81 77 76 69 78 78 69 50 74 90 61
4 3 4 4 3 4 7 5 3 5 3 5 6 4 8 6 4 2 3 5
16 35 13 18 7 16 14 20 31 28 16 44 30 18 31 9 20 36 28 25
31 11 10 13 4 11 13 16 8 9 21 10 9 19 19 11 16 22 10 9
73 75 88 82 80 53 79 73 71 83 69 77 83 88 88 71 73 75 86 88
99 99 99 99 99 99 99 99 99 99 99 99 99 97 99 99 99 99 99 99
98 98 97 99 99 97 99 96 98 97 98 94 99 99 97 98 98 98 95 97
28 49 42 42 49 36 43 39 48 57 29 16 43 45 22 47 50 38 26 62
90 94 93 89 90 93 92 95 92 94 94 97 86 93 96 95 87 95 89 91
2 9 7 5 4 3 4 4 2 3 3 7 4 3 5 3 5 7 5 7
6 11 14 13 20 18 13 7 10 4 6 18 11 6 6 5 8 10 3 7
87 89 95 90 96 95 87 92 80 91 75 98 89 91 94 96 91 86 93 83
53 52 60 57 51 56 65 56 80 35 49 59 37 60 68 47 73 65 40 66
73 54 59 56 53 70 72 57 70 69 68 84 62 67 69 74 78 64 72 57
60 29 50 44 47 49 53 41 61 64 61 38 49 74 57 52 45 59 35 58
67 67 55 69 59 64 51 51 66 63 40 51 47 59 61 56 50 37 70 36
25 60 37 54 44 32 60 22 43 54 43 30 47 52 24 72 37 56 53 45
17 30 27 32 34 36 13 8 13 29 15 27 37 22 25 33 32 17 38 22
