100 20
79 67 48 62 59 45 86 44 72 59 54 78 84 62 55 43 83 76 49 60
89 92 87 89 82 93 89 90 86 89 90 93 96 89 94 90 88 83 85 94
16 17 21 28 19 14 32 7 15 17 38 27 4 33 20 26 26 36 12 30
98 99 99 98 98 98 99 99 99 99 99 99 99 99 99 99 98 99 99 97
70 85 62 92 88 72 70 77 65 66 79 87 86 81 91 78 74 85 74 72
76 79 68 79 63 75 79 94 65 67 74 69 56 75 55 71 67 66 69 76
29 64 62 48 38 50 68 41 33 41 45 27 36 41 31 43 31 20 33 32
24 33 31 21 34 50 21 48 26 42 24 24 20 43 40 24 19 16 38 36
60 71 66 62 63 53 67 44 49 71 56 65 74 62 66 66 77 74 51 63
99 99 98 99 98 99 99 99 98 99 99 99 99 99 99 98 99 99 99 99
17 18 27 38 28 17 20 28 32 17 11 17 30 27 13 27 19 22 24 22
9 20 7 10 9 20 21 19 12 8 16 27 7 9 22 17 10 20 14 12
59 54 50 67 72 58 72 66 82 54 60 55 62 59 56 68 69 51 70 65
66 55 60 72 81 74 85 81 71 64 69 40 64 52 59 74 84 67 60 75
42 20 23 22 26 43 47 32 29 42 38 35 23 37 38 19 31 55 26 50
59 60 61 79 84 44 83 65 46 63 68 59 61 56 66 61 62 72 56 57
66 75 81 69 88 65 71 77 74 92 74 83 86 72 74 75 87 75 77 86
83 82 83 62 54 82 67 81 75 70 88 60 62 78 81 81 72 59 65 77
49 66 60 56 82 58 70 75 78 65 86 61 57 60 58 79 81 86 71 75
37 11 16 28 23 6 18 19 19 20 34 15 23 12 25 25 11 27 20 15
9 13 20 18 28 11 37 26 25 25 21 20 15 28 27 18 14 6 31 10
11 22 8 8 10 12 12 7 9 9 16 22 9 7 11 7 12 20 9 7
44 59 39 50 48 49 64 54 46 62 65 42 43 58 62 49 37 51 52 47
69 87 77 73 70 89 65 82 78 69 74 76 63 89 74 67 76 84 80 76
15 35 30 31 11 19 20 26 11 13 18 12 18 30 31 26 20 21 11 15
82 66 82 76 61 70 71 65 78 74 87 53 73 89 75 74 80 79 72 75
87 85 82 84 83 83 89 82 88 96 88 77 77 76 88 91 88 76 80 85
97 99 99 96 98 95 98 97 99 95 98 99 96 97 98 97 94 99 97 98
43 16 51 42 59 13 53 48 64 38 36 43 39 47 45 41 39 39 34 58
66 78 75 53 78 70 75 73 67 74 62 82 76 77 67 67 72 65 79 69
13 27 16 17 24 25 13 7 7 19 8 15 48 30 24 19 27 5 18 18
89 85 93 83 96 87 91 86 88 94 92 95 93 91 97 94 91 86 91 88
95 92 95 92 91 97 90 91 92 96 95 87 98 92 95 93 83 96 83 87
46 64 30 52 35 37 45 40 26 42 40 34 74 55 43 32 25 55 43 26
14 21 10 12 10 18 13 9 8 11 13 11 17 28 19 21 13 19 14 13
11 3 5 6 11 10 13 12 8 14 7 7 5 7 8 15 5 3 8 5
10 6 22 26 16 10 15 16 12 10 24 22 15 5 16 25 15 11 19 19
9 18 18 15 22 18 15 19 13 26 24 35 15 7 20 15 9 14 7 23
79 79 66 81 84 89 90 75 55 75 73 86 79 58 88 87 67 58 80 78
52 49 64 62 67 66 65 38 57 54 42 62 41 53 70 67 50 75 62 67
85 78 74 70 81 85 95 97 93 75 80 79 82 75 69 94 76 75 88 86
97 93 97 98 96 96 98 96 98 90 97 94 96 93 98 98 96 97 98 96
98 99 99 99 99 98 98 99 98 98 98 99 98 97 99 97 99 98 97 97
40 47 54 43 34 52 37 14 37 30 46 20 32 39 47 28 46 33 48 24
69 30 37 34 48 30 40 38 36 31 50 32 24 25 19 49 35 39 29 44
41 32 48 55 42 43 46 30 63 47 63 62 83 39 47 53 60 43 53 48
25 28 45 25 23 29 41 44 44 26 27 29 34 13 42 46 30 20 31 48
84 87 85 71 90 86 77 80 86 85 81 79 68 87 76 93 84 78 84 74
26 50 34 23 20 30 19 32 25 23 39 13 42 31 30 22 10 27 19 23
57 79 71 71 82 80 83 74 86 86 76 67 76 90 87 80 78 91 76 67
88 73 89 82 95 92 88 84 82 90 82 94 96 86 80 90 75 88 80 80
75 58 72 83 71 88 81 85 78 85 87 65 67 79 84 83 80 82 80 86
49 67 73 68 85 72 49 71 80 90 76 67 73 80 63 69 64 71 57 64
42 18 20 21 19 20 21 39 32 25 25 17 28 26 40 24 57 24 30 16
34 50 34 28 25 15 30 35 40 51 25 33 27 42 25 34 28 34 66 30
97 85 93 98 94 94 94 90 89 92 96 94 98 97 89 97 96 87 93 93
64 79 76 76 78 78 83 55 71 75 69 86 73 77 81 69 83 69 71 77
50 38 59 18 55 49 35 63 65 52 63 54 56 64 53 55 63 57 55 69
77 80 88 86 80 60 89 67 76 49 75 62 69 76 66 74 70 65 91 74
18 13 17 25 13 32 8 33 19 18 22 16 28 26 23 20 12 34 17 18
97 96 88 95 92 81 97 97 86 98 94 95 97 92 94 79 97 96 97 93
10 13 15 17 7 14 18 26 7 9 33 12 11 21 18 11 17 9 13 18
27 22 19 37 33 32 46 39 39 29 42 52 35 20 41 19 30 25 41 38
51 34 31 34 45 38 29 28 28 22 32 42 32 24 21 27 26 30 39 23
52 47 26 43 37 30 59 50 60 37 41 34 72 46 40 41 34 30 43 56
25 43 32 22 13 32 35 21 18 18 29 26 19 23 17 20 30 25 29 33
37 51 24 26 43 37 29 28 29 40 28 22 29 34 24 29 21 34 29 15
45 43 56 71 61 41 58 53 63 59 74 66 36 37 46 39 32 31 21 37
88 81 75 79 71 76 68 88 79 86 89 75 82 82 69 80 87 82 85 72
61 66 65 75 83 44 60 50 70 64 68 59 65 62 57 65 68 57 50 48
83 71 66 59 79 82 85 77 77 66 71 64 46 79 89 78 81 80 84 82
78 65 73 59 60 68 75 85 59 54 60 79 67 77 68 69 77 70 67 80
57 45 55 53 39 45 63 48 55 43 33 62 52 32 37 50 67 44 31 50
26 12 28 27 17 20 20 15 22 45 22 32 23 25 25 14 18 30 24 17
98 96 96 95 96 91 91 98 99 93 96 97 88 96 94 92 98 89 89 97
45 36 58 33 55 27 49 26 24 57 44 36 58 59 45 58 24 51 30 26
32 41 20 17 18 15 20 20 19 16 21 17 20 25 16 19 17 24 27 16
6 16 6 14 9 5 7 5 7 7 10 12 12 6 7 5 7 8 15 10
43 28 44 39 39 52 38 48 38 35 31 38 33 36 46 45 44 73 57 33
25 32 16 21 25 25 17 26 31 23 26 32 12 26 15 33 21 28 29 23
45 37 49 37 44 21 28 38 33 48 30 35 23 26 34 58 36 47 38 53
53 46 62 52 62 56 67 58 64 49 37 65 78 60 57 70 30 76 70 68
91 88 89 85 86 83 90 86 76 82 66 64 88 90 95 74 85 81 80 82
61 46 52 44 44 28 37 50 33 46 30 38 33 35 49 32 38 47 49 35
55 51 64 60 73 52 51 41 59 58 52 57 54 62 42 54 58 57 66 61
79 92 94 65 82 87 89 88 78 83 83 88 94 88 96 89 73 79 78 95
56 46 41 51 25 57 65 39 40 48 29 19 37 28 47 42 35 45 35 29
93 90 96 90 91 91 79 89 94 89 90 85 91 87 87 94 91 86 75 88
40 19 13 23 17 22 12 30 26 14 7 12 16 14 17 11 12 17 32 31
83 72 88 72 86 91 67 92 76 72 62 84 77 61 81 69 85 82 69 82
83 92 82 68 82 77 60 72 84 70 79 78 84 71 81 74 64 84 78 94
98 98 88 95 95 94 97 95 95 82 95 91 86 96 90 95 96 98 98 94
89 87 85 79 91 85 81 85 92 82 79 71 84 88 72 80 71 65 83 79
7 10 4 5 10 8 8 11 6 5 8 9 5 9 5 11 10 12 5 6
27 19 11 19 25 28 16 21 31 17 26 11 18 9 22 9 28 17 13 21
43 69 35 60 69 45 37 53 52 41 34 66 68 43 62 57 64 62 71 48
23 30 18 40 39 25 29 32 49 22 26 44 31 24 20 58 25 33 51 22
57 74 59 69 86 79 73 60 38 69 61 65 82 79 50 67 62 67 81 62
48 66 69 82 81 53 75 53 61 73 53 37 50 40 47 62 51 48 56 49
89 82 79 80 75 86 85 81 72 81 81 84 83 83 92 79 79 77 86 76
